0.40845221 0.60931410 0.69281990
0.40845221 0.56382839 0.62812542
0.40845221 0.53961395 0.59088903
0.40254671 0.51086701 0.56386171
0.39544157 0.49547647 0.53887998
0.39009493 0.48565844 0.53135236
0.39009493 0.47252046 0.51449548
0.39009493 0.46276147 0.50141334
0.36761047 0.45204187 0.48849670
0.36761047 0.44264252 0.47720903
0.35986557 0.41901555 0.45210722
0.33704369 0.41164612 0.44169399
0.33704369 0.40218472 0.42925309
0.33704369 0.39791518 0.42041651
0.33704369 0.39529198 0.41474382
0.33704369 0.38887129 0.40911114
0.33704369 0.38306238 0.40388282
0.30979873 0.38025210 0.39775925
0.30979873 0.37643729 0.39397046
0.30979873 0.37318317 0.39178157
0.31702109 0.37225269 0.39275309
0.31702109 0.36907561 0.38535804
0.31702109 0.36627623 0.38120270
0.31702109 0.36242552 0.37773772
0.31702109 0.35875524 0.37439452
0.31702109 0.35541879 0.37222839
0.31702109 0.35284186 0.36861601
0.31210314 0.34994211 0.36637258
0.31210314 0.34693093 0.36334934
0.31210314 0.34449895 0.36051504
0.31635017 0.34956800 0.36725591
0.31635017 0.34598186 0.36098497
0.31635017 0.34425646 0.35645164
0.31635017 0.34194735 0.35404585
0.31635017 0.34004831 0.35149782
0.31635017 0.33834448 0.34826270
0.30899048 0.33578380 0.34687654
0.30899048 0.33434491 0.34397872
0.30899048 0.33372676 0.34309014
0.30899048 0.33232931 0.34133588
0.29840271 0.32611210 0.33732041
0.29770650 0.32414731 0.33578855
0.29770650 0.32319859 0.33394814
0.29770650 0.32174535 0.33162941
0.29770650 0.32097645 0.33104353
0.28353245 0.31930970 0.32983856
0.28353245 0.31769601 0.32695280
0.28353245 0.31621867 0.32531271
0.28353245 0.31553335 0.32447775
0.28353245 0.31455733 0.32350612
0.27940135 0.31074789 0.32295712
0.27940135 0.30947552 0.32077394
0.27940135 0.30801793 0.31778705
0.27940135 0.30730921 0.31687771
0.27940135 0.30632882 0.31562051
0.27940135 0.30564682 0.31364531
0.27940135 0.30505153 0.31225114
0.27940135 0.30440309 0.31142787
0.27940135 0.30378068 0.31102024
0.27940135 0.30335099 0.31020961
0.29044166 0.31691697 0.32680241
0.29044166 0.31630749 0.32435984
0.29044166 0.31510215 0.32361877
0.29044166 0.31388779 0.32247896
0.29044166 0.31291945 0.32074509
0.29044166 0.31168754 0.31929250
0.29044166 0.31057377 0.31787478
0.29044166 0.31027283 0.31738564
0.29044166 0.30948979 0.31535674
0.29044166 0.30902823 0.31513836
0.29074408 0.30541634 0.31481768
0.29074408 0.30412787 0.31161374
0.28834772 0.30315470 0.30962658
0.28834772 0.30171163 0.30818626
0.28834772 0.30041780 0.30696920
0.28660340 0.29974174 0.30518187
0.28660340 0.29923212 0.30405198
0.28660340 0.29865231 0.30291246
0.28660340 0.29804122 0.30217486
0.28660340 0.29763007 0.30168545
0.27807586 0.28842274 0.29456223
0.27807586 0.28806103 0.29312439
0.27603516 0.28748948 0.29221635
0.27603516 0.28699239 0.29135787
0.27603516 0.28658015 0.29055999
0.27603516 0.28611235 0.28971795
0.27603516 0.28598581 0.28926144
0.27603516 0.28561499 0.28897445
0.27603516 0.28525475 0.28835183
0.27603516 0.28507890 0.28792109
0.28536512 0.29533547 0.30068995
0.28536512 0.29457754 0.29890383
0.28427827 0.29394922 0.29824947
0.28427827 0.29320541 0.29752600
0.28427827 0.29297894 0.29713527
0.28427827 0.29253430 0.29637420
0.28427827 0.29182762 0.29538113
0.28427827 0.29146852 0.29492318
0.28427827 0.29109614 0.29427069
0.28427827 0.29088170 0.29390601
0.28751103 0.29429223 0.29887493
0.28751103 0.29373629 0.29793052
0.28380277 0.29300806 0.29688891
0.28166438 0.29256487 0.29630042
0.28166438 0.29213377 0.29578124
0.28166438 0.29187513 0.29522539
0.28166438 0.29153763 0.29450159
0.28166438 0.29126344 0.29414871
0.28166438 0.29087168 0.29389943
0.28166438 0.29054817 0.29337194
0.27161681 0.28375492 0.29041676
0.27161681 0.28320174 0.28906794
0.27161681 0.28258064 0.28703150
0.27161681 0.28205901 0.28623964
0.27161681 0.28167526 0.28547628
0.27161681 0.28111713 0.28463558
0.27161681 0.28088157 0.28432149
0.27161681 0.28057119 0.28364839
0.27161681 0.28033192 0.28315180
0.27161681 0.27995304 0.28265380
0.27263441 0.27860937 0.28319646
0.27263441 0.27816617 0.28189844
0.27263441 0.27792679 0.28104064
0.27263441 0.27769983 0.28044959
0.27263441 0.27754912 0.28017097
0.27216410 0.27719304 0.27976788
0.27216410 0.27706935 0.27934851
0.27216410 0.27694434 0.27923518
0.27216410 0.27674094 0.27903512
0.27216410 0.27660528 0.27869950
0.27568175 0.27987395 0.28349152
0.27568175 0.27951952 0.28240923
0.27553160 0.27931189 0.28206440
0.27553160 0.27912888 0.28157768
0.27553160 0.27896762 0.28131885
0.27553160 0.27879243 0.28070390
0.27553160 0.27867598 0.28043843
0.27553160 0.27847694 0.28014468
0.27358361 0.27819505 0.27974965
0.27358361 0.27811526 0.27972532
0.27398954 0.28009924 0.28444188
0.27294338 0.27954251 0.28277569
0.27294338 0.27934007 0.28240146
0.27294338 0.27900185 0.28190185
0.27294338 0.27879557 0.28136853
0.27294338 0.27851713 0.28077752
0.27294338 0.27844897 0.28047882
0.27294338 0.27829149 0.28026927
0.27294338 0.27815465 0.28008464
0.27294338 0.27801640 0.28001288
0.27193551 0.27648613 0.27984475
0.27193551 0.27628600 0.27904407
0.27193551 0.27608311 0.27842699
0.27193551 0.27596014 0.27815256
0.27107672 0.27566045 0.27771227
0.27107672 0.27554907 0.27754275
0.27107672 0.27547979 0.27742989
0.27107672 0.27540011 0.27719681
0.27107672 0.27522899 0.27699830
0.27107672 0.27509122 0.27684675
0.27554588 0.28100249 0.28470097
0.27554588 0.28056331 0.28366935
0.27554588 0.28034522 0.28294466
0.27542737 0.28013895 0.28273950
0.27542737 0.28002417 0.28257918
0.27542737 0.27994104 0.28235094
0.27542737 0.27983146 0.28201846
0.27542737 0.27970605 0.28176850
0.27542737 0.27954404 0.28143085
0.27542737 0.27948413 0.28137424
0.27216320 0.27724536 0.28077343
0.27216320 0.27701625 0.28005502
0.27216320 0.27671338 0.27914235
0.27216320 0.27646081 0.27855311
0.27216320 0.27627530 0.27806778
0.27160164 0.27606761 0.27789849
0.27111827 0.27578772 0.27745120
0.27111827 0.27572076 0.27726968
0.27111827 0.27557636 0.27710230
0.27111827 0.27546083 0.27694787
0.27833422 0.28444856 0.28836060
0.27833422 0.28423926 0.28791655
0.27833422 0.28409368 0.28661051
0.27833422 0.28402063 0.28641338
0.27833422 0.28377939 0.28601715
0.27833422 0.28363617 0.28596494
0.27833422 0.28343960 0.28578279
0.27833422 0.28317426 0.28521063
0.27833422 0.28299162 0.28501356
0.27833422 0.28292056 0.28471923
0.26880260 0.27283849 0.27570538
0.26880260 0.27268757 0.27492224
0.26880260 0.27259113 0.27457247
0.26880260 0.27250751 0.27446667
0.26880260 0.27239542 0.27407351
0.26880260 0.27222054 0.27381375
0.26781750 0.27204718 0.27369028
0.26781750 0.27193462 0.27354398
0.26781750 0.27184484 0.27336346
0.26781750 0.27178706 0.27327294
0.27501902 0.27927663 0.28274894
0.27501902 0.27896616 0.28156104
0.27501902 0.27874307 0.28099737
0.27501902 0.27864220 0.28078091
0.27501902 0.27853707 0.28051262
0.27501902 0.27846050 0.28031870
0.27501902 0.27832948 0.28007937
0.27501902 0.27822937 0.27976002
0.27472479 0.27814065 0.27956240
0.27288201 0.27799096 0.27938228
0.27393066 0.28306185 0.28663837
0.27393066 0.28278313 0.28577012
0.27393066 0.28259781 0.28534608
0.27393066 0.28232092 0.28467636
0.27393066 0.28216131 0.28418294
0.27393066 0.28205223 0.28403536
0.27393066 0.28192311 0.28377279
0.27393066 0.28186114 0.28363509
0.27393066 0.28175962 0.28349977
0.27393066 0.28167135 0.28337309
0.27314819 0.27800684 0.28023128
0.27314819 0.27790263 0.28008321
0.27314819 0.27780634 0.27975615
0.27314819 0.27770607 0.27928664
0.27314819 0.27762242 0.27918703
0.27314819 0.27753497 0.27912438
0.27314819 0.27743284 0.27896823
0.27314819 0.27739278 0.27884551
0.27314819 0.27729631 0.27867642
0.27314819 0.27721461 0.27866179
0.26188299 0.26723185 0.26930289
0.26188299 0.26711751 0.26891986
0.26188299 0.26703131 0.26870077
0.26188299 0.26689762 0.26825589
0.26188299 0.26680935 0.26812948
0.26188299 0.26675234 0.26802315
0.26188299 0.26670958 0.26800014
0.26188299 0.26665943 0.26790709
0.26188299 0.26660262 0.26783329
0.26188299 0.26656385 0.26776463
0.27494383 0.27952395 0.28202875
0.27494383 0.27930987 0.28120687
0.27494383 0.27921023 0.28111518
0.27494383 0.27905489 0.28073503
0.27494383 0.27894040 0.28046660
0.27494383 0.27881940 0.28018313
0.27494383 0.27877008 0.28009790
0.27494383 0.27868178 0.27984952
0.27494383 0.27860958 0.27972575
0.27494383 0.27856757 0.27962659
0.26227600 0.26724399 0.26948861
0.26227600 0.26712748 0.26894711
0.26227600 0.26701296 0.26848060
0.26227600 0.26691929 0.26833404
0.26227600 0.26683265 0.26823349
0.26227600 0.26675356 0.26808552
0.26227600 0.26664985 0.26778448
0.26227600 0.26656156 0.26770121
0.26227600 0.26648876 0.26758465
0.26227600 0.26648298 0.26756557
0.26517114 0.26976277 0.27385333
0.26517114 0.26946044 0.27223347
0.26517114 0.26938518 0.27172062
0.26517114 0.26927769 0.27146315
0.26517114 0.26912583 0.27115220
0.26517114 0.26896321 0.27095856
0.26517114 0.26886653 0.27075847
0.26517114 0.26876158 0.27061451
0.26517114 0.26869010 0.27056796
0.26517114 0.26861916 0.27036480
0.26615929 0.27305218 0.27617513
0.26615929 0.27288310 0.27539769
0.26615929 0.27276109 0.27493619
0.26615929 0.27262114 0.27444636
0.26615929 0.27250252 0.27429872
0.26615929 0.27243360 0.27410538
0.26615929 0.27237482 0.27406047
0.26615929 0.27227743 0.27381264
0.26615929 0.27223506 0.27366649
0.26615929 0.27216665 0.27361635
0.27133423 0.27645620 0.27993534
0.27133423 0.27632659 0.27917624
0.27133423 0.27610162 0.27850957
0.27133423 0.27600372 0.27839515
0.27133423 0.27582705 0.27806148
0.27133423 0.27565323 0.27769540
0.27133423 0.27553475 0.27739014
0.27133423 0.27546865 0.27732109
0.27133423 0.27534490 0.27701312
0.27133423 0.27528924 0.27680298
0.26415078 0.26804666 0.27133818
0.26415078 0.26785786 0.27054170
0.26415078 0.26770396 0.27018066
0.26415078 0.26757231 0.26975656
0.26415078 0.26741875 0.26922911
0.26415078 0.26733295 0.26902170
0.26415078 0.26726808 0.26871366
0.26397724 0.26718410 0.26853769
0.26397724 0.26709363 0.26828771
0.26397724 0.26697714 0.26822369
