[ 0,  0,  0,  0,  0,  0,  0, 13,  0,  0, 11,  0,  0,  0,  0,  0,  0,  0,  1,  0,  0,  0,  0,  0, ],
[ 0,  0,  0,  0,  0,  0,  0,  0,  0,  0,  0,  0,  7,  0,  0,  0,  0,  0,  0,  0,  0,  0,  0,  0, ],
[ 0,  2,  0,  0,  0,  0,  0,  0,  0,  0,  0,  0,  6,  0,  0,  0,  0,  0,  0,  0,  0,  0,  0,  4, ],
[ 0,  0,  0,  0,  0,  0,  0,  0,  0,  0,  4,  0,  0,  0,  0,  0,  0,  0,  0,  0,  0,  0,  0,  0, ],
[ 0, 11,  0, 12,  0,  0,  0,  0,  0,  0,  0,  0,  4, 11,  0,  0,  0,  0,  0,  0,  0,  0,  0,  0, ],
[ 0,  0,  0,  0,  0,  0,  0,  0,  0,  0,  0,  0,  0,  0,  0,  0,  0,  0,  0,  0,  0,  0,  4,  0, ],
[ 0,  0,  0,  0,  0,  0,  0,  0,  0,  0,  0,  0, 11,  0,  0,  0,  0,  0,  0,  0, 12,  0,  0,  0, ],
[ 0,  0, 14,  0,  0,  0,  0,  0,  0,  0,  0,  0,  0,  0,  0,  0,  0,  0,  0,  0,  0,  0,  0,  0, ],
[ 0,  0,  0,  0,  0,  0,  2,  0,  0,  0,  0,  0,  1,  3,  0,  0,  0,  0,  7,  0,  0,  0,  0,  0, ],
[ 0,  0,  4,  0,  0,  3,  0,  0,  0,  0,  0, 13,  0,  0,  0,  0,  0,  2,  0,  0,  0,  0,  0,  0, ],
[ 2,  0,  0,  0,  0,  0,  0,  0,  0,  0,  0,  1,  2,  0,  0,  0,  0,  0,  0,  0,  0,  0,  0,  0, ],
[ 0,  0,  0,  0,  8, 12,  0, 11,  0,  0,  0,  0,  2,  0,  0,  0,  0,  0,  0,  0,  0,  8,  0,  0, ],
[ 0,  0,  0,  0,  0,  0,  0,  0,  0,  0,  2,  1,  0,  0,  0,  0,  0,  0,  1,  0,  0,  0,  0,  0, ],
[ 0,  0,  0,  0,  0,  0,  0,  0,  0,  0,  0,  0,  0,  0,  2,  0,  0,  0,  0,  0,  0,  0,  0,  0, ],
[ 0,  0,  0,  0,  0, 12,  0,  0,  0,  0,  0,  0,  0,  0,  0,  0,  0,  0,  0,  0,  0,  0, 12,  0, ],
[ 0,  0,  0,  0,  0,  0,  0,  0,  0,  0,  0,  0,  0,  0,  2,  0,  9,  0,  0,  0,  0,  0,  0,  0, ],
[ 0,  0,  0,  0,  0,  0,  8,  8,  0,  0,  0,  0,  0,  7,  0,  0,  0,  2,  2,  0,  0,  0,  0,  0, ],
[ 0,  0,  0,  0,  0,  0,  0,  0,  0,  0,  0,  0,  0, 13,  0,  0,  0,  1,  0,  0,  0,  0,  0,  0, ],
[13,  0,  0,  0,  0,  0,  0,  0,  0,  0,  0,  0,  0,  0,  2,  0,  0,  0,  0,  0,  0,  0,  0,  0, ],
[ 9,  0,  0,  0,  1,  0,  0,  0,  0,  0,  0,  0,  0,  0,  0,  0,  0,  0,  0,  0,  0,  0,  0,  0, ],
[ 0,  0,  0,  0,  0,  0,  0,  0, 13,  0,  0,  0, 13,  0,  0,  0,  0,  0,  0,  0,  0,  0,  7,  0, ],
[ 0,  0,  0,  0,  0, 13,  0,  0,  0,  0,  0,  0,  7,  0,  0,  3,  0,  0,  0,  0,  0,  0,  0,  0, ],
[ 0,  0,  0,  0,  0,  0,  0,  8,  0,  0,  0, 12, 13,  0,  0,  1,  0,  0,  0,  0,  0,  0,  0,  0, ],
[ 0,  0,  0,  0,  0,  9,  2,  7,  0,  0,  0,  0,  0,  0,  4,  0,  0,  0,  0,  3,  0,  0,  0,  0, ],
[ 0,  0,  0,  0,  0,  0,  0,  0,  0,  0,  0,  0,  0,  0,  0,  0,  0,  0, 12,  7,  0,  0,  0,  0, ],
[14,  0,  0,  0,  0,  0,  0,  0,  0,  0,  0,  0,  0,  0,  0,  0,  0,  0,  0,  0,  0,  0,  0,  0, ],
[ 0,  0,  0,  0,  0,  0,  9,  0,  0,  0,  8,  0,  0,  0,  0,  4,  0,  0,  0,  0,  0,  0,  0,  0, ],
[ 0,  0,  0,  0,  0,  0,  0,  4,  0,  4, 11,  0,  0,  0,  0,  0,  0,  0,  0,  0,  0,  0,  0,  0, ],
[ 0,  5,  0,  0,  0,  0,  0,  0,  0,  2,  0,  0,  0,  0,  0,  0,  0,  0,  0,  0,  0,  0,  0, 10, ],
[ 0,  0,  0,  0,  0,  0,  0,  0,  0,  0,  0,  0,  0,  0,  0,  0,  0,  0,  0,  0,  0,  0,  0,  0, ],
[ 0,  0,  0,  0,  0,  0,  0,  0,  0,  0,  0,  0,  0,  0,  0,  0,  0,  0,  0,  0,  0,  0,  0,  0, ],
[ 0,  0,  0,  0,  0,  0,  0,  0,  0,  0,  0, 10,  0,  0,  0,  0,  0,  0,  0,  0,  0,  0,  0,  0, ],
[ 0,  0,  0,  0,  0,  2,  9,  0,  0,  0,  0,  0,  0,  0,  0,  0,  0,  0,  0,  5,  0,  0,  0,  0, ],
[ 0,  0,  0,  0,  0,  7,  0,  0,  0,  0,  0,  0,  0,  0,  0,  0,  0,  0,  0,  0,  0,  0,  0,  3, ],
[ 2,  1,  2,  0,  8,  0,  0,  0,  0,  0,  0,  0,  0,  0,  0,  0,  0,  0,  0,  0,  0,  0,  0,  0, ],
[ 0,  0,  0,  8,  0,  0,  0,  0,  0,  0,  0,  0,  0,  0,  0,  0,  0,  0,  2,  0,  0,  0,  0,  0, ],
[ 0,  0,  0,  0,  0,  0,  0,  0,  0,  0,  0,  0,  0,  0,  0,  0,  0,  8,  4,  0,  0,  0,  0,  0, ],
[ 0,  0,  0,  0,  0,  0,  0,  0,  0,  0,  0,  0,  0,  0,  0,  0,  0,  0,  8,  9,  0,  0,  0,  0, ],
[ 0,  0,  0,  0,  0,  0,  0,  0,  0,  0,  0,  0, 13,  0,  0,  0,  0,  0,  7,  2,  0,  0,  0,  0, ],
[ 0,  0,  0,  0,  0,  0, 11,  0,  0,  0,  0,  0,  0,  0,  0,  0,  0,  0,  0,  0,  0,  0,  0,  0, ],
[ 0,  0,  0,  2,  0,  0,  0,  0,  0,  0,  0,  0,  0,  0,  0,  0,  0,  2,  0,  0,  0,  0,  0,  0, ],
[ 0,  0,  0,  0,  0,  0,  0,  0,  0,  0,  0,  0,  3,  0,  0,  9,  0,  0,  2,  0,  0,  0,  0,  0, ],
[ 0,  0,  0,  0, 11,  0,  0,  0,  0,  0,  0,  5,  0,  0,  0,  0,  0,  0,  0,  0,  0,  0,  0,  0, ],
[10,  0,  0,  0,  0,  0,  0,  0,  0,  0,  0,  0,  0,  0,  0,  0,  0,  0,  0,  0,  0,  0,  0,  0, ],
[ 0,  0,  0,  0,  0,  0,  0,  0,  0,  0,  0,  7,  0,  0,  0,  0,  0,  0,  0,  0,  0,  0,  0,  0, ],
[ 0,  0,  0,  0,  0,  0,  0,  3,  0,  0,  0,  0,  0,  0,  0,  0,  0,  0,  0,  0,  0,  0,  0,  0, ],
[ 0,  2,  0,  0,  0,  0,  0,  0,  0,  0,  0,  0,  0,  0,  0,  0,  0,  0,  0,  0,  0,  0,  0,  0, ],
[ 0,  0,  0,  0,  0,  0,  0,  0,  0,  0,  0,  0,  0,  0,  0,  0,  0,  0,  0,  0,  0,  0,  0,  0, ],
[ 0,  0,  5,  0,  0,  0,  0,  0,  0,  0,  0,  0,  0,  0,  4,  0,  0,  0,  0,  0,  0, 12,  0,  4, ],
[ 0,  0,  1,  0,  0,  0,  0,  0,  0,  0,  0,  0,  0,  0,  0,  0,  0,  0,  0,  0,  0,  0,  0,  0, ],
[13,  0,  0,  0,  0,  0,  0,  0,  0,  0,  0,  0,  0,  0,  0,  0,  0,  0,  0,  0,  0,  0,  0,  9, ],
[ 0,  0,  0,  0,  0,  0,  0,  3,  0,  0,  0,  0,  0,  0,  0,  0,  0,  0,  0,  0,  0,  0,  0,  0, ],
[ 0,  0,  0,  0,  0,  0,  0,  0,  0,  5,  0,  0,  0,  0,  0,  0,  0,  0,  0,  0,  0,  0,  0,  0, ],
[ 0,  0,  0,  0,  0,  0,  0,  0,  0,  0,  0,  0,  0,  0, 11,  0,  0,  0,  0,  7,  0,  0,  0,  0, ],
[ 0,  0,  0,  0,  0,  0,  0,  0,  0,  0,  0,  0,  0,  0,  0,  0,  0,  0,  0,  0,  0,  0,  0,  0, ],
[ 5,  0,  0,  0,  0,  7,  0,  0,  0,  0,  0,  0,  0,  0,  0,  0,  0,  0,  0,  0,  0,  0,  0,  0, ],
[ 0,  0,  0,  0,  0,  0,  0,  0,  0,  0,  0,  0,  0,  0,  0,  0,  0,  0,  0,  7,  0,  0,  0,  0, ],
[ 0,  0,  0,  0,  0,  0,  0,  0,  0,  0,  0,  0,  0,  0,  0,  0,  0,  0,  0,  0,  0,  0,  0, 10, ],
[ 0,  0,  0,  0,  0,  5,  0,  0,  0,  0,  0,  0, 10,  0,  0,  0,  0,  4,  0,  0, 14,  0,  0,  0, ],
[ 0,  0,  0,  0,  0,  2,  0,  0,  0,  0,  0,  0,  0,  0,  0,  0,  0,  0,  0,  0,  0,  0,  0,  0, ],
[ 0,  0,  0, 13,  0,  0,  0,  0, 10,  0,  0,  7,  0,  0,  0,  5,  6,  0,  0,  0,  0,  0,  0,  0, ],
[ 0,  0,  0,  0,  0,  0,  0,  0,  0,  0,  0,  0,  0,  0,  0,  0,  0,  0,  0,  0,  0,  0,  4,  0, ],
[10,  0,  0,  0,  0,  0,  5,  0,  5,  0,  0,  0,  0,  0,  0,  0,  0,  0,  0,  0,  0,  0,  0,  0, ],
[ 0,  0,  0,  0,  0,  0,  0,  0,  0,  0,  0,  0,  2,  0,  0,  0,  5,  0,  0,  0,  0,  0,  7,  0, ],
[ 0,  0,  0,  9,  2,  0, 13,  0,  0,  0,  0,  0,  0,  0,  0,  0,  0,  0,  0,  0,  0,  0,  0,  0, ],
[ 0,  0,  0,  0,  0,  0,  0,  0,  0,  0,  4,  0,  0,  0,  1,  0,  0,  0,  0,  0,  0,  4,  0,  5, ],
[ 0,  0,  0,  5,  0,  0,  0,  0,  0,  0,  0,  0,  0,  0,  0,  4,  0,  0,  0,  0,  9,  0,  0,  0, ],
[ 0,  0,  0,  0,  0,  0,  0,  0,  0,  0,  0,  0,  0,  0,  0,  0,  0,  0,  0,  0,  2,  0,  0,  0, ],
[ 0,  0,  0,  0,  0,  0,  0,  0,  0,  0,  0,  0,  0, 13,  0,  0,  0,  0,  0,  5,  0,  0,  0,  0, ],
[ 0,  0, 13,  0,  0,  0,  0,  0,  0,  0, 12,  0,  0,  0,  0,  0,  0,  0,  0,  0,  0,  0,  0,  6, ],
[ 0,  7,  0,  0,  0,  0,  0,  0,  0,  0,  0,  0,  4,  0,  0,  0,  0,  0,  0,  0,  0,  3,  0,  0, ],
[14,  0,  0, 11, 14,  0,  0,  0,  0,  0,  0,  0,  0,  0,  0,  8,  0,  0,  0,  0,  0,  0,  0,  0, ],
[ 0,  0,  5,  0,  0,  0,  0,  0,  0,  0,  0,  0,  0,  0,  0,  0,  0,  0,  0,  0,  0,  0,  0,  0, ],
[ 0,  0,  0,  0,  0,  0,  0,  0,  0,  0,  0,  0, 10,  0, 14,  0,  0,  0,  2,  0,  0,  0,  0,  0, ],
[ 0,  0,  0,  0,  0,  0,  0,  0, 12,  0,  0,  0,  0,  0,  0,  0,  0,  0,  0,  0,  0,  0,  0,  1, ],
[ 0,  0, 14,  0,  0,  6,  0,  0,  0,  0,  0,  8,  0,  0,  0, 10,  0, 11,  0, 11,  0,  0,  0,  0, ],
[ 0,  0,  0,  0,  0,  0,  0,  0,  0,  0,  0,  0,  0,  0,  0,  0,  0,  0,  0,  0,  0,  0,  0,  0, ],
[ 0,  0,  2,  0,  0,  0,  0,  0,  0,  0,  0,  0,  0,  0, 12,  0,  0,  0,  0,  9,  0,  0,  0,  0, ],
[ 0,  0,  6,  0,  0,  0,  0,  0,  0,  0,  0,  0,  0,  0,  0,  5,  0,  0, 12,  0,  3,  0,  0,  0, ],
[ 0,  0,  0,  0,  0,  0,  3,  0, 14,  0,  0,  0,  0,  0,  0,  0,  0,  0,  0,  0,  0,  0,  0,  0, ],
[ 0,  0,  0,  0,  0,  0,  0,  0,  0,  0,  0,  0,  9,  0,  0,  0,  0,  0,  0,  0,  0,  0,  1,  0, ],
[ 0,  0,  0,  0,  0,  0,  0,  0,  0,  0,  0,  0,  0,  0,  0,  0,  0,  0,  0,  0,  0,  0,  0,  0, ],
[ 0,  0,  0,  0,  0,  0,  0,  0,  0,  0,  0,  0,  0, 13,  0,  0,  0,  0,  0,  0,  0,  0,  0,  0, ],
[ 0,  0,  0,  0,  4,  2,  0,  0,  0,  0,  0,  0,  0,  0,  0,  0,  0,  0,  0,  0,  0,  0,  0,  0, ],
[ 0,  0,  0,  0,  0,  0,  0,  0,  0,  0,  1,  0,  0,  0,  0,  0,  0,  0,  0,  0,  9,  3,  0,  0, ],
[ 0,  0,  0,  0,  0,  0,  0,  5, 12,  0,  0,  0,  0,  0,  0,  0,  0,  0,  0,  0,  0,  0,  0,  0, ],
[ 0,  0,  0,  0,  0,  0,  0,  0,  0,  0,  0,  0,  6,  5,  0,  0,  0,  0,  0,  0,  0,  0,  0,  9, ],
[ 0,  0,  0,  0,  0,  0,  0,  0,  0,  0,  0,  0,  0,  0,  0,  0,  0,  0,  0,  0,  0,  0,  0,  0, ],
[ 0,  0,  0,  0,  0, 10,  0,  0,  0,  0,  0,  0,  0,  0,  0,  9,  9,  0,  0,  0,  0,  0,  0,  0, ],
[ 0,  0,  0,  0,  0,  0,  0,  0,  0,  0,  0,  0,  0,  0,  0,  0,  0,  1,  0,  0,  0,  0,  0,  1, ],
[ 0,  0,  0,  0,  0,  0,  0,  0,  0,  0,  0,  0,  0,  0,  0,  0,  0,  0,  0,  9,  0,  0,  0, 11, ],
[ 0,  0,  0,  0,  0,  0,  0,  0,  0,  0,  0,  0,  0,  0,  0, 12,  0,  0,  0, 10,  2,  0,  0,  0, ],
[ 0,  0,  0,  0,  0,  0,  0,  0,  0,  0,  0,  0,  0,  0,  0,  0,  5,  0,  0,  0,  0, 13,  0,  0, ],
[ 0,  0,  0,  8,  0,  0,  9,  0,  0, 10,  0,  0,  0,  0,  0,  8,  0,  0,  0,  0,  0,  0,  0,  0, ],
[ 0,  0,  0,  0,  7,  0,  2,  0,  0,  0,  0,  0, 11,  0,  0,  0,  0,  0,  0,  0,  0,  0,  0,  0, ],
[ 0,  0,  0,  0,  0,  0,  0,  0,  0,  0,  0,  3,  0,  0,  0,  0,  0,  0,  0,  0,  0,  0,  0,  0, ],
[ 0,  5,  0, 13,  0,  0,  0,  5,  0,  0,  0,  8,  0,  0,  0, 13,  0,  0,  0,  0,  0,  0,  0,  0, ],
[ 5,  0,  0,  0,  0,  0, 14,  0,  0,  0,  0,  0,  0,  1,  0,  0,  0,  0,  0, 10,  0,  0,  0,  0, ],
[ 0, 11,  0,  0,  0,  0,  0,  0,  0,  0,  0,  0,  0,  0,  0,  0,  0,  0,  2,  0,  0,  0,  0,  0, ],
[ 0,  0,  0,  0,  9,  0,  0,  0,  0,  3,  0,  0, 11, 11,  0,  0,  0,  0,  0,  0,  0,  0,  1,  0, ],


[-0.7312, 0.1215, ],
[0.3993, 0.6543, ],
[-0.5844, 0.5175, ],
[0.3613, 0.3267, ],
[0.1810, 0.6453, ],
[-0.5544, 1.0000, ],
[0.7596, 1.0000, ],
[-0.5787, 0.9615, ],
[-0.2025, 0.3737, ],
[-0.4365, 0.3952, ],
[0.5171, 0.5900, ],
[0.0991, 0.9442, ],
[-0.2038, 0.6663, ],
[0.2813, 0.0159, ],
[0.5063, 0.2089, ],
[0.9603, -0.5094, ],
[-0.0233, 1.0000, ],
[0.1385, 0.1965, ],
[0.6457, -0.2941, ],
[-0.1279, -0.2208, ],
[0.0900, 0.6467, ],
[-0.9915, 0.3703, ],
[0.3162, 0.1465, ],
[-0.6348, -1.0000, ],
[0.1588, 0.7418, ],
[0.0353, 0.3590, ],
[0.5163, 0.8336, ],
[0.1843, -0.3308, ],
[-0.3744, 0.9133, ],
[-0.1637, -0.7779, ],
[0.0209, 0.5402, ],
[-0.0235, 0.4126, ],
[0.2607, 0.7631, ],
[0.4077, 0.3613, ],
[-0.0646, 0.5367, ],
[-0.1450, -0.2386, ],
[0.9592, -0.3843, ],
[0.8522, -0.0280, ],
[0.4451, 0.4161, ],
[1.0000, 0.3844, ],
[0.3243, 0.3745, ],
[-0.0902, -0.5048, ],
[1.0000, 0.5600, ],
[0.0962, -0.0760, ],
[0.1053, -0.4544, ],
[0.8861, -0.4839, ],
[-0.5699, 0.1533, ],
[-0.0211, -1.0000, ],
[-0.3923, 0.5332, ],
[-0.0053, 0.2529, ],
[-0.5474, -0.2494, ],
[0.0804, 0.0150, ],
[0.2307, -0.1681, ],
[-0.0385, 0.8275, ],
[0.2045, -0.1939, ],
[0.2966, 0.1160, ],
[-0.7954, -0.0377, ],
[0.3906, 0.3441, ],
[-0.8141, 0.4906, ],
[-0.3171, 0.9842, ],
[0.6642, -0.1557, ],
[-0.1689, -0.1312, ],
[-0.0224, 0.6191, ],
[-0.6954, 0.7290, ],
[0.5524, -0.0340, ],
[0.7824, 0.6534, ],
[0.1875, -0.4853, ],
[0.6543, -0.1678, ],
[-0.5936, 0.9222, ],
[0.7917, 0.6895, ],
[0.5260, -0.9574, ],
[-0.4425, 0.6685, ],
[-0.4613, 0.5147, ],
[0.8824, 0.8237, ],
[-0.2180, -0.3740, ],
[0.4345, -0.3934, ],
[0.6200, 0.3702, ],
[-0.9469, 1.0000, ],
[-0.0542, -0.8924, ],
[-0.0352, -0.0703, ],
[0.4241, 0.7798, ],
[-0.3547, -0.2502, ],
[0.1607, -0.1437, ],
[-0.1302, 0.2650, ],
[-0.2412, -0.6305, ],
[-0.2645, 0.8741, ],
[0.8314, -0.5701, ],
[-0.3211, -0.5461, ],
[-0.1423, -0.8508, ],
[-0.0202, -0.9437, ],
[-0.1660, 0.5593, ],
[-0.9218, -0.0491, ],
[-0.1894, 0.5862, ],
[-0.5850, 0.4676, ],
[-0.0293, -0.6893, ],
[-0.7621, -0.8017, ],
[-0.6067, 0.5193, ],
[0.4202, -0.3203, ],
[-0.4021, -0.7550, ],
[0.5400, -0.7606, ],


[9.0000, ],
[3.0000, ],
[6.0000, ],
[2.0000, ],
[14.0000, ],
[2.0000, ],
[8.0000, ],
[4.0000, ],
[7.0000, ],
[9.0000, ],
[3.0000, ],
[15.0000, ],
[3.0000, ],
[1.0000, ],
[8.0000, ],
[4.0000, ],
[11.0000, ],
[5.0000, ],
[5.0000, ],
[4.0000, ],
[11.0000, ],
[9.0000, ],
[12.0000, ],
[11.0000, ],
[7.0000, ],
[4.0000, ],
[8.0000, ],
[8.0000, ],
[7.0000, ],
[0.0000, ],
[0.0000, ],
[4.0000, ],
[6.0000, ],
[5.0000, ],
[6.0000, ],
[4.0000, ],
[5.0000, ],
[6.0000, ],
[8.0000, ],
[4.0000, ],
[2.0000, ],
[6.0000, ],
[6.0000, ],
[4.0000, ],
[3.0000, ],
[2.0000, ],
[1.0000, ],
[0.0000, ],
[10.0000, ],
[1.0000, ],
[7.0000, ],
[2.0000, ],
[2.0000, ],
[7.0000, ],
[0.0000, ],
[5.0000, ],
[3.0000, ],
[4.0000, ],
[12.0000, ],
[1.0000, ],
[16.0000, ],
[2.0000, ],
[8.0000, ],
[6.0000, ],
[8.0000, ],
[7.0000, ],
[7.0000, ],
[1.0000, ],
[6.0000, ],
[11.0000, ],
[7.0000, ],
[15.0000, ],
[2.0000, ],
[9.0000, ],
[5.0000, ],
[22.0000, ],
[0.0000, ],
[8.0000, ],
[11.0000, ],
[6.0000, ],
[4.0000, ],
[0.0000, ],
[4.0000, ],
[3.0000, ],
[6.0000, ],
[6.0000, ],
[8.0000, ],
[0.0000, ],
[10.0000, ],
[2.0000, ],
[7.0000, ],
[9.0000, ],
[6.0000, ],
[13.0000, ],
[8.0000, ],
[2.0000, ],
[15.0000, ],
[11.0000, ],
[5.0000, ],
[14.0000, ],


