[ 0,  0,  0,  0,  0,  0,  0,  0,  0,  0,  0,  0,  0,  0,  2,  0,  0,  0,  0,  0,  0,  1,  0,  0, ],
[ 0,  0,  0,  0,  6,  0,  0,  0,  0,  0,  0,  0,  0,  0,  0,  0,  0,  0,  0,  0,  0,  0,  0,  0, ],
[ 0,  0,  0,  0,  0,  0,  9,  0,  3,  0,  0,  0,  0,  0,  0,  0,  0,  0,  7,  0,  0, 14,  0,  0, ],
[ 0,  0,  0,  0,  0,  0,  0,  0,  0,  0,  0,  0,  0,  0,  0,  0,  0,  0,  0,  0,  0,  0,  0,  0, ],
[ 4,  0,  0,  0,  0, 12,  0,  0,  0,  0,  0,  0,  0,  0,  0,  0,  6,  0,  0,  0,  0,  0,  0,  0, ],
[ 0,  0,  0,  0, 14,  0,  0,  0,  0,  0,  0,  0,  0,  0,  0,  9, 12,  0,  0,  0,  0,  0,  0,  0, ],
[ 0,  0,  0,  0,  0,  0,  0,  0,  0,  0,  0,  0,  0,  0,  0,  0,  0,  0,  0,  0,  0,  0,  0,  0, ],
[ 0,  0,  0,  0,  0,  0,  0,  0,  6,  0, 10,  0,  0,  0,  0,  0,  0,  0,  0,  0,  0,  0,  0,  0, ],
[ 0,  0,  0,  0,  0,  0,  0,  0,  0,  0,  0,  0,  0,  0,  0,  0,  0,  0,  0,  0,  0,  6,  0,  0, ],
[ 0,  0,  0,  0,  0,  0,  4,  0,  0,  3,  0,  0,  0,  0,  0,  0,  0,  0,  0,  0,  0,  7,  0,  0, ],
[ 0,  0,  0,  0,  0,  0,  0,  0,  0,  0,  0,  2,  3,  0,  0,  0,  0,  0,  0,  8,  0,  0,  0,  0, ],
[ 0,  0,  0,  0,  0,  0,  0,  0,  0,  0,  0,  0,  0, 13,  0,  0,  0,  0,  0,  0,  0,  0,  0,  0, ],
[ 0,  0,  0,  0,  0,  0,  0,  0,  1,  0,  0,  0,  0,  0,  0,  0,  0,  0,  4,  0,  0,  0,  0,  2, ],
[ 0,  0,  0,  0,  0,  0,  0,  2,  0,  0,  9,  0, 13,  9,  0,  0,  0,  0,  4,  0,  0,  0,  0,  7, ],
[ 0,  0,  0,  0,  0,  0,  0,  0,  0,  0,  0,  0,  0,  0,  0,  0,  0,  0,  0,  0,  0,  0,  0,  0, ],
[ 0,  0,  5,  0,  0,  0,  0,  0,  0,  0,  0,  0,  0,  3,  0,  0,  0,  0,  0,  0,  0,  0,  0,  0, ],
[ 0,  0,  0,  0,  0,  0,  0,  0,  0,  0,  0,  0,  7,  0,  2,  0,  0,  8,  1,  0,  0,  0,  0,  0, ],
[ 0,  0,  0,  0,  0,  0,  0,  0,  0,  0,  0,  0,  0,  0,  0,  0,  0,  0,  0,  0,  0,  0,  0,  0, ],
[ 0,  0,  0,  0,  0,  0,  0,  0,  0,  0,  0,  9,  0,  0,  0,  0,  0,  0,  0,  0,  0,  0,  5,  0, ],
[ 0,  0,  0,  0,  0,  0,  0,  0,  0,  0,  0,  0,  0,  0,  0,  0,  0,  0, 10,  7,  0,  0, 12,  0, ],
[ 0,  0,  0,  0,  0,  0,  0,  0,  0,  0,  0,  0,  0,  0,  0,  0,  0,  0,  0,  0,  0,  0,  0,  0, ],
[ 0,  0,  0,  0,  0,  0,  0,  0,  0,  5,  0,  0,  0,  0,  8,  0,  0,  0,  0,  0,  0,  0,  0,  0, ],
[ 0,  0,  0,  0,  0,  0,  0,  0, 10,  0,  0,  0,  0,  0,  0,  0,  0,  0,  0,  0,  0,  0,  0,  0, ],
[ 0,  0,  0,  0,  0,  0,  0,  0,  0, 14,  0,  0,  0,  0,  0,  0,  0,  2,  3,  0,  0,  0, 13,  0, ],
[ 0,  0, 10,  6,  0,  0,  0,  0,  8,  0,  0,  0,  0,  0,  0,  0,  0,  0,  0,  0,  0,  0,  8,  0, ],
[ 0,  0,  0,  0,  0,  0,  0,  0, 11,  0,  0,  0,  6,  5,  0,  0,  3,  4,  0,  0,  0,  0,  0,  0, ],
[ 0,  0,  7,  0,  0, 14,  8,  0,  0,  0,  0,  0,  9,  2,  0, 13,  0,  0,  0,  0, 14,  0,  0,  0, ],
[13,  0,  0,  0,  0,  0,  0,  0,  7,  0,  0,  0,  6,  0,  0,  0,  0,  0,  0,  0,  0,  0,  0,  0, ],
[ 0,  0,  0,  0,  0,  2,  0,  0, 13,  0,  0,  0,  0,  0,  0,  0,  0,  0,  0,  0,  0,  0,  0,  0, ],
[ 0,  0,  0,  0,  0,  0,  0,  0, 13,  0,  0,  0,  0,  0,  0,  0,  0,  0,  0,  0,  0,  0,  0,  0, ],
[ 0,  0,  0,  0,  0,  0,  0,  0,  0,  0,  0,  0,  0,  0,  0,  0,  0,  0,  0,  0,  0,  0,  0,  8, ],
[ 0,  0,  0,  0, 14,  0,  0,  0,  0,  0, 11,  0,  0,  2,  0,  0,  0,  0,  0,  0,  0,  0,  0,  0, ],
[ 0,  0,  1,  0,  0,  0,  0,  0, 12,  0,  0,  0,  0,  0,  0,  0,  0,  0,  0,  0,  0,  0,  0,  0, ],
[ 0,  0,  0,  0,  0,  0,  0,  5,  0,  0,  0,  0,  0,  0,  0,  0,  0,  0,  0,  0,  0,  0,  0,  0, ],
[ 0,  0,  0,  0,  0,  0,  0,  7,  0,  0,  0,  0,  0,  0,  0,  0,  0,  3,  0,  0,  0,  0,  0,  0, ],
[ 0,  0,  0,  0,  0,  0,  0,  0,  0,  0,  0,  0,  0,  0,  0, 14,  0,  0,  0,  0, 11,  0,  0,  0, ],
[ 0,  0,  0,  0,  0,  0,  0,  0,  0,  0,  0,  0,  0,  0,  0,  0,  0,  0,  0,  0,  5,  0,  0,  0, ],
[ 0,  0,  0,  0,  0,  0,  0,  0,  0,  0,  0,  0,  0,  0,  0, 11,  0,  0,  0,  0,  0,  0,  7,  0, ],
[ 7,  0, 14,  1,  0,  0,  0,  0,  0,  0,  0,  4,  0,  0,  0,  0,  0,  0,  0,  0,  5,  0,  0,  0, ],
[12,  0,  0,  0,  0,  0,  0,  0, 14,  0,  0,  0,  0,  0,  0,  0,  0,  0,  0,  0,  0,  0,  0,  0, ],
[ 0,  0,  0,  0,  0,  0,  0,  0,  0,  0,  0,  0,  0,  0,  0,  0,  4,  0,  0,  0,  0,  0,  0,  0, ],
[ 0,  0,  0,  0,  0,  0,  0,  0,  0, 10,  0, 10,  0,  0,  0,  0,  0,  0,  0,  0,  0,  0,  0,  0, ],
[ 0,  0, 14,  0,  0,  0,  0,  0,  0,  0,  0,  4,  0,  0,  0,  0,  0,  0,  0,  0,  0,  0,  0,  0, ],
[ 0,  0,  0,  0,  0,  0,  0,  0,  0,  0,  0,  0,  0,  0,  0,  0,  0,  0,  0,  0,  9,  0,  0, 11, ],
[ 8,  0,  0,  0,  0,  0,  0,  0,  0,  0, 12,  0,  0,  0,  0,  0,  0,  0,  7,  0,  0,  0,  0,  0, ],
[ 0,  9,  1,  0,  0,  0,  0,  0,  0,  0,  0,  0,  0,  0,  0,  0,  0,  0,  0,  2,  5,  0,  0,  0, ],
[ 0,  0,  0,  0,  0,  0,  0,  0,  5,  0,  0,  0,  0,  0,  0,  0,  0,  0,  0,  0,  0,  0,  0,  0, ],
[ 0,  0,  0,  0,  0,  0,  0,  0,  0,  0, 10,  2,  0,  0,  0,  0,  8, 14,  0,  0,  0,  0,  0,  0, ],
[ 0,  5,  0,  0,  0,  0,  3,  0,  0,  0,  0,  0,  0, 10,  0,  0, 13,  0,  0,  0,  0,  0,  0,  0, ],
[ 0,  0,  0,  0,  0,  0,  5,  7,  0,  5,  0,  0,  0,  0,  0,  0, 11,  0,  0,  0,  0,  0,  0,  0, ],
[ 0,  0,  0,  0,  0,  0,  0,  0,  0,  0,  0,  0,  2,  0,  0,  0,  0,  0,  0,  0,  0,  0,  0,  0, ],
[ 0,  0,  0,  0,  0,  0,  0,  0,  0,  0,  0,  0,  0,  0,  0,  0,  0,  0,  0,  0,  0,  0,  0,  4, ],
[ 0,  0,  0,  0,  0,  5,  0,  0, 11,  0,  0,  0,  0,  0,  0,  0,  0,  0,  0,  0,  5,  0,  0,  0, ],
[ 0,  0,  1,  0,  0,  0,  0,  0,  0,  0,  0,  0,  0,  0,  0,  0,  8,  0,  0,  0,  0,  0,  0,  0, ],
[ 0,  0,  1,  0,  0,  0,  0,  0,  0,  0,  0,  0,  0,  0,  0,  0,  0,  0,  0,  0,  0,  0,  0,  0, ],
[ 0,  0,  0,  0,  0,  0,  0,  0,  0,  0,  0,  0,  0,  0,  0,  0,  0,  0,  0,  0,  0,  0,  0,  0, ],
[ 0,  0,  0,  0,  0,  0,  0,  0,  0,  0,  0,  0,  0,  0,  0,  0,  4,  0,  0,  0,  0,  0,  0,  9, ],
[ 0,  0,  0,  0,  0,  0,  0,  0,  0,  0,  0, 14,  0,  0,  0, 12,  0,  0,  0,  0,  0,  0,  0,  0, ],
[ 0,  0,  5,  0,  0,  0,  0,  0,  0,  0,  0,  0,  0,  0,  0,  0,  3,  0,  0,  0, 11,  0,  0,  0, ],
[ 0, 14,  0,  0,  0,  0,  0,  0,  0,  0,  0,  0,  0,  0,  0,  0, 14, 13,  2,  0,  0,  0,  0,  0, ],
[ 4,  0,  0,  0,  0,  0,  0,  0,  9,  0,  0,  0,  0, 11,  0,  3,  0,  6,  0,  0,  0,  0,  0,  0, ],
[ 0,  0,  0,  0,  0,  0,  0,  0,  0,  0,  9,  0,  0,  0,  7,  0,  0,  0,  0,  0,  0,  0,  0,  8, ],
[ 0,  0,  0,  0,  0,  0,  0,  0,  0,  0,  0,  0,  0,  0,  0,  0,  0,  0,  0,  0,  0,  0,  0,  0, ],
[ 0,  0,  0,  0,  0,  0,  0,  0,  0,  0,  4, 11,  0,  0,  0,  0,  0,  0,  0,  0,  0,  0,  0,  0, ],
[ 0,  9,  0,  0,  0,  0,  0,  0,  0,  0,  8,  0,  0,  0,  0,  0,  0,  0,  0,  0,  0,  5,  0,  0, ],
[ 0,  0, 12,  0,  0,  0,  7,  0,  0,  0,  7,  0,  0,  0, 11,  4,  0,  0, 14,  0,  0,  4,  0,  0, ],
[ 0,  0,  0,  0,  0,  0,  0,  0,  0,  0,  0,  0,  0,  0,  0, 11,  0,  6,  0,  0,  0,  0,  0,  0, ],
[ 0,  0,  0,  0,  0,  0,  0,  0,  0,  0,  0,  0,  0,  0,  0,  0,  0,  0,  0,  0,  0,  0,  0,  0, ],
[ 0,  0,  0,  0,  0,  0,  0,  0,  0,  0,  0,  0,  0,  1,  0,  0,  0,  0,  0, 12,  0,  0,  0,  0, ],
[ 0,  0,  5,  0,  0,  0,  0,  0,  5,  0,  0,  4,  0,  0,  0,  0,  0,  0,  0,  0,  0,  0,  0,  0, ],
[ 0,  0,  0,  2,  0,  0,  0,  0,  0,  0,  0,  0,  0,  0,  0,  0,  0,  0, 11,  0,  0,  0,  0,  0, ],
[ 0,  0,  0,  0, 11,  0,  0,  9,  0,  0,  0,  0,  0,  0,  0,  8,  0, 12,  3,  0,  0,  0,  0,  0, ],
[ 0,  0,  0, 12,  0,  0,  0,  0,  0,  0,  0,  0,  3,  0,  0,  0,  0,  0,  0,  0,  0,  0,  0,  0, ],
[12,  0,  7,  0,  0,  0,  0,  0,  0,  1,  0,  0,  0,  0,  0,  0,  0,  0,  0,  0,  0,  0,  7,  0, ],
[ 5,  0,  0,  0,  0,  0,  0,  0,  0,  0,  0,  0,  0,  0,  0,  7,  0,  0,  0,  0,  0,  0,  0,  0, ],
[ 0,  0,  0,  5,  0,  0,  0,  0,  0,  0,  0,  0,  0,  7,  0,  0,  0,  0,  0,  0,  0,  0,  0, 13, ],
[ 0,  0,  0,  0,  0,  0,  9,  0,  0,  0,  0,  0,  0,  0,  0,  0,  0,  9,  0,  0,  0,  0,  0,  0, ],
[ 0,  2,  0,  0,  0,  0,  0,  0,  0,  0,  0,  0,  0,  0,  0,  0,  0,  0,  0,  0,  0,  0,  0,  0, ],
[ 0,  0,  0,  0,  0,  7,  2,  0,  0,  0,  0,  0,  0,  0,  0,  1,  0,  0, 12,  0,  0,  0,  0,  0, ],
[ 0,  0,  0,  0,  0,  0,  0,  0,  0,  0,  0,  0,  0,  0,  0,  0,  0,  0,  0,  0,  0,  0,  0,  0, ],
[ 0,  0,  0,  0,  0,  0,  0,  0,  0,  0,  0,  0,  1,  0,  0,  7,  0,  0,  0,  0,  0,  0,  0,  0, ],
[ 0,  0,  4,  0,  7, 14,  0,  0,  0,  0,  0,  0,  0,  0,  0,  0,  3,  0,  0,  0,  0,  0,  0,  0, ],
[ 0,  0,  0,  0,  0,  9,  0,  9,  0,  0,  0,  0,  0,  0,  0,  0,  0,  0,  9,  0,  0,  0,  0,  0, ],
[ 0,  0,  0,  0,  0,  0,  0,  0,  0,  0,  0,  0,  0,  0,  0,  0,  0,  0,  0,  0,  0,  0,  0,  0, ],
[ 0,  0,  0,  0,  0,  0,  0,  4,  0,  0,  7,  0,  0,  0,  0,  0,  1,  0,  0,  0,  0,  0, 13,  0, ],
[ 0, 11,  0, 13,  0,  9,  0,  0,  0,  0,  0,  0,  0,  0,  0,  0,  0,  0,  8,  0,  0,  0,  0,  0, ],
[ 0,  0,  2,  3,  1,  0,  0,  0,  2,  0,  0,  0,  0,  0,  0,  0,  0, 12,  0,  0,  0,  0,  0,  0, ],
[ 0,  0,  0,  0,  0,  0,  0,  0,  4,  0,  0, 11,  0, 12,  0,  0,  0,  0,  0,  0,  0,  0,  0,  0, ],
[ 0,  0,  0,  0, 11,  0,  0,  0,  0,  0,  0,  0,  5,  0,  0,  0,  0,  0,  0,  0,  0,  0,  0,  0, ],
[ 3,  0, 11,  0,  0,  0,  0,  0,  0,  0,  0,  0,  0,  0,  0,  0,  0,  0,  0,  0, 13,  0,  0, 14, ],
[ 0,  0,  0,  0,  0,  0,  0,  0,  0,  9,  0,  0,  0,  0,  0,  0,  0,  0,  0,  0,  0,  0,  0,  0, ],
[ 0,  0,  0,  0,  0,  0,  0,  0,  0,  0,  0, 12,  0,  0, 12,  0,  0,  0,  0,  6,  0,  0, 12,  0, ],
[ 0,  0,  1,  0,  0,  0,  0,  4,  0,  0,  0,  0,  0,  0,  0,  0,  0,  0,  0,  0,  0,  0,  0,  0, ],
[ 0,  0,  0,  0,  0,  0,  0,  0,  0,  0,  0,  0,  0,  0,  0,  0,  0,  0,  0,  0,  0,  0,  0,  0, ],
[ 0,  0,  0,  0,  0,  0,  0,  0,  7,  0,  0,  0,  0,  0,  0,  0,  0,  0,  0,  0,  0,  0,  0,  0, ],
[ 0,  0,  0,  0,  0,  0,  0,  0,  0,  0,  3, 12,  0,  0,  0,  0,  0,  0,  0,  0,  0,  0,  0,  0, ],
[ 0,  0,  0,  0,  0,  0,  0,  0,  0,  0, 12,  0,  0,  0,  0,  0,  0,  0,  0,  0, 14,  0,  0,  0, ],
[ 0, 12,  0,  0,  0,  0,  0, 14,  0,  0,  0,  0,  0,  0,  0,  0,  0,  0,  0,  0,  0,  6,  0,  0, ],
[ 0,  0,  0,  0,  0,  0,  0,  0,  0,  0,  0,  0,  0,  0,  0,  0,  9,  0,  0,  0, 12,  0,  0,  0, ],
[ 0,  0,  0,  0,  0,  0,  3,  6,  0,  0,  0,  0,  0,  0,  0,  0,  0,  0,  0,  0,  0,  0,  0, 13, ],


[0.8373, -1.0000, ],
[-0.2353, -0.2687, ],
[-0.0551, -0.3908, ],
[0.9415, 0.2335, ],
[0.6396, 0.6324, ],
[0.5352, -0.1079, ],
[-0.6841, -0.5885, ],
[0.1392, 0.2612, ],
[-0.1506, -0.6367, ],
[-0.6849, 0.2588, ],
[-1.0000, -0.0077, ],
[-0.0702, -0.4763, ],
[-0.6898, -0.8657, ],
[0.4413, 0.5796, ],
[0.3950, 0.5918, ],
[-0.5398, -0.3903, ],
[-0.3817, -0.9120, ],
[-0.0164, 0.8329, ],
[0.5040, -0.0547, ],
[-0.1299, -0.8819, ],
[0.3062, 0.1211, ],
[0.3348, 0.0863, ],
[0.6455, -0.0743, ],
[0.9756, -0.1321, ],
[1.0000, 0.0218, ],
[0.0942, -0.0819, ],
[-1.0000, -0.5065, ],
[0.1359, -0.1891, ],
[0.2164, -0.8185, ],
[0.6703, -0.4743, ],
[-0.5565, -0.3692, ],
[-0.0791, 0.5525, ],
[0.6718, -0.2005, ],
[0.9173, 0.8106, ],
[0.1747, -0.0340, ],
[-0.6377, 0.0406, ],
[0.1099, 0.0045, ],
[0.4975, -0.3138, ],
[1.0000, -0.4119, ],
[0.2012, 0.5131, ],
[0.5101, 0.8597, ],
[0.0639, 0.2151, ],
[0.3320, -0.1699, ],
[0.4204, -0.6131, ],
[0.8402, -0.5709, ],
[0.3013, 0.9166, ],
[0.7605, -0.4025, ],
[-0.5838, 0.4626, ],
[-0.1486, -0.7344, ],
[0.9124, 0.9620, ],
[0.6729, -0.0024, ],
[-0.0109, -0.4706, ],
[-0.2361, -0.8765, ],
[-0.4417, -0.8502, ],
[-0.3303, 0.8879, ],
[0.5846, -0.3786, ],
[0.7014, -0.0185, ],
[-0.9182, 0.0923, ],
[-0.8141, 0.4221, ],
[0.3231, -0.1834, ],
[0.6811, 0.1864, ],
[-0.5625, 0.3758, ],
[-0.6715, -0.0268, ],
[0.4357, 0.3255, ],
[1.0000, 0.9422, ],
[-0.3260, -0.9092, ],
[0.2930, 0.4623, ],
[0.4692, -0.7539, ],
[0.3206, 0.1330, ],
[0.8936, -0.0653, ],
[0.8953, 0.4060, ],
[-0.0727, 0.4564, ],
[-0.3645, 0.3882, ],
[-0.2155, -0.2765, ],
[-0.9105, 0.6899, ],
[-1.0000, -0.1136, ],
[1.0000, 0.3468, ],
[0.4419, 0.1188, ],
[-0.1591, 0.0536, ],
[-0.5580, -0.7088, ],
[-0.4060, -1.0000, ],
[-0.4109, 0.6389, ],
[-0.1135, 0.9234, ],
[-0.3874, 0.8289, ],
[-0.2813, 0.1552, ],
[-0.2573, -0.3963, ],
[0.1684, 0.7556, ],
[0.6914, 0.4965, ],
[-0.2991, -0.7009, ],
[0.4916, -0.4950, ],
[-0.4331, -0.2380, ],
[0.1301, 0.7515, ],
[-0.1894, -0.4762, ],
[-0.5694, 0.2197, ],
[-1.0000, -0.9472, ],
[0.0713, 0.2009, ],
[-0.4927, 0.0358, ],
[0.6380, 0.3506, ],
[0.6082, 0.4626, ],
[0.4009, 0.8196, ],


[2.0000, ],
[3.0000, ],
[12.0000, ],
[0.0000, ],
[9.0000, ],
[11.0000, ],
[0.0000, ],
[7.0000, ],
[3.0000, ],
[7.0000, ],
[6.0000, ],
[4.0000, ],
[4.0000, ],
[16.0000, ],
[0.0000, ],
[4.0000, ],
[8.0000, ],
[0.0000, ],
[5.0000, ],
[11.0000, ],
[0.0000, ],
[5.0000, ],
[4.0000, ],
[11.0000, ],
[13.0000, ],
[13.0000, ],
[22.0000, ],
[10.0000, ],
[5.0000, ],
[4.0000, ],
[3.0000, ],
[9.0000, ],
[5.0000, ],
[2.0000, ],
[5.0000, ],
[8.0000, ],
[2.0000, ],
[7.0000, ],
[12.0000, ],
[8.0000, ],
[2.0000, ],
[8.0000, ],
[6.0000, ],
[7.0000, ],
[10.0000, ],
[7.0000, ],
[2.0000, ],
[12.0000, ],
[12.0000, ],
[11.0000, ],
[1.0000, ],
[2.0000, ],
[8.0000, ],
[4.0000, ],
[1.0000, ],
[0.0000, ],
[5.0000, ],
[8.0000, ],
[8.0000, ],
[13.0000, ],
[14.0000, ],
[9.0000, ],
[0.0000, ],
[6.0000, ],
[8.0000, ],
[22.0000, ],
[7.0000, ],
[0.0000, ],
[5.0000, ],
[6.0000, ],
[5.0000, ],
[16.0000, ],
[6.0000, ],
[11.0000, ],
[5.0000, ],
[9.0000, ],
[6.0000, ],
[1.0000, ],
[9.0000, ],
[0.0000, ],
[4.0000, ],
[11.0000, ],
[9.0000, ],
[0.0000, ],
[10.0000, ],
[14.0000, ],
[9.0000, ],
[10.0000, ],
[6.0000, ],
[14.0000, ],
[3.0000, ],
[15.0000, ],
[3.0000, ],
[0.0000, ],
[3.0000, ],
[6.0000, ],
[8.0000, ],
[11.0000, ],
[7.0000, ],
[9.0000, ],


