[ 0,  0,  0,  0,  0,  0,  0,  0,  0,  0,  3,  0,  0,  0,  0,  0,  0,  2,  0,  0,  0,  0,  0,  0, ],
[ 0,  0, 14,  0, 13,  0,  0,  0,  0,  0, 10,  0,  0,  0,  0,  0,  0,  0,  0,  0,  0,  0,  0,  3, ],
[ 0,  0,  0,  0,  0,  0,  0,  0,  0,  0,  0,  0,  0,  0,  0, 12,  0,  3,  0, 14,  0,  0,  0,  0, ],
[ 0,  0,  0,  0,  1,  0,  0,  0,  5,  0,  0,  0,  0,  0,  0,  0,  0,  0,  0, 12,  0, 11,  0,  0, ],
[ 0,  6,  9,  0,  0,  0,  0,  0,  3,  0,  0,  0,  0,  0,  0,  0,  7,  0,  0, 14,  0,  0,  0,  0, ],
[ 0,  0,  2,  0,  0,  0,  0,  0, 10,  0,  3,  0,  0,  0,  0,  0,  0,  0,  0,  0,  0,  0,  0,  0, ],
[12,  0,  0,  0,  0, 14,  6,  0,  0,  0,  0,  0,  0,  0,  3,  0,  0,  0,  0,  0,  0,  0,  0,  0, ],
[ 0,  0,  0,  0,  0,  0,  0,  0,  0,  0,  0,  0,  0,  0,  0,  1,  0,  0,  0,  0,  0,  0,  0,  0, ],
[ 0,  0,  0,  0,  0,  0,  0,  0,  0, 11,  0,  0,  0,  0,  0, 11,  0,  0,  0,  0,  0,  6,  0,  0, ],
[ 0,  7,  0,  0,  0,  0,  0,  0,  0,  0,  0,  0,  0,  0,  0, 14,  0,  0,  0,  0,  0,  4,  0,  0, ],
[ 0,  0, 13,  0,  0,  0,  2,  0,  0,  0,  0,  0,  0,  0,  0,  2,  0,  0,  0,  0,  0,  0,  0, 13, ],
[ 0,  0,  0,  0,  7,  5,  4,  0,  0,  0,  0,  0,  0,  0,  0,  0,  0, 10,  0, 13,  0,  0,  0,  0, ],
[ 0,  0,  0,  0,  0,  0,  0,  0,  0,  0,  0,  0,  0,  0,  0,  0,  9,  0,  0,  0,  0,  0,  0,  0, ],
[ 0,  0,  0,  0,  0,  0,  7,  0,  0,  0,  0,  0,  0,  0,  0,  0,  0,  0,  0,  0,  0,  0,  0,  1, ],
[ 0,  1,  0,  0,  0,  0,  0,  0,  0,  0,  0,  0,  0,  0,  0,  0,  0,  0,  0,  1,  0,  0,  0,  0, ],
[ 0,  0,  0,  0,  0,  0,  0,  0,  0,  0,  0,  0,  0,  0,  0,  0,  0,  0,  0,  0,  0,  0,  0,  0, ],
[ 0,  0,  0,  0,  0,  0,  7,  0,  0, 14,  0,  0,  0,  0,  0,  0,  0,  0,  8,  0,  0,  0,  0,  0, ],
[ 0,  0,  7,  5,  0,  0,  0,  0,  0,  0,  0,  0,  0,  2,  0,  1,  0,  0,  0,  0,  0,  0,  0,  0, ],
[ 0,  0,  0, 14,  5,  0,  4,  0,  0,  0,  0,  0,  0,  0,  0,  0,  0,  0,  0,  0, 11,  0,  0,  0, ],
[ 0,  0,  0,  0,  0,  0,  0,  0,  4,  0,  0, 12,  0,  0,  0,  0, 11,  0,  0,  0,  3,  0,  7,  0, ],
[11,  0, 12, 11,  9,  0,  0,  6,  0,  0,  0,  0,  0,  0,  0,  0,  0,  0,  0,  0,  0,  0,  0,  0, ],
[ 0,  0,  0,  0,  0,  0,  0,  0,  0,  7,  0,  0,  0,  0,  0,  0,  0,  0,  0,  0,  0,  0,  0,  0, ],
[ 0,  0,  0,  2,  0,  2,  0,  0,  0,  0,  0,  0,  0,  0,  0,  0,  0,  0,  0,  0,  0,  0,  0,  0, ],
[ 0,  0, 13,  0,  0,  0,  0,  0,  0,  0,  0,  0,  0,  0,  0,  0,  0,  0,  0,  0, 12,  0,  0,  0, ],
[ 0,  0,  0,  0,  0,  0,  0,  0,  0,  0,  0,  0,  0,  2,  0,  0,  0,  0,  0,  0,  0,  0,  0,  0, ],
[ 0,  0,  0,  0,  0,  0,  0,  0,  0,  0,  0,  0,  0,  0,  0,  0,  0,  0,  0,  0,  0,  0,  0,  0, ],
[ 8,  0,  0,  0,  0,  0,  0,  0,  0,  0,  0,  0,  0,  0,  0,  0,  0,  0,  1,  0,  0,  0,  0,  8, ],
[ 0,  0,  0,  0,  0,  0,  0,  0,  0,  0,  0,  0,  0,  0,  0,  7,  0,  0,  0, 11,  0,  0,  0,  0, ],
[ 0,  0,  0,  0,  0,  0,  0,  0,  0,  0,  0,  0,  0,  0,  0,  0,  0,  0,  8,  0,  0,  0,  5,  0, ],
[ 0,  0,  0,  0,  0,  0,  0,  0,  0,  6,  0,  0,  0,  0,  0,  0,  0,  0,  0,  0,  0,  0,  0,  0, ],
[ 0,  0,  0,  0,  0,  0,  0,  0,  0,  0,  0,  0,  0,  0,  0,  0,  0,  0,  0,  0,  0,  0,  0,  0, ],
[ 0,  0,  0,  0,  0,  0,  0,  0,  0,  0,  0,  0,  0,  0,  0,  0,  0,  0,  0,  0,  0,  0,  0,  0, ],
[ 0,  0,  0,  0,  0,  8,  0,  0,  8,  0,  0,  0,  0,  0,  0,  0,  0,  0,  0,  0,  0,  0,  0,  0, ],
[ 0,  0,  0,  0,  0,  0,  0,  0,  0,  0,  0,  0,  0,  0,  0,  0,  0,  0,  0,  0,  8,  0,  0,  0, ],
[ 0,  0,  0,  0,  0,  0,  0,  0,  0,  0,  0,  0,  0,  0,  0,  0,  0,  3,  0,  0,  0,  0,  0,  0, ],
[ 0,  0,  0,  0,  9,  0,  0,  0,  0,  0,  0,  0,  0,  0,  0,  0,  0,  0,  9,  0,  0,  0,  0,  0, ],
[ 0,  6,  0,  0,  0,  0,  0,  0,  0,  2,  0,  0,  0,  0,  0,  0,  8,  0,  0,  0,  0,  0,  0,  0, ],
[ 0,  0,  0,  0,  0,  0,  0, 14,  0,  0,  0,  0,  0,  0,  0,  0,  4,  0,  0,  2,  0,  0,  0,  0, ],
[ 0,  0,  0,  0,  0,  0,  0,  0,  0,  0,  0,  0,  0,  0,  0,  0,  0,  0,  0,  0,  0,  0,  0,  0, ],
[ 0,  0,  0,  0, 11,  5,  0, 14,  0,  0,  6,  0,  0,  0,  0,  0,  0,  0,  0,  0,  0,  0,  0,  0, ],
[ 0,  0,  0,  0,  0,  0,  0,  0,  0,  8,  2,  0,  0,  0,  0,  0,  8,  0,  0,  0,  0, 13,  0,  0, ],
[ 0,  8,  0,  0,  0,  0,  0,  0,  0,  0,  0,  0,  0,  0,  0,  0,  0,  0,  0,  0,  0,  0,  0,  0, ],
[ 0,  0,  0,  0,  0,  2,  0,  0,  0,  0,  0,  0,  0,  0,  0,  0,  0,  4,  0,  0,  0,  0,  0,  0, ],
[ 0,  0,  0,  0,  0,  0,  0,  0,  0,  0,  0,  0,  8,  0,  0,  0,  0,  0,  0,  2,  0,  0,  0,  0, ],
[ 0, 14, 13,  0,  0,  0,  0,  0,  0,  0,  0, 13,  0,  0,  0,  0,  0,  0,  0,  0,  0,  0,  0,  0, ],
[ 0,  0,  0,  0, 10,  0,  0,  0,  0,  0,  0,  0,  0,  5,  0,  0,  4,  0,  0,  0,  0,  0,  0,  1, ],
[ 0,  0,  0,  0,  0,  3,  0,  0,  0,  0,  0,  0,  0,  0,  0,  0,  0,  0,  0,  0, 13,  0, 11,  0, ],
[ 7,  5,  0,  0,  3,  0,  0,  0,  0,  0,  0,  0,  0,  0, 13,  0,  0,  1,  0,  0,  0,  0,  0,  0, ],
[ 0,  0,  0,  0,  0,  0,  3,  0,  0,  0,  2,  0,  0,  0,  0, 12,  0, 12,  0,  0,  0,  0,  0,  0, ],
[ 0,  0,  0,  0,  0,  0,  4,  0,  0,  0,  0,  0,  0,  0,  0,  0,  0,  0,  0,  0,  0,  0,  0,  0, ],
[ 0, 13,  0,  0,  0,  2,  0,  0,  7,  0,  0,  0,  0,  0,  0,  0,  0,  0,  0,  0,  0,  0,  0,  0, ],
[ 0,  0,  0,  0,  0,  0,  0, 12,  0,  0,  0,  0,  7,  3,  0,  0,  0,  0,  0,  0,  0,  0,  0,  0, ],
[ 0,  0,  0,  0, 10,  0,  0,  0,  0,  0,  0,  0, 13,  0,  0,  0,  0,  0,  3,  0,  0,  0,  0,  0, ],
[ 0,  0,  0,  0,  0,  0,  0,  0,  0,  0,  7,  0,  0,  0,  0,  0,  0,  0, 14,  0,  0,  0,  0,  0, ],
[ 0,  0,  0, 10,  0,  0,  0,  0,  2,  0,  0,  0,  0,  0,  0,  8,  0,  0,  0,  0,  0,  0,  0,  0, ],
[ 0,  7,  0,  0,  0,  0,  0,  0,  0,  0,  0,  0,  0,  0,  0,  6,  0,  0,  0,  0,  0,  0,  0,  0, ],
[ 0,  0,  0,  0,  0,  0,  0,  0,  0,  0,  0,  0,  5, 12,  0,  0,  0,  0,  0,  0,  0,  0,  0,  0, ],
[ 0,  0,  0,  0,  0,  8,  0,  0,  0,  0,  0,  0,  0,  0,  0,  0,  0,  0,  0,  0,  0,  7,  0,  0, ],
[ 0,  0,  0,  0,  0,  0,  0,  0,  0,  0,  0,  0,  0,  0,  0,  0,  0, 10,  0,  0,  0,  0,  9,  0, ],
[ 0,  0,  0,  0,  5,  0,  0,  0,  8,  0,  0,  0,  0,  0,  0,  0,  0,  0,  0,  0,  0,  0,  0,  0, ],
[ 0,  0,  0,  0,  0,  0,  0,  0,  0,  0,  3,  0,  2,  0,  0,  5,  0,  0,  6,  0,  0,  0,  0, 13, ],
[ 0,  0,  0,  0,  0,  0,  0,  0,  0,  0,  0,  0,  0,  0,  0,  0,  0,  4,  0,  9,  0,  0,  0,  0, ],
[ 0,  0,  0,  0,  0,  0,  0,  0,  0,  0,  0,  0,  0,  0,  0,  0,  0,  0,  0,  0,  0,  0,  0,  0, ],
[ 0,  0,  0,  0,  0,  0,  0,  0,  0,  0,  0,  0,  0,  0,  0,  0,  0,  0,  0,  0,  0, 10,  0,  0, ],
[ 0,  0,  0,  0,  0,  0,  0,  0,  0,  7,  2,  0,  0,  0,  0,  0, 13,  0,  0,  0,  0,  0,  0,  0, ],
[10,  0,  0,  0,  0,  0, 10,  0,  0,  0,  0,  0,  2,  0,  0,  0,  0,  0,  0,  0,  0,  0,  0,  0, ],
[ 0,  0,  0,  0,  0,  0,  0,  0,  0,  0,  0,  0,  0,  0,  0,  0,  0,  0,  0,  0,  0,  0,  0,  0, ],
[ 0,  0, 13, 13,  0,  0,  0,  9,  0,  0,  0,  0,  0,  0,  0,  0,  0,  0,  0,  0,  0,  0,  0,  0, ],
[ 0,  0,  0,  0,  4,  0,  0,  0, 11,  0,  0,  0,  0,  0,  0,  0,  0,  0,  0,  0, 12,  0,  0, 10, ],
[ 0,  0,  0,  0,  0,  0,  0,  0,  0,  0,  0,  0,  0,  0,  0,  0,  0,  0,  0,  0,  0,  0,  0,  0, ],
[ 0,  0,  0,  0,  0,  0,  0,  2,  0,  0,  0,  8,  0,  0,  0,  0,  0,  0,  0,  0,  0,  0,  0, 13, ],
[ 4,  0,  0,  0,  0,  0,  0,  0,  0,  0,  0,  0,  0,  0,  0,  0,  0,  0,  3,  0, 14,  0, 10,  0, ],
[ 0,  0,  0,  0,  0,  0,  0,  0,  0,  0,  0,  0,  0,  0,  0,  5,  0,  0,  0,  0,  0,  0,  0,  0, ],
[ 0,  0,  0,  0,  0,  0,  0,  0,  0,  0,  0,  0,  0,  0,  0,  0,  0,  0,  0,  0,  0,  0,  0,  0, ],
[ 0,  0,  0,  0,  0,  0,  0,  0,  0,  0,  0,  0,  0,  0,  0, 10,  0,  0,  0,  0,  0,  0,  0,  0, ],
[ 3,  0,  0,  0, 13,  0,  0,  0,  0,  0,  7,  0,  0,  0,  0,  0,  0,  0,  0,  0,  0,  0,  0,  0, ],
[ 0,  0,  0,  0,  0,  0, 12,  0,  0,  0,  0,  0,  7,  0,  0,  0,  0,  0,  0,  0,  0,  0, 14,  0, ],
[ 0,  0,  0,  0,  0, 10,  0,  0,  0,  0,  0,  0,  0,  7,  0,  0,  0,  0,  2,  0,  0,  0,  0,  0, ],
[11,  0,  0,  0,  0,  0,  0,  0,  0,  0,  0,  0,  0,  0,  0,  0,  0,  0,  0,  0,  0,  0,  0,  0, ],
[ 0,  0,  0,  0,  0,  7,  0,  0,  0, 13,  0,  8,  0,  0,  0,  5,  0,  0, 11,  0,  0,  0,  0,  0, ],
[ 0,  0, 14,  0,  0,  0,  0,  0,  0,  0,  0,  0,  0,  8,  0,  0,  0,  0,  0,  4, 11,  0,  0,  0, ],
[ 0,  0,  0,  0,  0,  0,  0,  0,  6,  0,  0,  0,  0,  0,  4,  0,  0,  0,  0,  0,  0,  0,  0,  0, ],
[ 0,  0,  0,  0,  0,  0,  0,  0,  0,  0,  0,  0,  0, 12,  0,  0, 11,  0,  0,  0,  5,  0,  0,  0, ],
[ 0,  0,  0,  0,  0,  0,  0,  0,  0,  4,  0,  0,  0,  0,  0,  8,  0,  0,  0,  0,  9,  0,  0,  2, ],
[ 0,  8,  0,  0,  0,  0,  0,  0,  0,  0,  0, 13,  0,  0,  0,  0,  0,  0,  4,  0,  0,  0,  0,  0, ],
[ 0,  0,  0,  0,  0,  0,  0,  0,  0,  0,  0,  0,  0,  0,  0,  0,  0,  0,  0,  6,  0,  0,  0,  0, ],
[ 0,  0, 14,  0,  0,  0,  0,  0,  0,  2,  0,  0,  0,  0,  0,  0,  4,  0,  0,  0,  0,  0,  0,  0, ],
[ 0,  0,  7,  0,  0,  0,  0,  0,  0,  0,  0,  0, 12, 12,  0,  0,  0,  0,  0,  2,  0,  0,  0,  0, ],
[ 0,  0,  0,  0,  0,  0,  0,  0,  0,  0,  4,  0,  0,  0,  0,  0,  0,  0,  0,  0,  0,  0,  0,  5, ],
[ 2,  0,  0,  0, 13,  0,  0,  0,  0,  0,  0,  0,  0,  0,  0,  0,  0,  0,  0,  0,  0,  0,  0,  0, ],
[ 0,  9,  0,  0, 14,  0,  6,  0,  0,  0,  0,  0,  0,  0,  0,  0, 13,  0, 10,  0,  0,  8,  0,  0, ],
[ 0,  0,  0,  0,  0,  0,  0,  0,  0,  0,  0, 12,  0,  0,  0,  0,  1,  0,  0,  0,  0,  0,  0,  0, ],
[ 0,  0,  0,  0,  0,  0,  0,  0,  0, 13,  0,  0,  0,  0,  0,  0,  5,  0,  0,  0,  0,  0,  9,  0, ],
[ 0,  0,  0,  0,  0,  0, 12,  0,  0,  0,  0,  0,  0,  0,  0,  0,  0,  0,  0,  0,  1,  3,  0,  0, ],
[ 0,  0,  6,  0,  0, 14,  0,  0,  0,  0,  0,  0,  0,  0,  0,  0,  4,  0,  0,  0,  0,  0,  0,  5, ],
[ 0,  0,  0,  0,  0,  0,  0,  0,  0,  2,  0,  0,  0,  0,  0,  0,  0,  0,  0, 14,  0,  0,  0,  0, ],
[ 0,  0,  0,  0,  0,  1,  0,  0,  9,  0,  0,  0,  0,  0,  0,  0,  0,  0,  0,  0,  6,  5,  0,  0, ],
[ 0,  0,  0,  0,  0,  0,  0,  0,  0,  0,  0, 10,  0,  0,  0,  0,  0,  0,  0,  0,  0,  0,  0,  0, ],
[ 0,  0,  0,  0,  0,  0,  0,  0,  0,  0,  0,  0,  0,  0,  0,  0,  0,  0,  0,  0,  0,  0,  0,  0, ],
[ 0,  0,  0,  0,  0,  0,  0,  0,  0,  0,  0,  0,  0,  0,  2,  0,  0, 11,  0,  0,  0,  0,  0, 14, ],


[0.2249, 0.8986, ],
[-0.0212, 0.8746, ],
[0.7343, 0.5175, ],
[-0.7120, 0.1159, ],
[-0.3733, -0.8616, ],
[0.0955, 0.5083, ],
[0.0940, 0.4189, ],
[0.1851, -0.9960, ],
[0.0057, 0.6463, ],
[-0.1351, -0.0830, ],
[0.2788, 0.1609, ],
[-0.0597, 0.5665, ],
[-0.3529, -0.0934, ],
[-0.9457, 0.6827, ],
[-0.7173, 0.6332, ],
[-0.2882, 0.2251, ],
[0.7988, -0.7422, ],
[-0.3069, -0.5060, ],
[-0.0215, 0.4748, ],
[0.1556, 0.6436, ],
[-0.5102, -0.3755, ],
[-0.3488, -0.0173, ],
[-0.3713, -0.1048, ],
[0.8467, 0.4290, ],
[0.0044, 0.8739, ],
[0.6930, 0.2158, ],
[-0.7257, -0.0696, ],
[0.2420, 0.7610, ],
[-0.1963, 0.4018, ],
[-0.0990, 0.9833, ],
[0.0548, -0.4202, ],
[-0.8737, 0.8753, ],
[-0.4261, -0.8446, ],
[0.5130, 0.2433, ],
[-0.5924, 0.0331, ],
[-0.5448, 0.9130, ],
[-0.4267, 0.3852, ],
[0.6306, -0.1638, ],
[1.0000, 0.3372, ],
[-0.0806, 0.9269, ],
[0.5340, -0.2964, ],
[0.2674, 0.1143, ],
[-0.9784, -0.7973, ],
[0.2383, -0.2885, ],
[-0.5291, -0.2032, ],
[0.5990, -0.6859, ],
[-0.2190, 0.9764, ],
[-0.2034, -0.4250, ],
[-0.7624, 0.3348, ],
[0.3667, 1.0000, ],
[-0.2882, -0.2160, ],
[0.2049, 0.6418, ],
[0.3039, 0.7443, ],
[0.1413, -0.7771, ],
[-0.2312, 0.8879, ],
[0.9763, 0.2889, ],
[-0.4611, 0.0112, ],
[0.4183, 0.1739, ],
[0.1999, 0.4511, ],
[-0.1975, 0.4154, ],
[0.0964, -0.6495, ],
[-0.5384, 0.7437, ],
[-0.9300, -0.8530, ],
[0.1213, 0.3010, ],
[-0.7563, 0.2230, ],
[0.2207, -0.2693, ],
[-0.1351, 0.8630, ],
[-0.7931, -0.0880, ],
[0.4649, -0.6789, ],
[-0.7781, -0.0521, ],
[0.4163, -0.3489, ],
[-0.5603, -0.9014, ],
[0.4466, -0.4756, ],
[0.6253, 0.1383, ],
[0.6629, 0.7853, ],
[-0.9045, -0.1754, ],
[-0.9561, 0.1942, ],
[-0.7223, 0.0637, ],
[0.2656, 0.7074, ],
[-0.4938, -0.8370, ],
[-0.0419, 0.7536, ],
[0.4740, 0.5076, ],
[-0.4266, 0.0986, ],
[-0.7689, -1.0000, ],
[-0.1752, 0.9210, ],
[-0.0291, -0.8665, ],
[-0.6920, 0.9900, ],
[-0.8731, 0.7433, ],
[-0.0851, -0.5110, ],
[-0.4060, 0.4670, ],
[-0.3495, -0.6482, ],
[0.3918, 0.6851, ],
[-0.1723, -0.5897, ],
[0.8598, 0.5884, ],
[-0.6069, 0.6244, ],
[0.3044, -0.0964, ],
[0.4374, 0.1456, ],
[0.0389, 0.2292, ],
[0.3461, 0.1945, ],
[0.5344, 0.3948, ],


[3.0000, ],
[14.0000, ],
[10.0000, ],
[11.0000, ],
[15.0000, ],
[7.0000, ],
[13.0000, ],
[1.0000, ],
[11.0000, ],
[9.0000, ],
[10.0000, ],
[15.0000, ],
[3.0000, ],
[4.0000, ],
[2.0000, ],
[0.0000, ],
[10.0000, ],
[7.0000, ],
[12.0000, ],
[15.0000, ],
[18.0000, ],
[3.0000, ],
[2.0000, ],
[8.0000, ],
[1.0000, ],
[0.0000, ],
[7.0000, ],
[7.0000, ],
[5.0000, ],
[3.0000, ],
[0.0000, ],
[0.0000, ],
[6.0000, ],
[3.0000, ],
[2.0000, ],
[6.0000, ],
[7.0000, ],
[7.0000, ],
[0.0000, ],
[13.0000, ],
[11.0000, ],
[3.0000, ],
[3.0000, ],
[4.0000, ],
[12.0000, ],
[9.0000, ],
[10.0000, ],
[12.0000, ],
[11.0000, ],
[2.0000, ],
[8.0000, ],
[9.0000, ],
[10.0000, ],
[7.0000, ],
[8.0000, ],
[6.0000, ],
[6.0000, ],
[6.0000, ],
[7.0000, ],
[5.0000, ],
[12.0000, ],
[5.0000, ],
[0.0000, ],
[4.0000, ],
[8.0000, ],
[9.0000, ],
[0.0000, ],
[11.0000, ],
[14.0000, ],
[0.0000, ],
[8.0000, ],
[12.0000, ],
[2.0000, ],
[0.0000, ],
[4.0000, ],
[9.0000, ],
[11.0000, ],
[8.0000, ],
[4.0000, ],
[16.0000, ],
[13.0000, ],
[5.0000, ],
[10.0000, ],
[9.0000, ],
[9.0000, ],
[3.0000, ],
[7.0000, ],
[12.0000, ],
[4.0000, ],
[5.0000, ],
[21.0000, ],
[5.0000, ],
[9.0000, ],
[7.0000, ],
[11.0000, ],
[5.0000, ],
[9.0000, ],
[4.0000, ],
[0.0000, ],
[9.0000, ],


