[ 0,  0,  0,  0,  0,  0,  0,  0,  0,  0,  0,  0,  0,  0,  0,  0,  0,  0,  0,  0,  0,  0,  0,  0, ],
[ 0,  0,  0,  0,  4,  0,  0,  7,  0,  0,  0,  0,  0, 13,  0,  0,  0,  0,  0,  0,  0,  0,  0,  0, ],
[ 0,  0,  0,  0,  0,  0,  0,  0,  0,  0,  0,  0,  1,  0,  0,  2,  0,  0,  0,  0,  0,  0,  0,  0, ],
[ 0,  0,  0,  0,  0,  0,  1,  0,  0,  0,  0,  0,  0,  0,  0,  0,  0,  0,  0,  0,  0,  0,  0,  0, ],
[ 0,  0,  0,  4,  0,  0,  0,  0,  0,  0,  0,  0,  0,  0,  0,  0,  0,  0,  0,  0,  0,  0,  0,  0, ],
[ 0,  0,  0,  0,  0,  0,  0,  0,  0,  0,  0,  0,  0,  0,  2,  0,  0,  0,  0,  0,  0,  0,  0,  0, ],
[ 0,  4,  0,  0, 11,  0, 13,  0,  0,  0,  0,  0,  0,  0,  0,  0,  0,  8,  0,  2,  0,  0,  0,  0, ],
[ 0,  7,  0,  0,  6,  0,  0,  0,  6,  0,  0,  0,  0,  0,  0,  0,  0,  0,  0,  1,  5,  0,  2,  0, ],
[ 0,  0,  0,  0,  0,  0,  2,  0,  0,  0,  0,  0,  0,  0, 12,  0,  0,  0,  0,  0,  0,  0,  0,  0, ],
[ 0,  0,  0,  0,  0,  0,  0,  0,  0,  0,  0,  0,  0,  0,  0,  0,  0,  0,  0,  0,  0,  0,  0,  0, ],
[ 0,  0,  0,  0,  7,  0,  0,  0,  4,  0,  0,  0,  0,  0,  0,  0,  0,  0,  0,  0,  0,  0,  0,  0, ],
[ 0,  0,  0,  0,  0,  0,  0,  0,  0,  0,  0,  0,  0,  0,  0,  0,  0,  0,  0,  0,  0,  0,  0,  0, ],
[ 0,  0,  0,  0,  0,  0,  0,  0,  1,  0,  0,  0,  3,  0,  0,  0, 13,  0,  8,  0,  0,  3,  0,  0, ],
[ 0,  0,  0,  0,  0, 14,  0,  0,  0,  0,  0,  0,  0,  0,  0,  0,  0,  0,  0,  0,  0,  0,  0,  0, ],
[ 0,  0,  0,  0, 11,  0,  0,  0,  0,  0,  0,  0,  0,  0,  0,  0,  0,  0,  0,  0,  0,  0,  0,  0, ],
[10,  0,  0,  0,  9,  0,  0,  0,  0,  0,  0,  0,  0,  0,  0,  0,  0,  0,  0,  0,  0,  0,  0,  0, ],
[ 0,  0,  0,  0,  0,  5,  0,  0,  0,  0,  0,  4,  9,  0,  1,  0,  0,  0,  0,  0,  0,  0,  0,  1, ],
[ 0,  0,  0,  0,  0,  0,  0, 13,  0,  2,  0,  0,  0,  0,  0,  0,  0,  0,  0,  0,  0,  0,  0,  0, ],
[ 0,  0,  0,  0,  0,  0,  0,  0, 13,  0,  0,  0,  0,  0,  0,  0,  0,  0,  0,  0,  0,  0,  0,  0, ],
[ 0,  0,  2,  0,  0,  0,  0,  0,  0,  0, 11,  0,  0,  0,  0,  0,  0,  0,  0,  8,  6,  0, 10,  0, ],
[ 0,  0,  0,  0,  0,  0,  2,  0, 10,  0,  0,  0, 13,  0,  0,  0,  0,  0,  0,  0, 13,  0,  0,  0, ],
[ 0,  0,  0,  0,  0,  0,  5,  0,  0,  0,  0, 14,  0,  0,  0,  0,  0,  0,  9,  0,  0,  0,  0,  0, ],
[ 0,  0,  7,  0, 12,  0,  0,  2,  0,  0,  0,  0,  0,  0,  0,  0,  0,  0,  6,  0,  0,  0,  0,  0, ],
[ 0,  0,  0,  0,  0,  0,  0,  0,  0,  0,  0,  0,  0,  0,  0,  0,  0,  8,  0,  0,  0,  0,  0,  0, ],
[ 0,  0,  0,  0,  0,  0, 11,  0,  0,  0,  0, 10,  0,  0,  0,  0,  0,  0,  0,  0,  0,  0, 11,  0, ],
[ 0,  0,  0,  0,  0,  0,  1,  0,  0,  0,  0,  0,  0,  0,  0,  2,  0,  0,  0,  0,  0,  0, 12,  0, ],
[ 0,  0,  0,  0,  0,  0,  0,  0,  0,  5,  0,  0,  0,  0,  0,  0,  0,  0,  0,  0,  0,  0,  0,  0, ],
[ 0,  0,  0,  0,  0,  0,  3,  0,  0,  0,  0,  0,  0,  0,  0,  0,  0,  0,  0,  0,  0,  0,  0,  0, ],
[ 0,  0,  0,  0,  0,  0,  0,  0,  0,  0,  0,  0,  0,  0,  0,  0,  0,  0,  0,  0,  0, 10,  0,  0, ],
[ 5,  0,  0,  0,  0,  0,  0,  0,  0,  0,  0,  0,  0,  0,  0,  0,  0,  0,  0,  0,  0,  0,  0,  0, ],
[ 0,  0,  0,  0,  0,  0,  0,  7,  0,  0,  0,  0, 11,  0,  0,  0,  0,  0,  0,  0,  0,  0,  0, 14, ],
[ 0,  0,  0,  0,  0,  0,  0,  0,  0,  0,  0,  0,  0,  0,  2,  0,  0,  0,  0,  0,  0,  0,  0,  0, ],
[ 0,  0,  0,  0,  0,  0,  3,  0,  8,  0,  0, 10,  0,  0,  0,  0,  0,  0,  0,  0,  0,  0,  0,  0, ],
[ 0,  0,  0,  0,  0,  1,  0,  0,  0,  0,  0,  0,  0,  0,  0,  0,  0,  2,  0,  2,  0,  0,  0,  0, ],
[ 0,  0,  0,  0,  0,  0,  0,  0,  0,  0,  0,  0,  0,  0,  0,  0,  0,  0,  0,  0,  0,  0,  0,  0, ],
[ 0,  0,  0,  0, 14,  0,  0,  7,  0,  0,  0,  0,  0,  0,  0,  0,  0,  0,  0,  0,  0,  0,  0,  0, ],
[ 0,  0,  0,  0,  0,  0,  0,  0, 11,  0,  0,  0,  0,  6,  0,  0,  0,  0,  0,  0,  0,  0,  0,  0, ],
[ 0,  0,  0, 14,  0,  0,  0,  0,  0,  0,  0,  0,  0,  0,  0,  0,  0,  0,  2,  0,  0,  0,  0,  0, ],
[ 0,  0,  9,  0,  0,  0,  0,  0,  0,  0,  0,  0,  0,  0,  0,  0,  0,  0,  0,  8,  0,  0,  0,  0, ],
[ 6,  0,  0,  0,  0,  0,  0,  0,  0,  0,  0,  0,  0,  0,  0,  0,  0,  0,  0,  2,  6,  0,  0,  0, ],
[ 0,  0,  0,  0,  0,  0,  0,  0,  0,  0,  0,  0,  0,  0,  0,  2,  0,  0,  0,  0,  0,  0,  0,  0, ],
[ 0,  0,  0,  0,  0,  0,  0,  0,  0, 10,  0,  0,  0,  0,  0,  0,  0,  0,  0,  0, 10,  0,  0,  0, ],
[ 0,  0,  0,  0,  0,  0,  0,  0,  0,  0,  0,  0,  0,  2,  0,  0,  1,  0,  0,  0,  0,  0,  0,  0, ],
[ 2,  0,  0,  0,  0,  0,  0,  0,  0,  0,  0,  0,  0,  0,  0,  0,  0,  0,  0,  0,  0,  0,  0,  0, ],
[ 0,  0,  0,  2,  0,  2,  0,  0,  0,  0,  0,  0,  0,  0,  0,  0,  0,  0,  0,  0,  0,  0,  0,  0, ],
[ 0,  0,  2,  0,  0,  9, 14,  0,  0,  3,  0,  0,  0,  0,  0,  0,  4,  0,  0,  0,  0,  0, 12,  0, ],
[ 0,  0,  0,  0,  0,  0,  0,  0,  0,  0,  0,  0,  0,  0,  0,  0,  0,  0,  0,  0,  0,  0,  0,  0, ],
[ 0,  0,  0,  0,  0,  0,  0,  0,  0,  0,  0,  0,  0,  0,  0,  0,  0,  0,  0,  0,  0,  0,  0,  0, ],
[ 0,  0,  0,  0,  0,  0,  0,  0,  0,  0,  0,  0, 14,  0,  0,  0, 13,  0,  0,  1,  0,  0,  0,  6, ],
[ 0,  9,  0,  0,  0,  0,  8,  0,  0,  0,  0, 12,  0,  0,  0,  0,  0,  0,  0,  0,  0,  0,  0,  0, ],
[ 0,  0,  0,  0,  0,  0,  0,  0,  0,  0,  0,  0,  0,  0,  0,  0,  0,  2,  0,  0,  0,  0,  0,  0, ],
[ 0,  0, 14,  0,  0,  0,  0,  0,  0,  0,  0,  0,  0,  0,  0,  0,  0,  0,  0,  0,  9,  0,  0,  0, ],
[ 0,  0,  0,  0,  0,  0,  0, 11,  0, 14,  0,  0,  0,  0,  0,  0,  0,  0,  0,  0,  5,  0,  0,  0, ],
[ 0,  0,  0,  0,  0,  0,  0,  0,  0,  0,  0,  0, 12,  0,  0,  0,  0,  0,  0,  0,  0,  0,  0,  0, ],
[ 0,  0,  0,  0,  0,  0,  0,  0,  0,  0,  0,  0,  0,  0,  0,  0,  0,  0,  0,  0,  0,  0,  0,  0, ],
[ 0,  0,  0,  0,  0,  0, 12,  0,  6,  0,  0, 14,  0,  0,  0,  0,  0,  0,  0,  0,  0,  0,  0,  4, ],
[ 0,  0,  0,  0,  0,  0,  0,  0,  0,  0,  0,  2,  5,  0,  0,  0,  0,  0,  0,  0,  0,  0,  0,  0, ],
[ 0,  0,  0,  0, 12,  0,  0,  0,  0,  0,  0,  0,  0,  0,  0,  0,  0,  0,  0,  0,  0,  0,  0,  9, ],
[ 0,  0,  0,  0,  0,  0,  0,  0,  0,  0,  0,  0,  7,  0,  0,  0,  0,  0, 12,  0, 12,  0,  0,  0, ],
[ 0,  0,  0,  0,  0,  0,  0,  0,  0,  0,  0,  0,  0,  0,  0,  0,  0,  0,  0,  0,  0,  0,  6,  0, ],
[ 0,  3,  0,  0,  0,  0,  0,  0,  0,  0,  0,  0,  0,  0,  0,  0,  0,  0,  0,  0,  0,  0,  0,  0, ],
[ 0,  0,  0,  0,  0,  0,  0,  0,  0,  4,  9,  0,  0,  0, 13,  0,  0,  0,  0,  0,  0,  0,  0,  0, ],
[ 0,  0,  0, 10,  0,  0,  0,  0,  0,  0,  0,  0,  0,  0,  9,  0,  7,  0,  0, 14,  0,  0, 10,  0, ],
[ 0,  0,  0,  0,  0,  0,  0,  0,  0,  0,  9,  0,  0,  0,  0,  0,  0,  0,  0,  0,  3,  0,  0,  0, ],
[ 0,  0,  0,  0,  0,  0,  0,  0,  0,  0,  8,  0,  0,  0,  0,  0,  0,  0,  0,  0,  0,  4,  0,  0, ],
[ 0,  0,  0,  0,  4,  0,  0,  0,  0, 13,  0,  0,  9,  0,  0,  0,  0,  0,  0,  0,  0,  0,  0,  0, ],
[ 0,  0,  0,  0,  0,  7,  0,  0,  0, 10,  0,  0,  0,  0,  0,  6,  0,  0,  0,  7,  0,  0,  0,  0, ],
[ 0,  0,  3,  0,  8,  0,  0,  0,  0,  0,  0,  0,  0,  0,  0,  0,  0,  0,  0,  0,  0,  0,  0,  0, ],
[ 0,  7,  0,  0,  0,  0,  0,  0,  0,  0,  0,  0,  0,  0,  0,  0,  0,  0,  0,  0,  0,  0,  0,  0, ],
[13,  7,  4,  0,  0,  0,  0,  0,  0,  0,  0,  0,  0,  0,  0,  0,  0,  0,  0,  0,  0,  0,  0,  0, ],
[ 0,  0,  0,  0,  0,  5,  0,  0,  0,  0,  0,  0,  0,  0,  0,  0,  0,  0,  0,  0,  0,  0,  0,  0, ],
[ 0,  0,  0,  3,  0,  0,  0,  0,  0, 10,  0,  0,  9,  0,  0,  0, 13,  0,  6,  0,  0,  9,  0,  0, ],
[ 0,  0,  0,  0,  0,  0,  0,  0,  0,  0,  0,  0,  0,  0,  0,  0,  0,  0,  0,  0,  0,  0,  0,  0, ],
[ 0,  0,  0,  0,  0,  0,  4,  0,  0,  0,  0,  0,  0,  0,  0,  0,  0,  0,  0,  0,  0,  0,  0,  0, ],
[ 0,  0,  0,  0, 12,  0,  0,  0,  0,  0,  0,  0,  1,  0,  0, 13,  0,  0,  0,  0,  0,  0,  0,  0, ],
[ 0,  0,  0,  0,  0,  0,  0, 14,  0,  0,  7,  0,  0,  0,  0,  0,  0,  0,  3,  0,  0,  0,  0,  0, ],
[ 0,  0,  2,  0,  0,  0,  0,  0,  0,  1,  0,  0,  0,  0,  0,  0,  0,  0,  0,  8,  0,  0,  0,  0, ],
[ 0,  0,  0,  0,  0,  0,  0, 11,  0,  0,  0,  0,  0,  0,  0,  0,  0,  0,  0,  0,  0,  0,  0,  0, ],
[ 0,  0,  0,  0,  0,  0,  0, 13,  0,  0,  0,  0, 10,  0,  6,  0,  0,  0, 13,  0,  3,  0,  0,  0, ],
[ 0,  0,  5,  0,  0,  0,  0,  0,  0,  0,  8,  0,  0,  0, 14,  0,  0,  0,  0,  0,  0,  0,  0,  0, ],
[ 0,  0,  0,  0,  0, 12,  0,  0,  0,  0,  0,  0,  0,  0,  0, 11,  0,  0,  0,  0,  0,  0,  0,  0, ],
[ 0,  0,  0,  3,  0,  0,  0,  0,  0,  0,  0,  0,  0,  0,  0,  0,  0,  0,  0,  0,  0,  0,  0,  0, ],
[ 0,  0,  0,  0,  0,  0,  0,  0,  0,  0,  0,  0,  0,  5,  0,  0,  0,  0,  0,  0,  0,  0,  0,  0, ],
[ 9,  0,  0,  0,  0,  0,  0,  7,  4,  0, 11,  0,  0,  0, 11,  0,  0,  0,  0,  0,  0,  0,  0,  0, ],
[ 0,  0,  0,  0,  0,  0,  0,  0,  0,  0,  0,  0,  0,  0,  1,  0,  0,  0,  0,  0,  0,  0,  0,  0, ],
[14,  0,  0,  5,  0,  0,  0,  0,  0,  8,  0,  0,  0,  0,  0,  0,  0,  0,  0,  0,  0, 13,  0,  0, ],
[ 0,  0,  0,  0,  0,  0, 12,  0,  0,  0,  0,  0,  2,  0,  0,  3,  0,  0,  0,  0,  0,  0,  0,  0, ],
[ 0,  0,  0,  0,  0,  0,  0,  0,  0,  0,  0,  0,  0, 12,  3,  0,  0,  0,  0,  0,  0,  0,  0,  0, ],
[ 0,  0,  0,  0,  0,  0,  0,  0,  0,  0,  0,  0,  0,  0,  5,  0,  0,  0,  0,  0,  0,  0,  0,  0, ],
[ 0,  0, 11,  0,  0,  0,  0,  0,  0,  0,  0,  0,  0,  0,  0,  0,  0, 14,  0,  0,  5,  0,  0,  0, ],
[ 0,  0,  0, 13,  0,  0,  0,  0,  0,  0,  0,  0,  0, 14,  0,  0,  0,  0,  0,  0,  0,  0,  0,  0, ],
[ 0,  0,  0,  0,  0,  0,  0,  0,  7,  0,  0,  0,  0,  0,  0,  0,  0,  0,  0,  0,  0,  0,  0,  6, ],
[ 0,  0,  0,  0,  0,  0,  0,  0,  0,  0,  0,  0,  0,  0,  5,  0,  0,  0,  0,  0,  0,  0,  0,  0, ],
[ 0,  7,  0,  0,  0,  0,  0,  0,  0,  0,  0,  0,  0,  0,  0,  0,  0,  0,  0,  0,  0,  0,  0,  0, ],
[ 0,  0,  0,  0,  0,  0,  0,  0,  0,  0,  0,  0,  0,  0,  0,  0,  6,  0,  0,  0,  0,  0,  0,  0, ],
[ 0,  0,  0,  0,  0,  0,  0,  0,  0,  0,  3, 11,  0,  0,  0,  0,  0,  0,  0,  0,  0,  0,  0,  0, ],
[ 0,  0,  0,  0,  0,  0,  0,  8,  0,  0, 12,  0,  0,  0,  0,  0,  0,  0,  0,  0, 14,  0,  0,  0, ],
[ 0,  0,  8,  0,  0,  0,  0,  0,  0,  0,  0,  0,  0,  0,  0,  0,  0,  0,  0,  0,  0,  0,  0,  0, ],
[ 0,  0,  0,  0,  0,  0,  0,  0,  0,  0,  0,  0,  0,  0,  0,  0,  0,  0,  0,  0,  0,  0,  0,  0, ],
[ 0,  0,  0,  0,  0,  0,  0,  0,  0,  0,  0,  0,  0,  0,  0,  0,  0,  0,  0,  0,  0,  0,  0,  7, ],


[0.8373, -0.1335, ],
[0.0066, -0.1865, ],
[0.0738, 0.4884, ],
[0.0063, -0.0346, ],
[0.5590, 0.9738, ],
[0.6033, 0.5253, ],
[-0.7266, -1.0000, ],
[0.5614, -0.1857, ],
[0.0609, 0.5252, ],
[-0.4674, -0.8651, ],
[-0.1107, -0.1738, ],
[-0.0702, -0.4763, ],
[0.2892, 0.5083, ],
[-0.0362, 0.6827, ],
[-0.4542, 0.4569, ],
[-0.5962, -0.1485, ],
[1.0000, -0.7390, ],
[-0.2090, 0.8329, ],
[0.6602, 0.6211, ],
[0.3157, -0.8145, ],
[-0.8111, 0.4239, ],
[0.4203, -0.5198, ],
[0.7401, 0.0112, ],
[0.2820, -0.7541, ],
[0.9594, -0.2464, ],
[0.6841, 0.1937, ],
[0.8563, -0.3766, ],
[-0.5275, 0.6727, ],
[0.4349, 0.2287, ],
[0.5344, -0.5533, ],
[0.4297, 0.3463, ],
[0.0189, 0.7241, ],
[0.1495, -0.2914, ],
[0.8421, 0.2209, ],
[0.1528, 0.3191, ],
[-0.6561, -0.1261, ],
[-0.2553, 0.0233, ],
[0.3436, 0.3693, ],
[-0.0233, -0.4119, ],
[0.6731, -0.7008, ],
[0.7640, -0.9845, ],
[0.0428, 0.1143, ],
[1.0000, -0.1699, ],
[0.8744, -0.9062, ],
[0.6351, -0.2032, ],
[0.7533, -0.3409, ],
[-0.2500, -0.5295, ],
[-0.1685, -0.9911, ],
[-0.6552, -0.6582, ],
[0.8700, 0.5280, ],
[0.1137, 0.8534, ],
[0.6349, 0.0150, ],
[0.4474, -0.9378, ],
[-0.7339, -0.2400, ],
[-0.2601, -0.3713, ],
[-0.0429, -0.3455, ],
[-0.7658, -0.0185, ],
[-0.9997, 0.9572, ],
[-0.4688, -0.9004, ],
[0.5080, 0.5392, ],
[0.7456, 0.3363, ],
[-0.5625, 0.6109, ],
[-0.7219, -0.1624, ],
[-0.9333, -0.0761, ],
[0.2002, -0.2438, ],
[0.8080, 0.0329, ],
[0.2930, -0.5339, ],
[0.4341, -0.6744, ],
[-0.6948, -0.7908, ],
[0.2074, -0.1877, ],
[-0.6506, -0.3512, ],
[0.1772, 0.4864, ],
[-0.8312, 0.4406, ],
[-0.0571, -0.7300, ],
[0.9521, 0.7956, ],
[-1.0000, -0.1754, ],
[-0.8061, 0.7796, ],
[0.9222, -0.3879, ],
[0.0585, -0.1843, ],
[-0.2481, 0.2710, ],
[-0.4164, 0.5079, ],
[-0.0929, 0.2386, ],
[0.0604, -0.5679, ],
[-0.4008, 0.7448, ],
[-0.6865, 0.0490, ],
[-0.3286, 0.4958, ],
[-0.3819, 0.5990, ],
[0.9261, 0.4199, ],
[0.5840, -0.6719, ],
[0.4997, -1.0000, ],
[0.1597, -0.1735, ],
[0.6700, -0.7829, ],
[0.8004, -0.2258, ],
[0.8583, -0.2498, ],
[-0.6830, -0.9472, ],
[0.1115, -0.3936, ],
[-0.5974, 0.1106, ],
[0.1796, -0.5417, ],
[0.8717, 0.2457, ],
[-0.4539, 0.5391, ],


[0.0000, ],
[9.0000, ],
[2.0000, ],
[1.0000, ],
[2.0000, ],
[1.0000, ],
[14.0000, ],
[13.0000, ],
[5.0000, ],
[0.0000, ],
[5.0000, ],
[0.0000, ],
[12.0000, ],
[4.0000, ],
[4.0000, ],
[7.0000, ],
[9.0000, ],
[5.0000, ],
[4.0000, ],
[15.0000, ],
[13.0000, ],
[9.0000, ],
[11.0000, ],
[3.0000, ],
[12.0000, ],
[6.0000, ],
[2.0000, ],
[2.0000, ],
[4.0000, ],
[2.0000, ],
[11.0000, ],
[1.0000, ],
[9.0000, ],
[3.0000, ],
[0.0000, ],
[7.0000, ],
[7.0000, ],
[5.0000, ],
[6.0000, ],
[7.0000, ],
[1.0000, ],
[8.0000, ],
[2.0000, ],
[1.0000, ],
[2.0000, ],
[16.0000, ],
[0.0000, ],
[0.0000, ],
[12.0000, ],
[10.0000, ],
[1.0000, ],
[7.0000, ],
[10.0000, ],
[4.0000, ],
[0.0000, ],
[13.0000, ],
[3.0000, ],
[7.0000, ],
[11.0000, ],
[3.0000, ],
[2.0000, ],
[9.0000, ],
[18.0000, ],
[5.0000, ],
[5.0000, ],
[9.0000, ],
[13.0000, ],
[5.0000, ],
[3.0000, ],
[9.0000, ],
[2.0000, ],
[19.0000, ],
[0.0000, ],
[2.0000, ],
[9.0000, ],
[9.0000, ],
[5.0000, ],
[4.0000, ],
[17.0000, ],
[9.0000, ],
[8.0000, ],
[2.0000, ],
[2.0000, ],
[16.0000, ],
[1.0000, ],
[13.0000, ],
[7.0000, ],
[6.0000, ],
[2.0000, ],
[10.0000, ],
[8.0000, ],
[6.0000, ],
[2.0000, ],
[3.0000, ],
[3.0000, ],
[6.0000, ],
[11.0000, ],
[3.0000, ],
[0.0000, ],
[3.0000, ],


