[ 0,  0,  0,  0,  0,  0,  0, 11,  0,  0,  0,  0,  0,  0,  0,  2,  0,  0,  0,  0,  0,  1,  0,  0, ],
[ 0,  0,  0,  0,  0,  0,  0,  2, 10,  0,  0,  0,  0,  0,  0,  0,  0,  0,  0,  0,  0,  0,  0,  0, ],
[ 0,  0,  0,  0,  0,  0,  0, 12,  0,  0,  0,  0,  0,  8,  0,  0,  0,  0,  0,  0,  0,  0,  0,  0, ],
[ 0,  0,  0,  0,  0,  0,  0,  0,  0, 12,  0,  0,  0, 10, 12,  0,  0,  4,  0,  0,  0,  0,  0,  0, ],
[ 0,  0,  0,  0,  0,  0,  4,  0,  0,  0,  0,  0,  0,  0,  0, 12,  0,  0,  0,  0,  0,  0,  0,  0, ],
[10,  0,  0,  0, 14,  0,  0,  0,  0,  0,  0,  0,  0,  0,  6,  0,  0,  0,  0,  0,  1,  0,  0,  0, ],
[ 0,  0, 11,  7,  0,  0,  0,  0,  0,  0,  0,  0,  0,  0,  0,  0,  0,  0,  0,  0,  0,  0,  0,  0, ],
[ 0,  0,  0,  0,  0,  0,  0,  0,  6,  0, 10,  0,  0,  0,  0,  0,  0,  0,  0,  0,  0,  0,  0,  0, ],
[ 0,  0,  0,  0,  0,  0,  0,  0,  0, 13,  0,  0,  0,  0,  0,  0,  1,  0,  0,  0,  0,  0,  0,  0, ],
[ 0,  0,  0,  0,  0,  0,  0,  0,  6,  0,  0,  0,  0,  0,  0,  0,  0,  0,  0,  0,  0,  2,  0,  0, ],
[ 0,  0,  0,  0,  0,  0,  0,  0,  0,  0,  0,  0,  1,  0,  0,  0,  9,  0,  0,  0,  0,  0,  0,  0, ],
[ 0,  0,  0,  0,  0,  0,  0,  0,  0,  0,  0,  0,  0,  0,  1,  1,  0,  0,  0,  0,  0,  0,  0,  0, ],
[ 0,  0,  0,  0,  0,  4,  0,  0,  0,  0,  0,  0,  0,  5,  7,  0,  0,  0,  0,  0,  0,  0,  0,  0, ],
[ 0,  0,  0,  0,  0,  0,  0,  8,  0,  0,  0,  0,  0,  0,  0,  0,  3,  0,  4,  0,  0,  0,  0,  0, ],
[ 0,  0,  0,  0,  0,  0,  0,  0,  0,  0,  0,  0,  0,  0,  0,  0,  0,  0,  7,  0,  0,  1,  0,  0, ],
[ 0, 10,  0,  0,  0,  0,  0,  0,  0,  0,  0,  0,  0,  0,  0,  0,  0,  0,  0,  0,  0,  0,  0,  0, ],
[ 0,  0,  0,  0,  0,  0,  0,  0,  0,  0,  0,  0,  0,  0,  0,  0,  0,  0,  0,  0,  0,  0,  0,  0, ],
[ 0,  0,  0,  0,  0,  0,  0,  0,  0,  0,  0,  0,  0,  0,  0,  1,  0,  0,  0,  0, 11,  0,  0,  0, ],
[ 0,  0,  0,  0,  0,  0,  0,  0,  0,  0,  0,  0,  0,  0,  0,  0,  0, 14,  0,  0,  0,  0,  0,  0, ],
[ 0,  0,  0,  0,  0,  0,  0,  0,  0,  0,  0,  0,  0,  0,  0,  0,  0,  0,  0,  0,  0,  1,  0,  0, ],
[ 0,  0,  0,  0,  0,  0,  0, 10,  0,  0,  0,  0,  0,  0,  0, 14,  0,  0,  0,  0, 14,  0,  0,  0, ],
[10,  0,  0,  0,  0,  0,  0,  0,  0,  0,  0,  0,  0,  0,  0,  0,  5,  2,  0,  0,  0,  0, 11,  0, ],
[ 0,  0,  0,  0,  0,  0,  0,  0, 10,  0,  0,  0,  0,  0,  0,  0,  0,  0,  0,  0,  0,  0,  0,  0, ],
[ 0,  0,  0,  0,  0,  0,  0,  0,  0,  0,  0,  0,  7,  0,  0,  0,  0,  0,  0,  0,  0,  0,  0,  0, ],
[ 0,  0,  0,  0,  0,  0,  0,  0,  8,  0,  0,  0,  0, 13,  0,  0,  0,  0,  0,  0,  0,  0,  8,  0, ],
[ 0,  0,  0,  0,  0,  0,  0,  0,  0,  0,  0,  0,  0,  0,  0,  0,  9,  0,  0,  0,  0,  0,  0,  0, ],
[ 0,  0,  0,  0,  0,  0,  0,  0,  0,  8,  0,  0,  0,  0,  0, 13,  0, 10,  0,  0,  0, 12,  0,  6, ],
[ 0,  0,  0,  0,  0,  0,  0,  0,  0,  0,  0,  0,  7,  0,  0,  0,  0,  0,  0, 13,  0,  0,  0,  0, ],
[ 0,  0,  0,  0,  0,  0,  0,  0, 13,  0,  0,  0,  0,  0,  0, 13,  0,  0,  0,  0,  0,  0,  0,  0, ],
[ 0,  0,  0,  0,  0,  0,  0,  0,  0,  0,  0,  0,  0,  0,  0,  0,  0,  0,  0,  0,  0,  0,  0,  0, ],
[ 0,  0,  0, 11,  0,  0,  0,  7,  0,  0,  0,  0,  0,  0,  0,  5,  0,  0,  0,  0,  0,  0,  0,  0, ],
[ 0,  0,  0,  0,  0,  0,  0,  0,  5,  0,  0,  0,  0,  2,  0,  0,  0,  0, 11,  0,  0,  0,  0,  0, ],
[ 0,  0,  0,  0,  0,  0,  0,  0,  9,  0,  0,  0,  0,  0,  0,  0,  0,  2,  0,  0,  0, 11,  0,  0, ],
[ 0,  0,  0,  0,  0,  0, 13,  0,  0,  0,  0,  0,  0,  0,  0,  1,  0,  0,  0,  0,  0,  0,  0,  0, ],
[ 0,  0,  0,  5,  0,  0,  0,  0,  0,  0,  0,  0,  0,  0,  0,  0,  0,  3,  0,  0,  0,  0,  0,  0, ],
[ 0,  0,  0,  0,  0,  0,  9, 10,  0,  0,  0,  0,  0,  0,  8,  0,  0,  0,  2,  0,  0,  0,  0,  0, ],
[ 0,  0,  0,  0,  0,  0,  0,  0,  9,  0,  0,  0,  0,  0,  0,  0,  0,  0,  0,  0,  0,  0,  0,  0, ],
[12,  0,  0,  2,  0,  0,  0,  0,  0,  0,  0,  0,  0,  0,  0, 11,  0,  0,  0,  0,  0,  0,  0,  0, ],
[ 0,  0,  5,  0,  0,  0,  0,  0,  0,  0,  0,  4,  0,  0,  0,  0,  0,  0,  0,  0,  5,  0,  0,  0, ],
[ 0,  0,  0,  4,  0,  0,  0,  0,  0,  0,  0,  0,  0,  0,  0,  0,  0,  0,  0,  0,  0, 10,  4,  0, ],
[10,  0,  0,  0,  0,  0,  0,  0,  0,  6,  0,  0,  0,  0,  0,  0,  4,  0,  0,  0,  0,  0,  0,  0, ],
[ 0,  0,  0,  0,  0,  0,  0,  0,  0, 10,  0, 10,  0,  0,  0,  0,  0,  0,  0,  0,  0,  0,  0,  0, ],
[ 0,  0,  0,  0,  0,  0,  0,  0,  0,  0,  0,  0,  0,  0,  0,  0,  0,  0,  0,  0,  0,  0,  0,  0, ],
[ 0,  0,  0,  0,  0,  0,  0, 11,  0,  0,  0,  0,  0,  0,  0,  0,  0,  0,  0,  0,  0,  0,  0,  0, ],
[ 0,  0,  0,  0,  0,  0,  0,  0,  0, 14,  0,  0,  0,  0,  0,  0,  0,  0,  7,  0,  0,  0,  0,  0, ],
[ 0,  0,  0,  0,  0,  0,  0,  0,  0,  0,  0,  0,  0,  0,  0,  0,  0,  0,  0,  2,  0, 14,  0,  0, ],
[14,  0,  0,  0,  0,  0,  0,  0,  0,  4,  0,  0,  0,  0,  7,  0,  0, 14,  0,  0,  0,  0,  0,  0, ],
[ 0,  0,  0,  0,  0,  0,  0,  0,  0,  0,  0,  0,  0,  0,  0,  0,  0, 10,  0,  0,  0,  0,  0,  0, ],
[ 0,  0,  8,  0,  0,  0,  3,  0,  0,  0,  0,  0,  0, 10,  0,  0, 12,  0,  0,  0,  0,  0,  0,  0, ],
[ 0,  0,  0,  0,  0,  0,  0,  0,  0,  0,  0,  0,  0,  0,  0,  0,  0,  0,  0,  0,  0,  0,  0,  0, ],
[ 0,  6,  0,  0,  0,  0,  0,  0,  0,  0,  0,  0,  0,  0,  0,  0,  0,  0,  0, 13, 13,  0,  0,  2, ],
[ 0,  0,  0,  0,  0, 10,  0,  0,  0,  0,  0,  0,  0,  0,  0,  0,  0,  0,  0,  0,  0,  0,  0,  0, ],
[ 0,  0,  0,  0,  0,  5,  0,  0,  0,  0,  0,  0,  0,  6,  0,  0,  0,  0,  0,  0,  0,  0,  0,  0, ],
[ 0,  0,  0,  0, 11,  0,  0,  0,  0,  0,  9,  0,  0,  0,  0,  0,  8,  0,  0,  0,  0,  0,  0,  0, ],
[ 0,  1,  0,  0,  0,  0,  0,  0,  0,  0,  0,  0,  0,  0,  2,  0,  0, 11,  0,  0,  0, 14,  0,  0, ],
[ 0,  0,  0,  0,  0,  0,  0,  0,  1,  0,  0,  0,  0,  2,  0,  0,  0,  0,  0,  0,  0,  0,  0, 11, ],
[ 0,  0,  0, 11, 13,  0,  0,  0,  0, 13,  0,  2,  0,  0,  0, 11,  0,  0,  0,  0,  0,  0,  0,  0, ],
[ 0,  0,  0,  0,  0,  0,  0,  0,  0,  0,  0,  0,  0,  0,  0,  0,  0,  0,  0,  0,  0,  0,  0,  0, ],
[ 0,  0,  5,  0,  0,  6,  0,  0,  0,  0,  0,  0,  0,  0,  0,  0,  0,  0,  0,  0, 11,  0,  0,  3, ],
[ 0,  4,  0,  0,  0,  0,  0,  0,  0,  0,  0,  0,  0,  0,  0,  0,  0,  0,  0,  0,  0,  0, 11,  0, ],
[ 0,  0,  0,  0,  0,  8,  0,  0,  0,  0,  0,  0,  0,  0,  0,  0,  6,  0,  0,  0,  0,  0,  0,  0, ],
[ 0,  0,  0,  0,  0,  0,  0,  0,  0,  0,  9,  0,  0,  0,  7,  0,  7,  0,  0,  6,  0,  0,  0,  0, ],
[ 0,  0,  0,  0,  0,  0,  7,  0,  0,  9,  0,  0,  0,  1,  0,  0,  0,  0,  0,  0,  0,  0, 10,  0, ],
[ 0,  0,  0,  0,  0,  0,  0,  0,  0,  0,  4,  0,  0,  0,  0,  0,  0,  0,  0, 10,  0,  0,  0,  0, ],
[ 0,  0,  0,  0,  0,  0,  0,  0, 13,  0,  8,  0,  0,  0,  0,  0,  0,  0,  0,  0,  0,  0,  0,  0, ],
[ 0,  0,  0,  0,  0,  0,  0,  0,  0,  0,  7,  0,  0,  0,  0,  8,  0,  0,  0,  0,  0,  0,  0,  0, ],
[ 0,  0,  0,  0,  0,  0,  0,  0,  6,  0,  0,  0,  0,  0,  0,  0,  0,  0,  0,  0,  0,  0,  0,  0, ],
[ 0,  0,  0,  0,  0,  0,  0,  0,  2,  0,  0,  0,  0,  0,  0,  0,  0,  0,  0,  0,  0,  0,  0,  0, ],
[ 0,  0,  0,  0,  0,  0,  0,  0,  0,  0,  0,  0,  0,  1,  0,  0,  0,  0,  7,  0,  0,  0,  0,  0, ],
[ 0,  0,  5,  0,  0,  0,  0,  0, 13,  5,  0,  0,  0,  0,  0,  0,  0,  0,  0,  0,  0,  0,  0,  0, ],
[ 0,  0,  0,  0, 11,  0, 11,  0,  0,  0,  0,  1,  0,  0,  0, 11,  0,  8,  0,  0,  0,  0,  6,  0, ],
[ 0,  0, 13,  5,  0,  0,  0,  0,  0,  0,  0,  0,  0,  0,  0,  2,  0,  0,  0,  0, 14,  0,  0,  2, ],
[ 0,  0, 12,  0,  0,  0,  0,  0,  0,  0,  0,  0,  0,  0,  0,  0,  0,  0,  0,  0,  0,  0,  0,  0, ],
[ 0,  0,  0,  0,  0,  0,  0,  0,  0,  1,  0,  0,  0,  0,  0,  0,  0,  0,  0,  0,  0,  0,  0,  0, ],
[ 0, 13,  0,  0,  0,  0,  0,  0,  0,  0,  0,  0,  0,  0,  0,  7,  0,  0,  0,  0,  0,  0,  0,  0, ],
[ 0,  0,  0,  0,  0,  6,  0,  0,  0,  0,  0,  0,  0,  7,  0,  0,  0,  0,  0,  0,  0,  0,  0,  0, ],
[ 0,  0,  0,  0,  0,  0,  0,  0,  8,  0,  0,  0,  0,  0,  0,  0,  0,  0,  0,  0,  0,  0,  0,  0, ],
[ 0,  2,  0,  0, 12,  0,  0,  0,  0,  0,  0,  0,  0,  0,  0,  0,  0,  0,  0,  0,  0,  0,  0,  0, ],
[ 0,  0,  0,  0,  0,  0,  2,  0,  0,  0,  0,  0,  0,  3,  0,  1,  0,  0, 12,  0,  0,  0,  0,  0, ],
[ 0,  0,  0,  0,  0,  0,  0,  0,  0,  0, 14,  0,  0,  0,  0,  0,  0,  0,  0,  0,  0,  0,  0,  0, ],
[ 0,  0,  0,  0,  0,  0,  0,  0,  0,  0,  0,  0,  0,  0,  0,  0,  0,  0,  0,  0,  0,  0,  0,  0, ],
[ 0,  0,  4,  0,  0,  0,  0,  0,  0,  0, 12,  0,  0,  0,  0,  6,  0,  0,  0,  0, 10,  0,  0,  0, ],
[ 0,  0,  9,  0,  0,  0,  0,  0,  0,  0,  0,  0, 10,  0,  0,  0,  0,  0,  0,  0,  0,  0,  0,  0, ],
[ 8,  0,  0,  0,  0,  0,  0,  0,  0,  0,  0,  0,  0,  0,  0,  0,  0,  0,  0,  0,  0,  0, 11,  0, ],
[ 0,  0,  0,  0,  0,  0,  0,  4,  0,  0,  0,  0,  0, 12,  0,  0,  1,  0,  0,  0,  0,  0, 13,  0, ],
[ 0,  0,  0,  0,  0,  0,  0,  0,  0,  0,  0,  0,  0,  0,  0,  5,  0,  0,  0,  0,  0,  0,  0,  5, ],
[ 0,  0,  0,  0, 11,  0,  0,  0,  0,  0,  0,  0,  0,  0,  0,  1, 14, 12,  0,  0,  0,  0,  0,  3, ],
[ 0,  0,  0,  0,  0,  0,  0,  0,  0,  0,  0,  0,  0,  0,  2,  0,  0,  0,  0,  0,  6, 13,  5,  0, ],
[ 0,  0,  0,  0, 11,  0,  0,  0,  0,  0,  0,  0,  5,  0,  0,  5,  0,  0,  0,  0,  0,  0,  0,  0, ],
[ 3,  0, 11,  0,  7,  0,  0,  0,  0,  0,  9,  0,  0,  0,  0,  0,  0,  0,  0,  0, 13,  0,  0,  0, ],
[ 0,  0,  0,  0,  0,  0,  0,  0,  0,  9,  0,  0,  0,  0, 10,  0,  0,  0,  0,  0,  0,  0,  0,  7, ],
[ 0,  0,  0,  0,  0,  0,  0,  0,  0,  0,  0,  0,  0,  0,  4,  0,  0,  0,  9,  0,  0,  0,  0,  0, ],
[ 3,  0,  1,  0,  0,  0,  0,  0,  0,  0,  0,  0,  0,  0,  0,  0,  0,  3,  0,  0,  6,  0,  0,  0, ],
[ 0,  0,  0,  0,  0,  0,  0,  0,  0,  0,  0,  0,  0,  0,  0,  0,  0,  0,  0,  0,  0,  0,  0, 11, ],
[ 0,  0,  0,  0,  0,  0,  0,  0,  0,  0,  0,  0,  0,  0,  0,  0,  0,  0,  0,  0,  0,  0,  0,  0, ],
[ 9,  0,  0,  9,  0,  0,  0,  0,  0,  0,  0,  0,  0, 12,  0,  0,  0,  0,  0,  0,  0,  0,  0,  0, ],
[ 0,  0,  0,  0,  0,  0,  0,  0,  0,  0,  4,  0,  0,  0,  0,  0,  0,  0,  0,  0, 14,  0,  5,  0, ],
[ 0, 12,  0,  0,  0,  0,  0,  0,  0, 11,  0,  0,  0,  0,  0,  0,  0,  0,  0,  0,  0,  0,  5,  5, ],
[ 0,  0,  0,  0, 12,  0,  0,  0,  0,  0,  0,  0,  0,  0,  0,  0,  0,  0,  0,  0,  0,  0,  0,  0, ],
[ 0,  3,  0,  0,  0,  0,  0,  6,  0,  0,  0,  0,  0,  0,  0,  0,  0,  0,  0,  0,  0,  0,  0,  0, ],


[0.8373, -0.1989, ],
[-0.1594, -0.2687, ],
[0.1339, -0.3702, ],
[0.9179, 0.2335, ],
[-0.1570, 0.6324, ],
[0.2450, -0.0777, ],
[-0.6841, 0.3193, ],
[0.2706, 0.1855, ],
[-0.0216, -0.6367, ],
[-0.6910, 0.2858, ],
[-0.9564, -0.0077, ],
[0.0066, -0.4763, ],
[-0.6506, -0.7566, ],
[0.8004, 0.2255, ],
[0.5748, 0.5449, ],
[-0.4594, 0.0925, ],
[0.4312, -0.4739, ],
[-0.0164, 0.8329, ],
[0.5040, 0.4461, ],
[-0.0882, -0.7335, ],
[0.6977, 0.1211, ],
[0.4203, 0.0863, ],
[0.6455, 0.0350, ],
[0.9979, 0.0395, ],
[0.8457, -0.0318, ],
[-0.0880, -0.1534, ],
[-1.0000, -0.4217, ],
[0.1359, 0.9379, ],
[0.1699, 0.2993, ],
[-0.6089, 0.3029, ],
[-0.6571, -0.4328, ],
[-0.0150, 0.5525, ],
[0.6718, -0.1235, ],
[0.4077, 0.7791, ],
[0.1747, -0.1683, ],
[0.1148, 0.3492, ],
[-0.7749, 0.3228, ],
[0.5343, -0.3138, ],
[-0.2667, 0.9343, ],
[0.1096, -0.7491, ],
[0.2996, 0.8597, ],
[0.0045, 0.2151, ],
[0.3320, 0.5352, ],
[0.3784, -0.8176, ],
[0.1784, -0.0616, ],
[0.0043, 0.8498, ],
[-0.5499, 0.2164, ],
[-0.5838, -0.4691, ],
[-0.8495, -0.8911, ],
[0.8442, 0.7569, ],
[0.5195, -0.1825, ],
[0.0900, -0.3225, ],
[-0.0413, -0.7793, ],
[-0.4150, -0.6102, ],
[-0.3224, 0.3399, ],
[0.5846, -0.3786, ],
[0.6639, -0.0185, ],
[-0.7181, 0.2922, ],
[-0.6714, 0.4126, ],
[0.2088, -0.4915, ],
[0.2576, 0.1916, ],
[0.2246, 0.0478, ],
[-0.6715, 0.0272, ],
[0.4357, 0.2645, ],
[1.0000, 0.9503, ],
[0.4230, -0.8109, ],
[0.3129, 0.4004, ],
[0.3233, -0.4242, ],
[0.4108, 0.1330, ],
[0.7942, -0.1238, ],
[-0.2670, 0.4208, ],
[-0.6611, 0.4304, ],
[-0.4866, 0.6323, ],
[-0.2030, -0.3212, ],
[0.3423, 0.6899, ],
[-1.0000, -0.1136, ],
[1.0000, 0.4214, ],
[0.3180, -0.0138, ],
[0.2186, 0.0970, ],
[-0.3535, -0.7088, ],
[-0.4060, -0.8188, ],
[-0.4109, 0.1707, ],
[-0.1135, -0.0686, ],
[-0.5506, 0.8155, ],
[-0.2813, -0.1684, ],
[-0.3286, -0.3963, ],
[0.1868, 0.4968, ],
[0.6914, 0.5819, ],
[-0.1138, -0.6787, ],
[0.5093, -0.4950, ],
[-0.4185, -0.1772, ],
[-0.0581, 0.7457, ],
[0.0564, -0.5539, ],
[0.3896, 0.2818, ],
[-1.0000, -0.9472, ],
[-0.0121, 0.2009, ],
[-0.7111, 0.5193, ],
[0.6380, 0.3506, ],
[0.6764, 0.4626, ],
[0.4973, 0.9748, ],


[6.0000, ],
[5.0000, ],
[7.0000, ],
[14.0000, ],
[6.0000, ],
[12.0000, ],
[7.0000, ],
[7.0000, ],
[5.0000, ],
[4.0000, ],
[4.0000, ],
[2.0000, ],
[7.0000, ],
[7.0000, ],
[4.0000, ],
[4.0000, ],
[0.0000, ],
[5.0000, ],
[4.0000, ],
[1.0000, ],
[12.0000, ],
[11.0000, ],
[4.0000, ],
[3.0000, ],
[10.0000, ],
[3.0000, ],
[18.0000, ],
[7.0000, ],
[8.0000, ],
[0.0000, ],
[9.0000, ],
[7.0000, ],
[8.0000, ],
[5.0000, ],
[4.0000, ],
[11.0000, ],
[3.0000, ],
[9.0000, ],
[6.0000, ],
[8.0000, ],
[9.0000, ],
[8.0000, ],
[0.0000, ],
[4.0000, ],
[7.0000, ],
[5.0000, ],
[13.0000, ],
[4.0000, ],
[13.0000, ],
[0.0000, ],
[12.0000, ],
[4.0000, ],
[5.0000, ],
[10.0000, ],
[10.0000, ],
[6.0000, ],
[17.0000, ],
[0.0000, ],
[11.0000, ],
[6.0000, ],
[6.0000, ],
[12.0000, ],
[11.0000, ],
[6.0000, ],
[7.0000, ],
[6.0000, ],
[3.0000, ],
[1.0000, ],
[4.0000, ],
[8.0000, ],
[19.0000, ],
[12.0000, ],
[4.0000, ],
[1.0000, ],
[7.0000, ],
[6.0000, ],
[3.0000, ],
[5.0000, ],
[8.0000, ],
[4.0000, ],
[0.0000, ],
[13.0000, ],
[7.0000, ],
[7.0000, ],
[11.0000, ],
[4.0000, ],
[15.0000, ],
[10.0000, ],
[8.0000, ],
[16.0000, ],
[10.0000, ],
[5.0000, ],
[8.0000, ],
[4.0000, ],
[0.0000, ],
[10.0000, ],
[8.0000, ],
[12.0000, ],
[4.0000, ],
[5.0000, ],


