[ 0,  0,  0,  0,  0,  0,  0,  0,  0,  0,  0,  0,  9,  0,  0,  0,  0,  0,  0,  0,  0,  0,  0,  0, ],
[ 0,  0,  0,  0,  4,  0,  0,  0,  0,  0,  0,  0,  0,  0,  0,  0,  0,  0,  0,  0,  0,  0,  0,  0, ],
[ 0,  0,  0,  3,  0,  0,  0,  0,  0,  0,  0,  0,  0,  8,  0,  0, 13,  0,  0,  0,  0,  2,  0,  0, ],
[ 0,  0,  0,  0,  0,  0, 11,  0,  0,  0,  0,  0,  0,  0,  0,  0,  0,  0,  0,  0,  0,  0,  0,  0, ],
[ 0,  0,  0,  0,  0,  0,  0,  0,  0,  9,  0,  0,  0, 11,  0,  0,  6,  0,  0,  0,  0,  9,  0,  0, ],
[ 0,  0,  0,  0,  0,  0,  0,  0,  0,  0,  0,  0,  0,  0,  9,  0,  0,  0,  0,  0,  0,  0,  0,  0, ],
[ 0,  0,  0,  0,  0,  0, 13,  0,  0,  0,  0,  0,  0,  0,  0,  0,  0,  0,  0,  0,  0,  0,  0,  0, ],
[ 0,  0,  0,  0,  0,  0,  0,  0,  6,  0, 10,  0,  0,  0,  0,  0,  0,  0,  0,  0,  0,  0,  0,  0, ],
[ 0,  0,  0,  0,  0,  0,  0,  0,  0,  4,  0,  0,  0,  0,  0,  0,  0,  5,  0,  0,  0,  0,  0,  0, ],
[ 0,  0,  3,  0,  0,  0,  6,  0,  0,  0,  0,  0,  0,  0,  0,  0,  0,  1,  0,  0,  0,  0,  0,  0, ],
[ 0,  0,  0,  0,  0,  0,  0,  0,  5,  0,  0,  2,  1,  0,  0,  3,  0,  0,  0,  5,  0,  0,  0, 14, ],
[ 0,  0,  0,  0,  0,  0,  0,  0,  0,  0,  0,  0,  0, 14,  0,  0,  0,  0,  0,  0,  0,  0,  0,  0, ],
[ 0,  0,  0,  4,  0,  0, 12,  0,  1,  0,  0,  0,  0,  0,  0,  0,  0,  0,  8,  0,  0,  0,  0,  0, ],
[ 0,  0,  0, 12,  0,  0,  5,  2,  0,  4,  0, 10,  0, 10,  0,  0,  4,  0,  0,  0,  0,  0,  0,  0, ],
[ 0,  0,  0,  0,  0,  3,  0,  0,  0,  4,  0,  0,  0,  0,  0,  0,  0,  0, 12,  0,  6,  1, 12,  0, ],
[ 9,  0,  0,  0,  0,  0,  0,  7,  0,  0,  0,  0,  0, 13,  0,  0,  0,  0,  0,  0,  0,  0,  0,  0, ],
[ 0,  0,  0,  0, 11,  0,  0,  0,  0,  0,  5,  0,  0, 13,  0,  0,  0,  0,  0,  0,  0,  0,  0,  0, ],
[ 8,  0,  0,  0,  0,  0,  0,  0,  0,  0,  0,  9,  2,  0,  1,  0,  0,  0,  0,  0,  0,  0,  0,  0, ],
[ 0,  0,  0,  0,  0,  0,  0,  0,  0,  0,  0,  0,  0,  0,  0,  2,  0,  0,  0,  0,  0,  0,  0,  0, ],
[ 7,  0,  0,  0,  0,  0,  0,  0,  0,  0,  0,  0,  0,  0,  0, 14,  0,  0,  0,  0,  0,  0,  0,  0, ],
[ 0,  0,  0,  0,  0,  0,  0,  0,  0,  0,  0,  0,  7,  0,  0,  0,  0,  0,  0,  0, 14,  0,  0,  0, ],
[ 0,  0,  0,  0,  0, 11,  0,  0,  0,  0,  8,  0,  0,  0,  0,  0,  0,  0,  0,  0,  0,  0,  0,  0, ],
[ 0,  0,  0,  0,  0,  0,  0,  0, 10,  0,  0,  0,  0,  0,  0,  0,  0,  0,  0,  0,  0,  0,  0,  0, ],
[ 3, 13,  0,  0,  0,  0,  0,  0,  0,  0, 14,  0,  0,  0,  0,  3,  0,  0,  0,  0,  0,  0,  0,  0, ],
[ 7,  0,  0,  0,  0,  0,  0,  0,  0,  0,  0,  0,  0,  0,  0,  0,  0,  0,  0,  0,  0,  0,  0,  0, ],
[ 0,  0,  0,  0,  0,  0,  0,  0, 11,  0,  0,  0,  0,  0,  0,  0,  0,  0,  0,  0,  0,  0,  0,  0, ],
[ 0,  0,  0,  0,  0,  0,  8,  0,  0,  0,  0,  0,  0,  2,  0,  0,  0,  0,  0,  0,  0,  0,  0,  5, ],
[ 6,  0,  0,  0,  0,  0,  0,  0,  0,  0,  0,  0,  7,  0,  0,  0,  0,  0,  0,  0,  0,  0,  0,  0, ],
[ 1,  5,  0,  0,  0,  0,  0,  0, 13,  0, 12,  2,  0,  0,  0,  0,  0,  0,  0,  0,  0,  0,  0,  0, ],
[ 0,  0,  0,  0,  0,  0,  0,  4,  0,  0,  0,  0,  2,  0,  0,  0,  0,  1,  0,  2,  0,  0,  0,  0, ],
[ 0,  0,  0,  0,  0,  0,  0,  0,  0,  0,  0,  0,  0,  0,  0,  0,  0,  0,  1,  0,  0,  0,  0,  0, ],
[ 0,  0,  0,  0,  0,  0,  0,  0,  0,  0,  0,  0,  0,  2,  0,  0,  6,  0,  0,  4,  0,  0,  0,  0, ],
[ 0,  0,  0,  0,  0,  0,  0,  0,  0,  0,  0,  0,  0,  0,  0,  0,  0,  0,  0,  0,  0,  0,  0,  2, ],
[ 0,  0,  0,  0,  6,  0,  0,  0,  0,  0,  0,  0,  0, 13,  0,  0,  0,  0,  0,  0,  0,  0,  0,  0, ],
[ 0,  0, 14,  0,  0,  0, 12,  0,  0,  0,  0,  0,  0,  0,  0,  0,  0,  3,  0,  0,  0,  0,  0,  0, ],
[ 0,  0,  0,  0,  0,  0,  0,  0,  0,  0,  0,  0, 14,  0,  0,  0,  0,  0,  0,  0,  0,  0,  0,  0, ],
[ 0,  0,  0,  0,  0,  0,  0,  0,  0,  0,  0,  0,  0,  0,  0,  0,  0,  0,  0,  0,  0,  0,  0,  0, ],
[ 0,  0,  0,  0,  0,  0,  0,  0,  0,  0,  0,  0,  0,  0, 13,  0,  0,  0,  6,  0,  0,  0,  0,  0, ],
[ 0,  0,  0,  1,  0,  0,  4,  0,  0,  0,  0,  0,  0,  0,  0,  0,  0,  0,  0,  0, 11,  0,  0,  0, ],
[12,  0,  0,  0,  0,  0,  0,  0,  0, 11,  0,  0,  0,  0,  0,  0,  0,  0,  0,  0,  0,  0,  0,  0, ],
[ 0,  0,  0,  0,  0,  0,  0,  3,  0,  7,  0,  0,  0,  0,  0,  5,  1, 13,  0,  0,  0,  0,  0,  0, ],
[ 0,  0,  0,  0,  0,  0,  0,  0,  0, 10,  0, 10,  0,  0,  0,  0,  0,  0,  0,  0,  0,  0,  0,  0, ],
[ 0,  0,  0,  0,  0,  0,  0,  0,  0,  0,  0,  0,  0,  0,  0,  0,  0,  0,  0,  0,  0,  0,  0,  0, ],
[ 0,  0,  0,  0,  0,  0,  0,  0,  0, 12,  0,  5,  2,  0,  0,  0,  0,  0,  0,  0,  9,  0,  0,  0, ],
[ 0,  0,  0,  0,  0,  0,  0,  0,  0,  0,  0,  0,  0,  0,  0,  0,  0,  0,  7,  0,  0,  0,  0,  0, ],
[ 0,  0,  1,  0,  0,  0,  0,  0,  0,  0,  0,  0,  0,  0,  0,  0,  4,  0,  0,  9,  0,  0,  0,  0, ],
[ 0,  0,  0,  0,  0,  0, 10,  0,  5,  0,  0,  0,  0,  0,  1,  0,  0,  0,  0,  0,  0,  6,  0, 14, ],
[ 0,  0,  0,  0,  0,  0,  0,  0,  0,  0,  0,  0,  0,  0,  0, 10,  0, 10,  0,  0,  0,  0,  0,  6, ],
[ 0,  0,  0,  5,  0,  0,  0,  0,  0, 13,  0,  0,  0,  0,  0,  0,  0,  0,  0,  0,  0,  0,  9,  0, ],
[ 6,  0,  0,  0,  0,  0,  0,  0,  0,  0,  0,  0,  0,  0,  0,  0, 12,  0,  0,  0,  0,  0,  0, 13, ],
[ 0,  0,  0,  0,  0,  0,  0, 11,  0,  0,  0,  0,  0,  0,  0,  0,  0,  0,  0,  0,  0,  0,  0,  2, ],
[ 0,  0,  0,  0,  0, 10,  0,  0,  0,  0,  0,  0,  0,  0,  0,  0,  0,  0, 12,  0,  0,  0,  0,  0, ],
[ 0,  0,  0,  0,  7,  5,  0,  0,  0,  0,  0,  0,  0,  0,  0,  0,  0,  0,  0,  0,  8,  0,  0,  0, ],
[ 0,  0,  3,  0,  0,  0,  0,  0,  0,  0,  0,  0,  0,  0,  0,  0,  0,  0,  0,  0,  0,  0,  0,  0, ],
[ 0,  0,  0,  0,  0,  0,  7,  0,  0,  0,  0,  0,  0, 14,  2,  0,  0,  0,  0,  0,  0,  0,  0,  0, ],
[ 0,  0,  0,  0,  0,  0,  2,  0,  0,  0,  0,  0,  0,  0,  0,  0,  0,  0,  0,  0,  0,  0,  0,  0, ],
[ 0,  0,  0, 11,  0,  0,  0,  0,  0,  0,  0,  0,  0,  0,  0,  0,  3,  0,  0,  0,  0,  0,  0,  0, ],
[ 0,  0,  0,  0,  2,  0,  0,  0,  0,  0,  6,  0,  0,  0,  0,  0,  0,  2,  0,  0,  0,  0,  0,  0, ],
[ 0,  0,  0,  0,  0,  0,  0,  0,  0,  0,  0,  0,  0,  0,  0,  0,  3,  0,  0,  0,  0,  0,  0,  0, ],
[ 0,  4,  0,  0,  0,  0,  2,  0,  0,  0,  0,  0,  0,  0,  0,  9,  0,  0, 14,  0,  0,  0, 11,  0, ],
[ 0,  0,  0, 14,  0,  0,  0,  0,  0,  0,  0,  0,  0,  0,  0,  0,  0,  0,  0,  0,  0,  0,  0,  0, ],
[ 0,  0,  0,  0,  0,  0,  0,  0,  0,  0,  0,  0,  0,  0,  4,  0,  0, 12,  0,  0,  0,  0,  0,  0, ],
[ 0,  0,  0,  0,  0,  0,  0,  0,  0,  0, 12,  0,  0,  0,  0,  0,  0,  0,  0,  0,  0,  0,  0,  0, ],
[ 0,  0,  0,  0,  0,  0,  0,  0,  0,  0,  5,  0,  0,  0,  0,  0,  0,  0,  3,  0,  0,  0,  0,  0, ],
[ 7,  0,  0,  0,  0,  0,  0,  0,  0,  0,  0,  0,  0,  0,  0,  0,  0,  0,  0,  0,  0,  0,  0,  0, ],
[ 0,  0,  0,  0,  0,  0,  0,  0,  0,  0,  0,  0,  0,  0,  0,  0,  0,  0,  0,  0,  0,  0,  0,  0, ],
[ 0,  0,  0,  0,  0,  0,  0,  0,  0,  0,  0,  0,  0,  0,  0,  0,  0,  0,  0,  0,  0,  0,  0, 13, ],
[ 3,  0,  0,  0,  0,  0,  0,  2,  0,  0,  0,  0,  0,  0,  0,  0,  0,  0,  9,  0,  0,  0,  0,  2, ],
[ 0,  0,  0,  0,  0,  0, 12,  0,  0,  0, 10,  0,  0,  0,  0,  0,  0,  0,  0, 12,  0,  0,  0,  0, ],
[ 8,  0,  5,  0,  0,  0,  0,  0,  0,  0,  0,  0,  8,  6,  5,  0,  0,  0,  2,  0,  0,  8,  0,  0, ],
[ 0,  0,  0,  0, 11,  0,  0,  2,  0,  0,  0,  0,  2,  0,  0, 11,  0,  0, 11,  0,  0,  0,  0,  0, ],
[ 0,  0,  0,  0,  0,  0,  0,  0,  0,  0,  0,  0,  0,  0,  0,  0,  0,  0,  0,  0,  0,  0,  6,  0, ],
[ 0,  0, 12,  0,  0,  0,  0,  0,  0,  0,  0,  0,  2,  0,  0,  0,  0,  0,  0, 14,  0,  0,  0,  0, ],
[12,  0,  0,  0,  0,  0,  0,  0,  0,  0,  0,  0,  0,  0,  0,  0,  0,  0,  1,  0,  0,  0,  0,  0, ],
[ 0,  0,  0,  0,  0,  0,  0,  0,  0,  0,  0,  9,  0,  0,  0,  0,  0,  0,  0,  0,  0,  0,  0,  0, ],
[ 0,  0,  0,  5,  0,  0,  0,  0,  0,  0,  0,  0,  0,  0,  0,  0,  0,  0,  0,  0,  0,  0,  0,  0, ],
[ 0, 14,  0,  0,  0,  0,  0,  0,  1, 13,  0,  0,  0,  0,  0,  0,  0,  0,  0,  0,  1,  0,  0,  0, ],
[ 8,  2,  0,  0,  0,  0,  0,  0,  0,  0,  0,  0,  0,  0,  0,  0,  0,  0,  0,  0,  0,  0,  0,  0, ],
[ 0,  0,  0,  0,  0,  7,  2,  0,  0,  0,  0,  0,  0,  0,  0,  0,  0,  0,  0,  0,  9,  0,  0,  0, ],
[ 0,  0,  5,  0,  0,  0,  0,  0,  0,  0,  0,  0,  0,  0,  0,  0,  0,  0,  0,  0,  0,  0,  0,  0, ],
[ 0,  0,  0,  0,  0,  0, 14,  0,  0,  0,  0,  7,  0,  0,  0,  0, 11,  0,  0, 13,  0,  0,  0,  0, ],
[ 0,  0,  4,  0,  0,  0,  0,  0,  0,  0,  0,  0,  0,  7,  0,  0,  0,  0,  0,  0,  0,  0,  0,  0, ],
[ 2,  0,  0,  0,  0,  9,  0,  0,  0,  0,  0,  0,  0,  0,  0,  1,  0,  0,  0,  0,  0,  0,  0,  0, ],
[ 0,  0,  9,  0, 11,  0,  0,  0,  0,  0,  0,  0,  0,  0,  0,  0,  0,  0,  0,  0,  0,  5,  0,  0, ],
[ 0,  0,  3,  0,  0,  0,  0,  0,  0,  0,  0,  0,  0,  0,  0,  0,  1,  0,  0,  0,  0,  0, 13,  0, ],
[ 0,  0,  0,  0,  0,  9,  0,  0,  0,  0,  0,  0,  0,  0,  0,  0,  0,  0,  0,  0,  0,  0,  0,  0, ],
[ 0,  0,  0,  0, 10,  0,  0,  0,  0,  0,  0,  0,  0,  0,  0,  0, 14,  0,  0,  0,  0,  0,  0,  3, ],
[ 0,  0,  0,  0,  0,  0,  0,  0,  4,  0,  0,  0,  0, 12,  0,  0,  0,  0, 14,  0,  0,  0,  0,  0, ],
[ 0,  0,  0,  0, 11,  0,  0,  0,  0,  0,  0,  3,  0,  0,  0, 11,  7,  0,  0,  0,  0,  0,  0,  0, ],
[ 5,  0, 11,  0,  0,  0,  0,  0,  0,  0,  0,  0,  1,  0,  0,  0,  7, 14, 12,  0,  0,  0,  0,  6, ],
[ 0,  0,  0,  2,  0,  0,  0,  0,  0,  0,  0,  5,  0,  0,  0,  0,  0,  0,  0,  0,  0,  0,  0,  0, ],
[ 0,  0,  0,  0,  0,  0,  0,  0,  0,  0,  0,  0,  0,  0,  0,  0,  0,  0,  0,  0,  0,  0,  2,  0, ],
[ 0,  0, 13,  0,  0,  0,  0,  7,  0,  2,  0,  0,  0,  0,  0,  0,  0,  0,  0,  0,  0,  0,  0,  0, ],
[ 0,  8,  0,  0, 13,  0,  0,  0,  0,  0,  0,  0,  0,  0,  0,  0,  0,  0,  0,  0,  0,  0,  0,  0, ],
[ 0,  0,  9,  0,  0,  0,  0,  0,  0,  0,  0,  5,  0,  0,  0,  0,  0,  0,  0,  0,  0,  0,  0,  0, ],
[ 0,  0,  0,  0, 10,  0,  0,  0,  0,  0,  0,  0,  0,  0,  0,  0,  0,  0,  0,  0,  0,  0,  0,  0, ],
[ 0,  0,  0,  0,  0,  0,  0,  0,  0,  0,  0,  0,  8,  0,  0,  0,  0,  2,  0,  0, 14,  0,  0,  0, ],
[ 9,  0,  0,  0,  0,  0,  0,  0,  0,  0,  0,  0,  0,  0,  0,  0,  0,  0,  0,  0,  0,  0,  0,  0, ],
[ 0,  0,  0,  0,  0,  0,  0,  0,  0,  0,  0,  0,  0,  0,  0,  0,  0,  0,  0,  0,  0,  0,  0,  0, ],
[ 0,  0,  0,  0,  0,  0,  0,  0,  0,  0,  0,  0,  0,  0,  0,  0,  0,  0,  0,  0,  0,  0,  0,  0, ],


[1.0000, -1.0000, ],
[0.0936, -0.7945, ],
[0.0608, -0.4578, ],
[-0.1020, 0.2335, ],
[0.8156, 0.5037, ],
[0.8362, -0.0777, ],
[-0.6450, 0.3886, ],
[0.1491, 0.2612, ],
[-0.1542, -0.6367, ],
[-0.3208, 0.2588, ],
[-0.9564, -0.0858, ],
[0.0471, -0.4763, ],
[-0.6058, -0.7566, ],
[0.5478, 0.0767, ],
[0.6143, 0.5290, ],
[-0.6361, -0.1375, ],
[-0.3817, -0.5363, ],
[-0.0442, 0.9962, ],
[0.4370, -0.0074, ],
[-0.1299, -0.7155, ],
[0.7917, -0.0216, ],
[0.3659, 0.2562, ],
[0.6455, -0.1139, ],
[0.9756, -0.1321, ],
[0.7690, -0.7265, ],
[0.2180, -0.1563, ],
[-1.0000, 0.7187, ],
[0.1359, 0.8211, ],
[0.6849, 0.3750, ],
[-0.4610, -0.5069, ],
[-0.5565, 0.3850, ],
[-0.0124, 0.5525, ],
[0.8206, -0.2005, ],
[0.3643, 0.5523, ],
[-0.1402, -0.0710, ],
[-0.4870, 0.1971, ],
[-0.7624, 0.0045, ],
[0.6061, 0.0068, ],
[1.0000, 0.9702, ],
[1.0000, 0.5131, ],
[0.5101, -1.0000, ],
[0.0371, 0.2151, ],
[0.3937, 0.3868, ],
[0.3531, -0.6628, ],
[0.7851, -0.3178, ],
[0.2527, 0.8498, ],
[0.2130, -0.2675, ],
[-0.3078, 0.4626, ],
[-0.1486, -0.6655, ],
[0.8782, 0.7569, ],
[0.5296, -0.0591, ],
[0.0885, -0.4617, ],
[0.1344, -0.7793, ],
[-0.4417, -0.5298, ],
[-0.3224, 0.3399, ],
[0.5846, -0.3128, ],
[0.8079, -0.1538, ],
[-0.8719, 0.4427, ],
[-0.8141, 0.4505, ],
[0.0846, -0.3484, ],
[0.6651, 0.4364, ],
[-0.5625, 0.2344, ],
[-0.6715, 0.0601, ],
[0.2529, 0.2326, ],
[1.0000, 0.0141, ],
[0.5233, 0.5584, ],
[0.8068, 0.3581, ],
[0.2609, -0.5254, ],
[0.2164, 0.0627, ],
[0.9050, -0.1419, ],
[1.0000, 0.2404, ],
[0.0586, 0.4420, ],
[-0.2843, 0.1300, ],
[-0.2030, 0.5203, ],
[-0.7152, 0.7256, ],
[-0.9074, -0.2645, ],
[1.0000, -0.4425, ],
[0.2183, -0.0138, ],
[0.2186, 0.1335, ],
[-0.5580, -0.2558, ],
[0.4891, -0.9717, ],
[0.0620, 0.6455, ],
[-0.1135, -0.1985, ],
[-0.3164, 0.7659, ],
[-0.2813, 0.1552, ],
[-0.3286, -0.3963, ],
[0.1684, 0.5990, ],
[0.9132, 0.4645, ],
[0.6264, -0.6787, ],
[-0.3761, -0.9493, ],
[-0.4534, -0.2380, ],
[-0.0581, 0.9150, ],
[0.0519, 0.6049, ],
[0.3581, 0.2076, ],
[-1.0000, -0.9472, ],
[-0.3817, -0.4726, ],
[-0.7700, 0.0358, ],
[0.6376, -0.5009, ],
[0.7960, 0.5363, ],
[0.3245, 0.8196, ],


[3.0000, ],
[2.0000, ],
[10.0000, ],
[4.0000, ],
[13.0000, ],
[3.0000, ],
[4.0000, ],
[7.0000, ],
[4.0000, ],
[6.0000, ],
[12.0000, ],
[4.0000, ],
[10.0000, ],
[19.0000, ],
[16.0000, ],
[10.0000, ],
[10.0000, ],
[8.0000, ],
[1.0000, ],
[7.0000, ],
[7.0000, ],
[7.0000, ],
[4.0000, ],
[12.0000, ],
[3.0000, ],
[4.0000, ],
[6.0000, ],
[6.0000, ],
[12.0000, ],
[5.0000, ],
[1.0000, ],
[6.0000, ],
[1.0000, ],
[7.0000, ],
[10.0000, ],
[4.0000, ],
[0.0000, ],
[7.0000, ],
[7.0000, ],
[8.0000, ],
[12.0000, ],
[8.0000, ],
[0.0000, ],
[10.0000, ],
[3.0000, ],
[6.0000, ],
[14.0000, ],
[11.0000, ],
[9.0000, ],
[11.0000, ],
[5.0000, ],
[8.0000, ],
[8.0000, ],
[2.0000, ],
[8.0000, ],
[1.0000, ],
[6.0000, ],
[5.0000, ],
[2.0000, ],
[14.0000, ],
[4.0000, ],
[6.0000, ],
[4.0000, ],
[4.0000, ],
[3.0000, ],
[0.0000, ],
[4.0000, ],
[7.0000, ],
[12.0000, ],
[17.0000, ],
[14.0000, ],
[3.0000, ],
[9.0000, ],
[5.0000, ],
[3.0000, ],
[2.0000, ],
[10.0000, ],
[4.0000, ],
[7.0000, ],
[2.0000, ],
[15.0000, ],
[5.0000, ],
[5.0000, ],
[9.0000, ],
[7.0000, ],
[3.0000, ],
[10.0000, ],
[10.0000, ],
[13.0000, ],
[21.0000, ],
[3.0000, ],
[1.0000, ],
[8.0000, ],
[7.0000, ],
[5.0000, ],
[4.0000, ],
[8.0000, ],
[3.0000, ],
[0.0000, ],
[0.0000, ],


