[ 4,  0,  6,  0,  0, 12, 13,  0,  0,  0,  0,  0,  0,  0,  0,  0,  0,  0,  0,  0,  0,  1,  0,  0, ],
[ 0,  0,  0,  0,  0,  0,  0,  0,  0,  0, 10,  0,  0,  0,  0,  0,  0,  0,  0,  0,  0,  0,  0,  0, ],
[ 0,  0,  0,  3,  0,  0,  0,  0,  0,  0,  0,  0,  0,  0,  0,  0, 13,  4, 12,  0,  0,  2,  0,  0, ],
[ 0,  0,  0,  0,  0,  0,  0,  0, 13,  0,  0, 12,  0,  0,  0, 10, 10,  0,  0,  0,  0,  0,  0,  0, ],
[ 0,  0,  0,  0,  0,  8,  0,  0,  0,  0,  6,  0,  0, 11,  7,  0,  0,  0,  0,  0,  0,  0,  0,  0, ],
[ 0,  0,  0,  0,  0,  0,  7,  0,  0,  0,  0,  0,  0,  0,  9,  0,  0,  0,  0,  0,  0,  0,  0,  0, ],
[ 0,  0,  0,  0,  0, 13,  0,  0,  0,  0,  0,  0,  1,  0,  0,  4,  0,  0,  0,  0,  4,  0,  0,  0, ],
[ 0,  0,  0,  0,  0,  0,  0,  0,  6,  0, 10,  0,  0,  0,  0,  0,  0,  0,  0,  0,  0,  0,  0,  0, ],
[ 0,  0,  0,  0,  0,  0,  0,  0,  0,  0,  0,  0,  0,  0,  0,  0,  0,  0,  0, 10,  0,  0, 14,  0, ],
[ 0,  0,  0,  0,  0,  0,  0,  0,  0,  0,  0,  0,  0,  0,  0,  0,  0,  0,  0,  3,  0,  0,  0,  0, ],
[ 0,  0,  0,  0,  0,  6,  0,  0,  5,  0,  0,  0,  0,  0,  0,  8,  0, 11,  0,  0,  0,  0,  0,  8, ],
[ 0,  0,  0,  0,  0,  0,  0,  0,  0,  0,  0,  0,  0,  0,  0,  0,  0,  0,  0,  0,  0,  9,  0,  0, ],
[ 0,  0,  0,  0,  0,  0,  0,  0,  0,  0,  0,  0,  0,  0,  0,  0,  0,  0,  0,  0,  0,  0,  0,  0, ],
[ 0,  0,  0,  0,  0,  0,  0,  0,  0, 11,  0,  0,  0,  0,  0,  0,  0,  0,  0,  0,  0,  0,  0,  0, ],
[ 0,  0,  0,  0,  0,  0,  0,  0,  0, 13,  0,  9,  0,  0,  0,  0,  0,  0,  0,  0,  0,  1,  0,  0, ],
[ 0,  0,  0,  0,  0,  0,  0,  0,  0,  0,  0,  0,  0, 13,  0,  0,  0,  0,  0,  0,  0,  0,  0,  0, ],
[ 0,  8,  0,  0,  0,  0,  0,  0,  0,  0,  0,  0,  7,  6,  0,  0,  0,  0,  0,  0,  0,  8,  0, 13, ],
[ 0,  0,  0,  0,  7,  0,  0,  0,  0,  0,  0,  9,  0,  0,  0,  0,  0,  0,  0,  0,  0,  0,  0,  0, ],
[ 0,  0,  0,  0,  0,  0,  0,  0,  0,  0,  0,  0,  0,  0,  0,  0,  0,  0,  0,  0,  0,  0,  0,  0, ],
[ 0,  0,  0,  0,  0,  0,  1,  0,  0,  0,  0,  0,  0,  6,  0,  0,  0,  0,  0,  7,  0,  0,  0,  0, ],
[ 0,  0,  0, 13,  0,  0,  0,  0,  0,  0,  0,  0,  0,  0,  0,  0,  0,  0,  0,  0, 14,  8,  0,  0, ],
[ 0,  0, 14,  0,  0,  0,  0,  0,  0,  0,  0,  0,  0,  0,  0,  0,  0, 13, 13,  0,  0,  0,  0,  0, ],
[ 0,  0,  0,  0,  0,  0,  0,  0, 10,  0,  0,  0,  0,  0,  0,  0,  0,  0,  0,  0,  0,  0,  0,  0, ],
[ 0,  0,  0,  0,  0,  0,  0,  0,  0,  0, 14,  0,  0,  0,  0,  0,  0,  0,  0,  0,  0,  0,  0,  0, ],
[ 0,  0,  0,  0,  0,  0,  0,  9,  0,  0,  0,  0,  0,  0,  0,  0,  0,  0,  0,  0,  0,  0,  0,  8, ],
[ 0,  0,  0,  0,  0,  0,  0,  0,  0,  0,  0,  0,  0,  0,  0,  0,  0,  0,  0,  0,  0,  0,  0,  0, ],
[ 0,  0,  0,  0,  0,  0,  0,  0,  0,  0,  0,  0,  0,  2,  0,  0,  0,  0,  0,  0,  0,  0,  0,  0, ],
[ 0,  0,  0,  0,  0,  0,  0,  0,  0,  0,  0,  0,  0,  0,  0,  0,  0,  0,  0, 10,  0,  0,  0,  0, ],
[ 0,  0,  0,  0,  0,  0,  0,  0, 13,  0, 12,  0,  0,  0,  0,  0,  0,  0,  0,  0,  0,  0,  0, 10, ],
[14,  0,  0,  0,  0,  0,  0,  5,  0,  0,  0,  0,  2,  0,  0,  0,  0,  1,  0,  0,  0,  0,  0,  0, ],
[ 0,  0,  0,  0,  0,  3,  0,  0,  0,  0,  0,  0,  0,  0,  0,  0,  0,  0,  0,  0,  0,  0,  0,  0, ],
[ 0,  0,  0,  0,  0,  0,  0,  0,  0,  0,  0,  0,  0,  2,  0,  0,  0,  0,  0,  0,  0,  0,  0,  0, ],
[11,  0,  0,  0,  0,  0,  0,  0,  0,  2,  0,  0,  0,  0,  0,  0,  0,  0,  0,  0,  0,  0,  0,  0, ],
[ 0,  0,  7,  0,  6,  0,  0,  0,  0,  0,  0,  0,  0,  0,  0,  0,  0,  0,  0,  0,  0,  0,  0,  0, ],
[ 0,  0, 14,  0,  0,  0,  0,  0,  0,  0,  0, 14,  0,  0,  0,  0,  0,  0,  0,  0,  0,  0,  0,  0, ],
[ 0,  0,  0,  0,  0,  0,  0,  0,  0,  0,  0,  0,  0,  0,  0,  0,  0,  0,  0,  8, 12,  0,  0,  0, ],
[ 0,  0,  0,  0,  0,  2,  0,  0,  0,  0, 13,  0,  3,  0,  0,  0,  0,  0,  0,  7,  0,  0,  0,  0, ],
[ 0,  0,  0,  0,  0,  0,  0,  0,  0,  0,  0,  0,  0,  0, 13, 11,  0,  0,  0,  0,  0,  0,  0,  0, ],
[ 0,  9,  0,  0,  0,  0,  0,  0,  0,  0,  0,  0,  0,  0,  0,  0,  0,  3,  0,  0,  0,  0,  0,  0, ],
[ 0,  0,  0,  0,  0,  0, 14,  0,  0,  0,  0,  0,  0,  0,  0,  0,  0,  0,  0,  0,  0,  0,  0,  0, ],
[ 0,  3,  0,  0,  0,  0,  0,  0,  0,  0,  0,  0,  0,  0,  9,  0,  0,  0,  0,  0,  0,  0,  0,  0, ],
[ 0,  0,  0,  0,  0,  0,  0,  0,  0, 10,  0, 10,  0,  0,  0,  0,  0,  0,  0,  0,  0,  0,  0,  0, ],
[ 0,  0,  0,  0,  0,  0,  0,  0, 13,  0,  0,  0,  0,  0,  0,  0,  6,  0,  0,  0,  0,  0,  0, 12, ],
[ 0,  0,  0,  0,  0,  0,  0,  0,  0,  0,  0,  0,  0,  0,  0,  0,  0,  0,  0,  0,  9,  0,  0,  0, ],
[ 0,  0,  0,  0,  0,  0,  0,  0,  0,  0,  0,  0,  0,  0,  0,  7,  0,  0,  0,  0,  0,  0,  0,  0, ],
[ 9,  0,  1,  0,  0,  0,  0,  0,  0,  0,  0,  0,  0,  0,  0,  0,  0,  0,  0,  6,  0,  0,  0,  0, ],
[14,  0,  5,  0,  0,  0,  0,  0,  0,  0,  0,  0,  0,  0,  0,  0,  0,  0,  5,  0,  0,  0,  0, 14, ],
[ 0,  0, 13,  0,  0,  0,  0,  0,  1,  0,  0,  0,  0,  0,  0,  0,  0, 10,  0,  0,  4,  0,  0,  0, ],
[ 0,  0,  0,  0,  0,  0,  0,  0,  0,  0,  0,  0,  0,  3,  0,  0,  0,  0,  0,  0,  0,  0,  0,  0, ],
[ 0,  0,  0,  0,  0,  0,  0,  0,  0,  0,  0,  5,  0,  0,  0,  0,  0,  0,  0,  0,  0,  0,  0,  0, ],
[ 0,  0, 14, 14,  0,  0,  0,  0,  0,  0,  0,  0,  8,  0,  0,  0,  0,  0,  0,  0,  0,  0,  0,  0, ],
[ 0,  9,  9,  0,  0, 10,  0,  0,  0,  0,  0,  0,  0,  0,  0,  0,  0,  0,  0,  0,  0,  0,  0,  0, ],
[ 0,  0,  0,  0,  0,  0,  0,  0,  0,  0,  0,  0,  0,  0,  0,  0,  0,  0,  0,  0,  0,  0,  0,  0, ],
[ 0, 12,  0,  0,  0,  0,  6,  0,  0,  0,  0,  0,  0,  0,  0,  0,  0,  0,  0,  0,  0,  0,  0,  0, ],
[ 0,  0,  0,  0,  0,  0,  7,  0,  0,  0,  0,  0,  0, 14,  1,  9,  5,  0,  0,  0,  0,  0,  0,  0, ],
[ 0,  7,  0,  0,  0,  0,  0,  6, 12,  0,  0,  0, 10,  0,  0,  0,  0,  0,  0,  0,  0,  0,  0,  0, ],
[ 0,  0,  0,  0,  0,  0,  0,  0, 10,  0,  0,  0,  0,  0,  0,  0,  0,  0,  0,  0,  0,  0,  0,  0, ],
[ 0,  0,  0,  0,  2,  0,  1,  0, 13,  0,  0,  0,  0,  0,  0,  0,  0,  0,  0,  0,  0,  0,  0,  0, ],
[ 0,  0,  0,  0,  0,  0,  0,  0,  0,  0,  0,  0, 10,  0,  0,  0,  0,  0,  0,  0, 11,  0,  0,  0, ],
[ 0,  0,  0,  0,  0,  0,  0,  0,  0,  0,  0,  0,  0,  0,  0,  0, 14,  0,  9,  0,  0,  0,  0,  0, ],
[13,  0,  0,  0,  0,  0,  0,  0,  0,  0,  0,  0,  0, 11,  0,  0,  0,  0,  0,  0,  0,  0,  0,  5, ],
[ 0,  0,  0,  0,  0,  0,  0,  4,  0,  0,  0,  0,  0,  0,  0,  0,  0,  0,  0,  0,  0,  0,  0,  0, ],
[ 0,  0,  5,  0,  0,  0,  7,  0,  0,  0, 12,  0,  0,  0,  0,  0,  0, 14,  0,  0,  0,  0,  0,  0, ],
[ 0,  0,  0,  0,  0,  0,  0,  0,  0,  0,  0,  0,  0,  0,  0,  0,  0,  0,  0,  0,  0,  0,  0,  0, ],
[ 7,  9,  0,  0,  0,  7,  0,  0,  0,  1,  0,  0,  0,  0,  0,  0,  0,  0,  0,  0,  0,  0,  0,  0, ],
[ 0,  0,  0,  0,  0,  0,  0,  0,  0,  0,  7,  0,  0,  0,  0,  0,  0,  0,  0,  0,  0,  0,  8,  0, ],
[ 0,  0,  0,  0,  0,  0,  0,  0,  0,  0, 14,  0,  0,  0,  0,  0,  0,  0,  0,  0,  0,  0,  0,  0, ],
[ 3,  0,  0,  0,  0,  0,  2,  0,  0,  0,  0,  0,  0,  0,  0,  0,  0,  0,  0,  0,  0,  0,  0,  2, ],
[ 0,  0,  0,  0,  0,  0,  0,  1,  0,  0,  0,  0,  0,  0,  0,  0,  0,  0,  0,  0,  0,  0,  0,  0, ],
[ 0,  0,  0,  0,  0,  0,  0,  0,  0,  0,  0,  0,  0,  0,  8,  0,  0,  0,  2,  0,  0,  0,  0,  0, ],
[ 0,  0,  0,  0,  0,  0,  0,  0,  0,  0,  0,  0,  0,  0,  0, 11,  0,  0,  0,  0,  0,  0,  0,  0, ],
[ 0,  0,  0,  0,  0,  0,  2,  0,  0,  0,  0,  0,  0,  0,  0,  0,  0,  0,  0,  0,  0,  0,  0,  0, ],
[ 0, 11, 12,  0,  0,  0,  0,  0,  0,  0,  0, 13, 14,  0,  0,  0,  0,  0,  0, 14,  0,  0,  0,  0, ],
[ 0,  0,  0,  0,  0,  0,  0,  0,  0,  0,  0,  0,  0,  0,  0,  0,  0,  0,  0,  0,  0,  0,  0,  0, ],
[ 0,  0,  0,  0,  0,  0,  0, 13,  0,  0,  0,  0,  0,  0,  0,  0,  0,  0,  0,  0,  0,  0,  0,  0, ],
[ 0, 11,  0,  5,  0,  0,  0,  0,  0,  0,  0,  0,  3,  0,  0,  0,  0,  0,  0,  0,  0, 13,  0,  0, ],
[ 0, 14,  0,  0,  2,  0,  0,  0,  8,  0, 13,  0,  0,  0,  0,  5,  0,  0,  0,  9,  3,  0,  0,  0, ],
[ 0,  5,  0,  0,  0,  0,  0,  0,  0,  0,  6,  0,  0,  0,  0, 14,  0,  0,  0,  0,  0,  0,  0,  0, ],
[ 0,  0,  0,  0,  4,  7,  2,  0,  0,  0,  0,  0,  0,  0,  0,  0,  0,  0,  0,  0,  3,  0,  0,  0, ],
[ 0,  0,  0,  0,  0,  0,  0,  0,  0,  0,  0,  0,  0,  0,  0,  0,  0,  0,  0,  0,  0,  0,  0,  0, ],
[ 0,  0,  0,  0,  0,  0, 14,  0,  0,  0,  0,  0,  0,  0,  0,  0,  0,  0,  0,  0,  0,  0,  0,  0, ],
[ 0,  0,  4,  0,  0,  9,  0,  0,  0,  0,  7,  0,  0,  0,  0,  0,  0,  0,  0,  0,  0,  0,  0,  0, ],
[ 2,  0,  0,  0,  0,  9,  0, 11,  0,  0,  0,  0,  0,  0,  0,  0,  0,  0,  0,  9,  9,  0,  4,  0, ],
[ 0,  0,  0,  0, 11,  0,  0,  0,  0,  0,  0,  0,  0,  0,  0,  0,  0,  0,  0,  0,  0,  0,  0,  0, ],
[ 0,  0,  3,  0,  0,  0,  0,  4,  0,  0,  0,  0,  0,  0,  0,  0,  0,  0,  0,  0,  0,  0,  0,  0, ],
[ 0,  0,  0, 14,  0,  9,  0,  0,  0,  0,  0,  0,  0,  0,  0,  0,  0,  0,  0,  0,  0,  0,  0,  0, ],
[ 0,  0,  0,  0,  0,  0,  0,  0,  0,  0,  0,  0,  0,  0,  0,  0,  0,  0,  0,  0,  0,  0, 12,  3, ],
[ 0,  0,  0,  0,  0,  0,  0,  0, 13,  0,  0,  0,  0,  0,  2,  0,  2,  0,  0,  0,  0,  0,  6,  0, ],
[ 0,  0,  0,  0, 11,  0,  0,  0,  0,  0,  0,  0,  0,  0,  0,  0,  0,  0,  0,  0,  0,  0,  0, 13, ],
[ 0,  0, 11,  0,  0,  0,  0,  0,  0,  0,  0,  0,  0,  0,  0,  0,  0,  0,  0,  7, 13,  0,  0,  0, ],
[ 0,  0,  0,  2,  0,  0,  0,  0,  0,  0,  0,  0,  0,  0,  0,  0,  0,  0,  0,  0,  0,  0,  0,  0, ],
[10, 14,  0,  0,  0,  0,  0,  0,  0,  0,  0,  0,  0,  0,  0,  0, 10,  0,  0,  0,  0,  0,  0,  0, ],
[ 0,  0,  0,  0,  0,  3,  0,  0,  0,  0,  0,  0,  0,  0,  0,  0,  0,  0,  0,  0,  0,  0, 11,  0, ],
[ 0,  8,  0,  0,  0,  0,  0,  0,  0,  0,  0,  0,  0,  1,  0,  0,  0,  0,  0,  0,  0,  0,  0,  0, ],
[ 0,  0,  0,  0,  0,  0,  0,  0,  0,  0,  2,  0,  0,  0,  0,  0,  0,  0,  0,  0,  0,  0,  0,  0, ],
[ 0,  0,  0,  0,  0,  0,  0, 10,  0,  0,  0,  0,  0,  0,  0,  0,  0,  0,  0,  0,  0,  0,  0,  0, ],
[ 0,  0,  0,  0,  0,  0,  0,  0,  0,  0,  0,  0,  0,  0,  0,  0,  0,  0,  0,  0,  0,  0,  0,  0, ],
[ 0,  0,  0,  0,  0,  0, 10,  0,  0,  0,  0,  0,  0,  0,  0,  0,  0,  6,  0,  0,  0,  0,  0,  0, ],
[ 0,  0,  0,  0,  0,  0,  0,  0,  0,  0,  0,  0,  0,  0,  0,  0,  0,  0,  0,  0,  7,  0,  0,  0, ],
[ 0,  0,  0,  0,  0,  0,  0,  0,  0,  0,  0,  0,  0,  0,  0,  0,  0,  0,  7,  0,  0,  0,  0,  0, ],


[0.9334, -0.9825, ],
[-0.1142, -0.2687, ],
[-0.1793, -0.4578, ],
[-0.1020, 0.3662, ],
[0.6505, -0.3033, ],
[0.3983, -0.0777, ],
[-0.6180, 0.4824, ],
[0.1491, 0.2612, ],
[-0.2500, -0.6367, ],
[-0.3888, 0.2588, ],
[-1.0000, -0.2588, ],
[-0.0702, -0.4763, ],
[-0.3984, -0.3329, ],
[0.5945, 0.2255, ],
[0.6143, 0.5442, ],
[-0.6144, -0.1375, ],
[-0.3817, -0.6124, ],
[-0.1632, 0.9962, ],
[0.3837, -0.0547, ],
[-0.1299, -0.7430, ],
[0.6062, 0.7855, ],
[0.3044, 0.0863, ],
[0.6455, -0.1139, ],
[-1.0000, 0.0029, ],
[0.7690, 0.2493, ],
[-0.0781, 0.0003, ],
[-1.0000, 0.6547, ],
[0.1359, -0.2263, ],
[0.5996, 0.2409, ],
[0.8367, 0.6308, ],
[-0.6348, 0.3850, ],
[-0.0791, 0.5525, ],
[0.8206, -0.2819, ],
[0.3643, 0.7706, ],
[0.1120, -0.2996, ],
[-0.6478, 0.1971, ],
[-0.7624, -0.2111, ],
[0.5667, 0.0515, ],
[1.0000, 0.9702, ],
[1.0000, 0.5131, ],
[0.2845, -0.8049, ],
[0.0557, 0.2151, ],
[0.3587, 0.4153, ],
[0.3531, -0.7468, ],
[0.7450, -0.2164, ],
[0.2016, 0.8498, ],
[0.1970, -0.2675, ],
[-0.3132, -0.0035, ],
[-0.1486, 0.5530, ],
[0.8966, 0.8791, ],
[0.5296, -0.0024, ],
[0.5214, -0.4706, ],
[0.1344, -0.6809, ],
[-0.2892, -0.6045, ],
[-0.3224, 0.3399, ],
[0.4750, -0.3753, ],
[0.6425, -0.0121, ],
[-0.8957, 0.0020, ],
[-0.7515, 0.5024, ],
[-0.0364, -0.3484, ],
[0.6453, 0.1864, ],
[-0.5625, 0.1473, ],
[-0.6683, 0.0601, ],
[0.0945, 0.0132, ],
[0.9083, 0.0141, ],
[-0.0193, 0.5584, ],
[0.2069, 0.3581, ],
[0.2805, -0.9123, ],
[0.4121, 0.1169, ],
[0.7419, 0.0052, ],
[0.8789, 0.4060, ],
[-0.3631, 0.5670, ],
[0.0035, 0.4278, ],
[-0.2030, 0.5203, ],
[-0.6903, 0.7256, ],
[-1.0000, -0.2594, ],
[0.1409, 0.3432, ],
[0.4419, -0.0138, ],
[-0.0651, 0.1335, ],
[-0.5455, -0.2558, ],
[-0.3094, -0.8356, ],
[-0.0929, 0.7621, ],
[-0.1135, 0.9696, ],
[-0.3164, 0.7362, ],
[-0.3883, 0.1908, ],
[-0.2016, -0.4152, ],
[0.3415, 0.4785, ],
[0.7370, 0.4965, ],
[-0.1857, -0.6787, ],
[0.5189, -0.9493, ],
[-0.5697, -0.4046, ],
[-0.0647, 0.9150, ],
[0.1033, -0.3908, ],
[1.0000, 0.3324, ],
[-1.0000, -0.9472, ],
[-0.4523, 0.0369, ],
[-0.6995, 0.0358, ],
[0.6376, -0.5713, ],
[0.8717, 0.4626, ],
[0.3245, 0.8196, ],


[14.0000, ],
[4.0000, ],
[13.0000, ],
[16.0000, ],
[13.0000, ],
[6.0000, ],
[9.0000, ],
[7.0000, ],
[8.0000, ],
[2.0000, ],
[15.0000, ],
[3.0000, ],
[0.0000, ],
[4.0000, ],
[8.0000, ],
[4.0000, ],
[16.0000, ],
[6.0000, ],
[0.0000, ],
[7.0000, ],
[11.0000, ],
[12.0000, ],
[4.0000, ],
[4.0000, ],
[6.0000, ],
[0.0000, ],
[1.0000, ],
[4.0000, ],
[12.0000, ],
[8.0000, ],
[2.0000, ],
[1.0000, ],
[5.0000, ],
[6.0000, ],
[8.0000, ],
[7.0000, ],
[10.0000, ],
[8.0000, ],
[5.0000, ],
[4.0000, ],
[5.0000, ],
[8.0000, ],
[11.0000, ],
[3.0000, ],
[3.0000, ],
[7.0000, ],
[12.0000, ],
[11.0000, ],
[2.0000, ],
[2.0000, ],
[11.0000, ],
[10.0000, ],
[0.0000, ],
[7.0000, ],
[13.0000, ],
[14.0000, ],
[4.0000, ],
[6.0000, ],
[8.0000, ],
[7.0000, ],
[10.0000, ],
[2.0000, ],
[13.0000, ],
[0.0000, ],
[10.0000, ],
[6.0000, ],
[4.0000, ],
[4.0000, ],
[1.0000, ],
[4.0000, ],
[4.0000, ],
[1.0000, ],
[20.0000, ],
[0.0000, ],
[4.0000, ],
[12.0000, ],
[19.0000, ],
[9.0000, ],
[8.0000, ],
[0.0000, ],
[4.0000, ],
[8.0000, ],
[16.0000, ],
[4.0000, ],
[4.0000, ],
[7.0000, ],
[6.0000, ],
[9.0000, ],
[8.0000, ],
[11.0000, ],
[1.0000, ],
[12.0000, ],
[6.0000, ],
[4.0000, ],
[1.0000, ],
[4.0000, ],
[0.0000, ],
[7.0000, ],
[3.0000, ],
[3.0000, ],


