[ 0,  0,  0,  0,  0, 12,  0,  4,  0,  0,  0,  0,  1,  0,  2,  2,  5,  0,  0,  0,  0,  0,  0,  0, ],
[ 0,  0,  0,  0,  0,  0,  0,  3,  0,  0,  0,  0,  0,  0,  0,  0,  1,  0,  0,  0,  0,  0,  0,  0, ],
[ 0,  0, 10,  0,  0,  0,  0,  0,  0,  0,  0,  0,  0, 14,  0,  0,  0,  0,  0,  0,  0,  0,  0,  0, ],
[ 0,  0,  0,  0,  0,  0,  0,  0,  0,  0,  0,  0,  0,  0,  0,  0,  0,  0,  0,  0,  0,  0,  0,  0, ],
[ 0,  0,  9,  0,  0, 12,  0,  0,  0,  0,  0, 11,  0, 11,  0,  5,  0,  0,  0,  0,  0, 14,  0,  0, ],
[ 0,  0,  0,  8, 10,  0,  0,  0,  0,  0,  8,  0,  0,  8, 11,  0,  0,  0,  0,  0,  0,  2,  0,  2, ],
[ 0,  0,  0,  0,  0,  0,  0,  1,  0,  0,  0,  0,  0,  0,  0,  0,  0,  0,  0,  0,  0,  0,  0,  0, ],
[ 0,  0,  0,  0,  0,  0,  0,  0,  6,  0, 10,  0,  0,  0,  0,  0,  0,  0,  0,  0,  0,  0,  0,  0, ],
[ 0,  0,  0,  0,  0,  0,  0,  0,  0,  0,  0,  0,  0,  0,  0,  0,  0,  0,  0,  0,  0,  0,  0,  0, ],
[ 0,  0,  0, 14,  0,  0,  0,  0,  0,  0,  0,  0,  0,  0,  0,  0,  0,  0, 11,  0,  0,  2,  0,  0, ],
[ 0,  0,  0,  0,  0,  0,  0,  0,  5,  0,  7,  2,  0,  0,  0,  0,  0,  0,  0,  0, 12,  0,  0,  0, ],
[ 0,  0,  0,  0,  0,  0,  0,  0,  0,  0,  0,  0,  0, 14,  0, 13,  0,  0,  0,  0,  0,  0,  0,  0, ],
[ 0,  0,  0,  0,  0,  4,  0,  0,  0,  0,  0,  0,  0,  0,  0,  0,  0,  0,  0,  0,  0,  0,  0,  0, ],
[ 0,  0,  0,  0,  0,  0,  0,  0,  0,  0,  0,  0,  0,  0,  0,  0, 12,  0,  0,  0,  0,  0,  0,  0, ],
[ 0,  0,  8,  0,  0,  0,  0,  0,  0,  0,  0,  0,  0,  0,  0,  0,  0, 11,  0,  0,  0,  1,  0,  8, ],
[ 0,  8,  5,  0,  0,  0,  0,  0,  0,  0,  0,  0,  0, 13,  0,  0,  0,  0,  0,  0,  0,  0,  0,  0, ],
[ 0,  0,  0,  0,  0,  0,  4,  0,  0,  0,  0,  0,  7,  0,  0,  0,  0,  0,  0,  0,  0,  0,  0, 14, ],
[ 0, 12,  0,  0,  0,  0,  0,  0,  0,  0,  0,  0,  0,  0,  0,  0,  0,  0,  0,  0,  0,  0,  0,  0, ],
[ 0,  0,  0,  0,  0,  0,  0, 10,  0,  0,  0,  0,  0,  8,  0,  2,  0,  0,  0,  0, 13,  0,  5,  0, ],
[ 0,  0,  0,  0,  4,  0,  0,  0,  0,  0,  0,  0,  0,  0,  0,  0,  0,  5, 10,  0,  0,  0,  1,  0, ],
[ 7,  0,  0,  0,  0,  0,  0,  0,  0,  0,  0,  0,  0,  0,  0,  0,  5,  0,  0,  4, 14,  0,  8,  0, ],
[ 0,  0,  0,  0,  0,  0,  6,  0,  0,  0,  0,  0,  0,  0,  0,  0,  0,  0,  0,  0,  0,  0,  0,  0, ],
[ 0,  0,  0,  0,  0,  0,  0,  0, 10,  0,  0,  0,  0,  0,  0,  0,  0,  0,  0,  0,  0,  0,  0,  0, ],
[ 0,  0,  0,  0,  0,  0,  0,  0,  0,  0,  0,  0,  0,  0,  0,  0,  4,  0,  0,  0,  0,  0,  0,  0, ],
[ 0,  0,  0,  0,  0,  0,  0,  2,  8,  0,  0,  0,  0,  0,  0,  0,  0,  0,  0,  0,  0,  0,  0,  0, ],
[ 0,  0,  0,  0,  0,  0,  0,  0,  0,  0,  2,  0,  0,  0,  0,  0,  0,  0,  0,  0,  0,  0,  0,  0, ],
[ 0,  0,  0,  0,  0,  0,  0,  0,  0,  8,  0,  0,  0,  0,  1,  0,  0,  0, 12,  0,  0,  0,  0,  0, ],
[ 0,  0,  7,  0,  0,  0,  0,  0,  0,  0,  0,  0,  0,  0, 14,  0,  0,  0,  0, 10,  0,  0,  0,  0, ],
[ 0,  0,  0,  0,  0,  0,  0,  0, 13,  0,  0,  0,  0,  0,  0,  0,  0,  0,  9,  0,  0,  0,  0,  0, ],
[ 0,  0,  0,  0,  0,  0,  0, 11,  0,  0,  0,  0,  0,  9,  0,  0,  0,  0,  0,  0,  0,  0,  0,  0, ],
[ 0,  0,  0,  0,  0,  0,  0,  0,  0,  0,  0,  0,  0,  0,  0,  0,  0,  0,  0,  0,  0,  0,  0, 13, ],
[ 0,  0,  0,  0,  0,  0,  0,  0,  0,  0, 11,  0,  0,  2,  0,  0,  0,  0,  0,  0,  0,  0,  0,  0, ],
[ 0,  0,  0,  0,  0,  0,  0,  0,  0, 10,  0,  0,  1,  0, 10,  0,  0,  0,  0,  0,  0,  0,  4,  0, ],
[ 0,  0,  0,  0,  0,  0,  0,  0,  0,  0,  0,  0,  0,  0,  0,  0,  0,  0,  0,  0,  4,  0,  0,  0, ],
[ 0,  0,  0,  0,  0,  0,  0,  0,  0,  0,  0,  0, 12,  0,  0,  0,  0,  3,  0,  0,  0,  0,  0,  0, ],
[ 0,  0,  0,  0,  0,  0,  0,  7,  0,  0,  0,  0,  0,  0, 11,  0,  0,  0, 11,  0, 11,  0,  0,  0, ],
[ 0,  0,  1,  0,  0,  0,  3,  0,  0, 11,  0,  0,  0,  0,  0,  0,  0,  0,  0,  0,  0,  0,  0,  0, ],
[12,  0,  0,  0,  0,  0,  0,  0,  0,  0,  0,  0,  0,  0,  0,  0,  0,  0,  0,  0,  0,  0,  0,  0, ],
[ 0,  0,  0,  0,  0,  0,  0,  0,  0,  0,  0,  0,  0,  0,  0,  0,  0,  0,  0,  0,  4,  0,  0,  0, ],
[ 0,  7,  0,  0,  0,  0,  0,  0,  0,  0,  0,  0,  0,  0,  0,  0,  0,  0,  0, 12,  0,  0,  4,  0, ],
[ 0,  0,  0,  0,  0,  0,  0,  0,  0,  0,  0,  4,  0,  0,  0,  0,  0,  0,  0,  0,  2,  0,  0,  0, ],
[ 0,  0,  0,  0,  0,  0,  0,  0,  0, 10,  0, 10,  0,  0,  0,  0,  0,  0,  0,  0,  0,  0,  0,  0, ],
[ 0,  0,  0,  0,  3, 12,  0,  0,  0,  0,  0,  0,  0,  0,  0,  0,  8,  0,  0,  0,  0,  0,  0,  0, ],
[ 0,  0,  0, 13,  0,  0,  0,  0,  0,  0,  0,  0,  0,  0,  0,  0,  0,  0,  0,  0, 13,  0,  0,  0, ],
[ 9,  0,  0,  0,  0,  0,  0,  0,  0,  3,  0,  2,  0,  0,  0,  0,  0,  0,  0,  0, 12,  0,  0,  0, ],
[ 0,  0,  0,  0,  0,  0,  0,  0,  0,  0,  0,  0,  0,  6,  0,  0,  0,  0,  0,  9,  9,  0,  0,  0, ],
[ 0,  0,  0,  0,  0,  1,  0,  0,  5,  0,  0,  0,  0,  0,  0,  0,  5,  0,  0,  0,  0,  0,  0,  0, ],
[ 0,  0,  0,  0,  0,  0,  0,  0,  0,  0,  0,  0,  0,  0,  0,  0,  8, 14,  0,  0,  0,  0,  0,  0, ],
[ 0,  0,  0,  0,  5,  0,  3,  0,  0,  5,  0,  0,  0,  0,  0,  0, 12,  8,  0,  0,  0,  0,  0,  0, ],
[ 0,  0,  0,  0,  5,  0,  5,  0,  0,  0,  0,  1,  0,  0,  0,  0,  0,  0,  0,  0,  0,  0,  0,  0, ],
[ 0,  0,  0,  0,  0,  6,  0,  0,  0,  0,  0,  0,  8,  0,  0,  0,  0,  0,  0,  0,  1,  0,  0,  0, ],
[ 0,  0,  0,  0,  0,  0,  0,  0,  0,  3,  0,  0,  0,  0,  0,  0,  0,  0,  0,  0,  0,  0,  0,  0, ],
[ 0,  0,  0,  0,  0,  0,  0,  0,  0,  8,  0,  0,  0,  0,  0,  0,  0,  0,  0,  0,  0,  0, 11,  0, ],
[ 0,  0,  6,  0,  0,  0,  0,  0,  0,  0,  0,  0,  7,  0, 13,  0,  8,  0, 13,  0,  0,  0,  0,  0, ],
[ 2,  5,  0,  0,  0,  0,  0,  0,  0,  0,  0,  0,  0,  0,  0,  0,  0,  0,  0,  0,  0,  0,  0,  0, ],
[ 0,  0,  0, 12,  0,  0,  0,  0,  0,  0,  0,  0, 10,  0,  0,  0,  0,  0,  0,  0,  0,  0,  0,  0, ],
[ 0,  0,  0,  0,  0,  0,  0,  0,  0,  0,  0,  2,  0,  0,  8,  0,  5,  0,  0,  0,  0,  0,  0,  0, ],
[ 0,  0,  0,  0,  0,  0,  0,  0, 11,  0,  0,  0,  0,  0,  0,  0,  0,  0,  0,  0,  0,  0,  0,  0, ],
[ 0,  0,  0,  0,  0,  0,  0,  0,  0,  0,  0,  0,  0,  0,  0,  0,  0,  0,  0,  0, 11,  0,  0,  0, ],
[ 0,  4,  0, 12,  0,  0,  0,  9,  0,  0,  0,  0,  0,  0,  0,  9,  0,  0,  2,  0,  0, 12,  0,  0, ],
[ 0,  0,  0, 14,  0,  0,  0,  0,  0,  0,  0,  0,  0,  0,  0,  0,  6,  0,  0,  0,  0,  0,  0,  0, ],
[ 0,  0,  0,  0,  0,  0,  0,  0,  9,  0,  9,  0,  0,  0,  0,  0,  0,  0,  0,  0,  0,  0,  0,  0, ],
[ 0,  0,  0,  0,  0,  0,  0,  0,  0,  0,  0,  0,  0,  0,  0, 10,  0,  0,  0,  0, 14,  0, 10,  0, ],
[ 0,  0,  0,  0,  0,  0,  0,  0,  0,  0,  0,  0, 13,  6,  0,  0,  0,  0,  0,  0,  0,  0,  0,  0, ],
[ 0,  9,  0,  0,  0,  0,  0,  0,  0,  0,  8,  0,  0,  0,  0,  0,  0,  0,  0,  0,  0,  0,  0,  0, ],
[ 0,  0,  0,  0,  0,  0, 12,  0,  0,  0,  0,  0,  0,  0,  1,  0,  0,  0,  0,  0,  0,  0,  0,  5, ],
[ 0,  0,  0,  0,  0,  0,  0,  0,  0,  0,  0,  0,  0,  0,  0,  0,  0,  0,  0,  0,  0,  0,  6,  0, ],
[ 0,  0,  0,  0,  0,  0,  0,  0,  2,  0, 13,  0,  0,  0,  4,  0,  0,  0,  0,  0,  0,  0,  0,  2, ],
[ 0,  0,  0,  0,  0,  0,  0, 13,  0,  8,  0,  0,  7,  0,  6,  0,  0,  0,  0, 12,  0,  0,  0,  0, ],
[ 0,  0,  0,  0,  0,  0,  0,  0,  0,  0,  0,  0,  0,  0,  0,  0,  0,  0,  0,  0,  0,  0,  0,  0, ],
[10,  0,  0,  0,  0,  0,  0,  0,  0,  3,  0,  0,  0,  0,  0,  0,  0,  0, 11,  0,  0,  0,  0,  0, ],
[ 0,  0,  0,  0,  0,  0,  0,  0,  0,  0,  0,  0,  0,  0,  0,  0,  8,  0, 14,  0,  0,  0,  0,  0, ],
[ 0,  0,  0,  0,  0,  0,  0,  0,  0,  0,  0,  0,  0,  0,  0,  0,  5,  0,  0,  0,  0, 13,  0,  9, ],
[ 0,  0,  0,  0,  0,  0,  0,  0,  0,  0,  0,  0,  0,  0,  0,  0,  0,  0,  0,  0,  0,  0,  0,  0, ],
[ 0,  0,  0,  0,  0,  0,  0,  0,  0,  0,  0,  0,  0,  0,  0,  0,  0,  0,  0,  0,  0,  0,  0,  0, ],
[ 0,  0,  0,  4,  0,  0,  0,  9,  0,  0,  0,  0,  0,  0,  0,  0,  0,  0,  5,  0,  8,  0,  0,  0, ],
[ 0,  0,  0,  0,  0,  0,  0,  0,  8,  4,  9, 14,  3,  0,  0,  0,  0,  0,  0,  0,  0,  0,  0,  0, ],
[ 0,  2,  0,  0,  0,  0,  0,  0,  0, 13,  4,  0,  0,  0,  4,  0,  0,  8,  0,  0,  0,  0,  0,  0, ],
[ 0,  0,  0,  0,  0,  0, 10,  0,  0,  0,  0,  0,  0,  0,  0,  1,  0,  0,  0,  0,  0,  0,  0,  0, ],
[ 0,  0,  0,  0,  0,  0,  4,  0,  0,  0,  0,  0,  0,  0,  0,  0,  0,  0,  0,  0,  0,  0,  0, 14, ],
[ 0,  0,  0,  9,  0,  0,  0,  0,  0,  0,  0,  0,  0,  0,  0,  0,  0, 10,  0,  0,  0,  0,  0,  0, ],
[ 0,  0, 14,  0,  0,  0,  0,  0,  0,  0,  0,  0,  0,  0,  0,  0,  0,  0,  0,  0,  0,  0,  0,  0, ],
[ 0,  0,  0,  0,  0,  0,  0,  0,  0,  0,  0,  0, 10,  0,  0,  0,  0,  0,  9,  7,  0,  0,  0,  0, ],
[ 0,  0,  0,  0,  0,  3,  0,  0,  0,  0,  0,  0,  0,  0,  0,  0,  0,  0,  0,  0,  0,  0,  0,  0, ],
[ 0,  0,  0,  0,  0,  0,  0,  0,  0,  3,  0,  0,  0,  0,  0,  0,  0,  0,  0,  0, 14,  0,  0,  0, ],
[ 0,  0,  0,  0,  0,  0,  0,  0,  0,  0,  0,  0,  0,  0,  8,  0,  0,  0,  0,  0,  0,  0,  0,  0, ],
[ 0,  0,  0,  0,  0,  0,  0,  0,  0,  0,  0,  0,  0,  0,  0,  0,  0,  0,  0,  0,  0,  0,  0, 13, ],
[ 0,  0,  0,  0,  0,  0,  0,  0,  0,  0,  3,  2,  0, 12,  2,  0,  0,  0,  0,  0,  6, 13,  3, 14, ],
[ 0,  0,  0,  0,  0,  0,  0,  6,  0,  0,  0,  9,  5,  0,  0,  0,  0,  0, 12,  0,  0,  0,  0, 10, ],
[ 0,  0,  0,  0,  0,  0,  0, 13,  0,  0,  0,  0,  0,  0,  0,  6,  0,  0,  0,  0, 13,  0, 13,  0, ],
[ 0, 10,  0,  0,  0, 12,  0,  0,  2,  0,  0,  0,  0,  0,  0,  0,  0,  0,  0,  0,  0,  0,  0,  0, ],
[ 0,  0,  0,  0,  0,  0,  0,  0,  0,  0,  0,  0,  0,  0,  0, 10,  0,  0,  0,  8,  0,  0,  2,  0, ],
[ 0,  0,  0,  0,  0,  0,  0,  0,  0,  0,  0,  0,  0,  0,  5,  0,  0,  0,  0,  0,  0,  0,  0,  0, ],
[ 0,  0,  0,  0,  0,  0,  8,  0,  0,  0,  0,  0,  5,  0,  0,  0,  0,  0,  0,  0,  0,  0,  0,  9, ],
[ 0,  0,  0,  0,  0,  0,  0,  0,  7,  0,  0,  0,  0,  0,  0,  0,  0,  0,  0,  0,  0,  0,  8,  0, ],
[ 0,  0,  0,  0,  0,  0,  0,  0,  0,  5,  0,  0,  0,  0,  0,  0,  0,  0,  0,  0,  0,  0,  0,  0, ],
[ 0,  0,  0,  0, 13,  0,  0,  0,  0,  0,  0,  0,  0,  0,  0,  0,  0,  0,  0,  0,  0,  0,  0,  0, ],
[ 9, 12, 13,  3,  0,  0,  0,  0,  9,  0,  0,  0,  0, 14,  2,  0,  0,  0,  0,  0,  0,  0,  5,  0, ],
[ 0,  0,  0,  0, 10,  0,  0,  0,  0,  1,  0,  0,  0,  0,  0,  0,  0,  0,  0,  0,  0,  0,  0,  0, ],
[ 0,  0,  0,  0,  0,  3,  0,  0,  0,  0,  0,  0,  0,  0,  0,  0,  0,  0,  0,  0,  0,  0,  0,  0, ],


[0.7728, -0.1989, ],
[-0.1183, -1.0000, ],
[0.0267, -0.4578, ],
[0.9415, 0.2335, ],
[-0.2820, 0.5575, ],
[0.4319, -0.1245, ],
[-0.5579, 0.3886, ],
[0.2625, 0.1855, ],
[-0.1719, -0.6367, ],
[-0.7056, 0.1647, ],
[0.5007, -0.0541, ],
[-0.0702, -0.3023, ],
[-0.4962, -0.7938, ],
[0.6037, 0.5796, ],
[0.3095, 0.5290, ],
[-0.6640, -0.0195, ],
[0.6563, -0.5850, ],
[0.2321, 0.8329, ],
[0.6602, -0.0547, ],
[-0.1299, -0.5533, ],
[0.6977, 0.6812, ],
[0.1431, 0.0863, ],
[0.6455, -0.1767, ],
[-1.0000, 0.0595, ],
[0.8949, 0.1251, ],
[0.2180, 0.0003, ],
[-1.0000, -0.4030, ],
[0.1567, -0.4795, ],
[0.1265, 0.3133, ],
[0.8051, -0.6162, ],
[-0.6331, -0.2444, ],
[-0.0150, 0.4508, ],
[-0.9285, -0.1883, ],
[0.4102, 0.7810, ],
[0.1747, 0.6937, ],
[-0.7254, -0.1500, ],
[-0.7567, -0.1638, ],
[-0.4364, -0.3138, ],
[-0.2790, 0.9702, ],
[1.0000, 0.5131, ],
[0.5101, -1.0000, ],
[0.0250, 0.2151, ],
[0.2170, 0.7323, ],
[0.4215, -0.6846, ],
[0.9960, -0.2216, ],
[0.2136, -0.1781, ],
[0.2130, 0.1405, ],
[-0.7566, -1.0000, ],
[-0.1440, -0.7385, ],
[0.7306, 1.0000, ],
[0.5736, -0.1293, ],
[0.6566, 0.1182, ],
[0.1108, -0.7793, ],
[-0.3137, -0.5976, ],
[-0.3224, 0.7958, ],
[0.6116, -0.3786, ],
[0.6658, -0.1929, ],
[0.3906, 0.1649, ],
[-0.3869, 0.3919, ],
[0.3231, -0.3484, ],
[0.7975, 0.1864, ],
[-0.5625, 0.0700, ],
[-0.6715, -0.1730, ],
[0.4407, 0.2645, ],
[1.0000, 0.0141, ],
[0.4571, -0.8109, ],
[0.1669, 0.4623, ],
[0.2632, -0.7539, ],
[0.2681, -0.2085, ],
[0.6971, -0.0228, ],
[0.9327, 0.4601, ],
[-0.2584, 0.3853, ],
[-0.1938, -0.3915, ],
[-0.2030, -0.5170, ],
[0.3765, 0.6899, ],
[-1.0000, -0.3362, ],
[0.8164, 0.3240, ],
[0.9785, 0.8706, ],
[-0.1591, 0.1000, ],
[1.0000, 0.1769, ],
[-0.4410, -1.0000, ],
[-0.0929, 0.6455, ],
[0.1487, 0.9234, ],
[-0.5694, 0.8716, ],
[-0.6865, 0.0184, ],
[-0.4562, -0.4152, ],
[0.1868, 0.4975, ],
[0.6914, 0.4645, ],
[-0.1857, -0.6787, ],
[0.3678, -0.4650, ],
[-0.5697, -0.1726, ],
[-0.0998, 1.0000, ],
[0.0688, -0.4762, ],
[0.3581, 0.1301, ],
[-0.8716, -0.9472, ],
[0.0713, 0.1535, ],
[-0.6629, 0.1905, ],
[0.6380, 0.3271, ],
[0.6082, 0.4626, ],
[0.4009, 0.4876, ],


[11.0000, ],
[3.0000, ],
[8.0000, ],
[0.0000, ],
[21.0000, ],
[19.0000, ],
[1.0000, ],
[7.0000, ],
[0.0000, ],
[9.0000, ],
[10.0000, ],
[8.0000, ],
[2.0000, ],
[4.0000, ],
[11.0000, ],
[9.0000, ],
[9.0000, ],
[4.0000, ],
[14.0000, ],
[9.0000, ],
[14.0000, ],
[3.0000, ],
[4.0000, ],
[2.0000, ],
[4.0000, ],
[1.0000, ],
[8.0000, ],
[11.0000, ],
[7.0000, ],
[7.0000, ],
[4.0000, ],
[5.0000, ],
[11.0000, ],
[2.0000, ],
[6.0000, ],
[15.0000, ],
[7.0000, ],
[4.0000, ],
[2.0000, ],
[9.0000, ],
[3.0000, ],
[8.0000, ],
[9.0000, ],
[8.0000, ],
[10.0000, ],
[9.0000, ],
[5.0000, ],
[7.0000, ],
[13.0000, ],
[5.0000, ],
[7.0000, ],
[2.0000, ],
[7.0000, ],
[17.0000, ],
[3.0000, ],
[8.0000, ],
[6.0000, ],
[4.0000, ],
[4.0000, ],
[17.0000, ],
[7.0000, ],
[6.0000, ],
[12.0000, ],
[7.0000, ],
[6.0000, ],
[7.0000, ],
[3.0000, ],
[8.0000, ],
[17.0000, ],
[0.0000, ],
[10.0000, ],
[7.0000, ],
[9.0000, ],
[0.0000, ],
[0.0000, ],
[10.0000, ],
[14.0000, ],
[12.0000, ],
[5.0000, ],
[6.0000, ],
[7.0000, ],
[4.0000, ],
[10.0000, ],
[2.0000, ],
[6.0000, ],
[3.0000, ],
[4.0000, ],
[21.0000, ],
[16.0000, ],
[15.0000, ],
[9.0000, ],
[8.0000, ],
[2.0000, ],
[8.0000, ],
[6.0000, ],
[2.0000, ],
[4.0000, ],
[23.0000, ],
[5.0000, ],
[2.0000, ],


