[ 0,  0,  0,  0,  0,  0,  0,  0,  0,  0,  0,  0,  0,  0,  0,  0,  0,  9,  0,  0,  6,  0,  0,  0, ],
[ 3,  0,  0,  0,  0,  0,  0,  0,  0,  0,  0,  0,  0,  0, 14,  0,  0,  0,  0,  2,  0,  0,  0,  0, ],
[ 0,  0,  0,  0,  0,  0,  0,  0,  0,  0,  6,  0,  0,  0,  0,  0, 13,  0,  0,  0,  0,  0,  0,  0, ],
[ 0,  0,  0,  0,  0,  0,  0,  0,  0,  0,  0,  0,  0,  0,  0, 10,  0,  0,  0,  0,  0,  0,  0,  0, ],
[ 0,  0,  0,  0,  0,  0,  0, 14,  0,  9,  0,  0,  0,  0,  0,  0,  0,  0, 14,  0,  0,  0,  6,  0, ],
[ 0,  0,  0,  0,  0,  0,  4,  0,  0,  0,  0,  0,  0,  0,  9,  0,  0,  0,  0,  0,  0,  0,  0,  0, ],
[ 5,  0,  0,  0,  0,  0,  0,  3,  0,  0,  0,  0,  1,  0,  0,  0,  0,  0,  0,  0,  0,  0,  0,  0, ],
[ 0,  0,  0,  0,  0,  0,  0,  0,  6,  0, 10,  0,  0,  0,  0,  0,  0,  0,  0,  0,  0,  0,  0,  0, ],
[ 0,  0,  0,  0,  0,  0,  0,  0,  0, 13,  0,  0,  0,  0,  0,  0,  0,  0, 13,  0,  0,  0,  0,  0, ],
[ 0,  0,  0,  0,  0,  0,  6,  0,  0,  1,  0,  0,  0,  0,  0,  0,  0,  9,  0,  0,  0,  0,  0,  0, ],
[ 0,  0,  0,  0,  5,  0,  0,  0,  0,  0,  0,  0,  0,  0,  0,  0,  0,  0,  3,  0,  0,  0,  0,  0, ],
[ 0, 12,  0,  0,  0,  0,  5,  0,  0,  0,  0,  0,  0, 14,  0,  0,  0,  0,  0,  0,  0,  0,  0,  0, ],
[ 0,  0,  4,  0,  0,  0,  0,  5,  0,  0,  0,  0,  0,  0,  0,  0,  0,  0,  0,  0,  0,  0,  0,  0, ],
[ 0,  0,  0, 13,  0,  8,  0,  0,  0,  0,  0,  0,  0,  0,  0,  0, 12,  0,  0,  0,  0,  0,  0,  4, ],
[ 0,  0,  0,  0,  0,  0,  0,  0,  0,  5,  0,  0,  0,  0,  0,  0,  0,  0,  4,  0,  0,  0,  0,  0, ],
[ 0,  0,  0,  0,  0,  0,  0,  9,  0,  0,  5,  0,  0,  0,  0,  0,  0,  0,  0,  0,  0,  0,  0,  0, ],
[ 0,  0,  1,  0,  0,  0,  0,  0,  0,  0,  0,  0,  0, 10,  2,  0,  0,  0,  0,  0,  0,  0,  0,  0, ],
[ 0,  0,  0,  0,  0,  0,  0,  0,  0,  0,  1,  6,  0,  0,  0,  0,  0,  0,  0,  0,  0,  0,  0,  0, ],
[ 0,  0,  0,  0,  0,  0,  0,  0,  0,  0,  0,  0,  0,  0,  0,  0,  0,  0,  0,  0,  0,  0,  0,  0, ],
[ 0,  0,  0,  0,  0,  0,  0,  0,  0,  0,  0,  0,  0,  0,  0,  0,  0,  0,  0,  0,  0,  0,  3,  0, ],
[ 0,  0,  0,  0,  0,  0,  0,  0,  0,  0,  0,  0,  0,  0,  0,  0,  0,  0,  7,  0,  0,  5,  4,  0, ],
[ 0,  0,  0,  0,  0,  0,  9,  0,  0,  0,  0,  0,  0, 10,  0,  0,  0,  2,  0,  0,  0,  0,  0,  0, ],
[ 0,  0,  0,  0,  0,  0,  0,  0, 10,  0,  0,  0,  0,  0,  0,  0,  0,  0,  0,  0,  0,  0,  0,  0, ],
[ 0, 13,  0,  0,  0,  0,  0,  0,  0,  0, 14,  0,  0,  0,  0,  0,  0,  5, 12,  0,  0,  0,  0,  0, ],
[ 0,  0,  0,  0,  0,  0,  0,  0,  0,  0,  0,  0,  0,  0,  0,  0,  0,  0,  0,  0,  0,  0,  0,  0, ],
[ 0,  0,  0,  0,  0,  0,  0,  0, 11,  0,  0,  0,  0,  0,  0,  0,  0,  0,  1,  6,  0,  0,  0,  0, ],
[ 0,  0,  0,  0,  0,  0,  8,  0,  0,  0,  0,  0,  0,  0,  0,  0,  0,  0,  0,  0,  0,  0,  0,  5, ],
[ 0,  0,  0,  0,  0,  0,  0,  0,  0,  0,  0,  0,  7,  0,  8,  0,  0,  0,  0, 10,  0,  0,  0,  0, ],
[ 0,  0,  0,  0,  0,  0,  0,  0,  0,  0,  0,  0,  0,  0,  0,  0,  0,  0,  0,  0,  0,  0,  0,  0, ],
[ 0,  0,  0,  0,  0,  0,  0,  0,  0,  0,  0,  0,  0,  0,  0,  0,  0,  0,  0,  7,  0,  0,  0,  0, ],
[ 0,  0,  0,  0,  0,  0,  0,  0,  0,  0,  0,  0,  0,  0,  0,  0, 10,  0,  0,  0,  0,  0,  0,  0, ],
[ 8,  0,  0,  5,  0,  0,  0,  0,  0,  0, 11,  0,  0,  2,  0,  0,  0,  0,  0,  0,  0,  0,  0,  0, ],
[ 0,  0,  0,  0,  0,  0,  0,  0,  0,  0,  0,  0,  0,  0,  0,  0,  0,  9,  0, 13,  0,  0,  0,  0, ],
[ 0,  0,  0,  0,  6,  0,  0,  5,  0,  0,  0,  0,  0,  0,  0,  0,  0,  0,  0,  0,  0,  0,  0,  9, ],
[ 0,  0, 14, 14,  0,  0,  0,  0,  4,  0,  0,  0,  0,  0,  0,  0,  0,  0,  0,  0,  0,  0,  0,  0, ],
[ 0,  0,  0,  0,  0,  0,  0,  0,  0,  0,  0,  0,  0,  0,  0,  0,  0,  1,  0,  0,  0,  0,  0,  6, ],
[ 0,  0,  0,  0,  0,  0,  0,  0,  0,  0,  0,  0,  0,  0,  0, 10,  0,  0,  0,  0,  0, 13,  0,  0, ],
[ 0,  0,  2,  0,  0,  0,  0,  0,  0,  0,  0,  0,  0,  0,  0,  0,  0,  0,  0,  0,  0,  0,  0,  0, ],
[13,  0,  0,  1,  0,  0,  0,  0,  0,  0,  0,  0,  0,  0,  0, 14,  0,  0,  0,  0,  9,  0,  0,  0, ],
[ 4,  0,  0,  0,  0,  0,  0,  0,  0,  0,  0,  0,  0,  0,  0,  0,  0,  0,  0,  0,  0,  0,  0,  0, ],
[ 0,  0,  0,  0,  0,  0,  0,  0,  0,  0,  0,  0,  0,  0,  0,  5,  4,  0,  0,  0,  0,  0,  0,  0, ],
[ 0,  0,  0,  0,  0,  0,  0,  0,  0, 10,  0, 10,  0,  0,  0,  0,  0,  0,  0,  0,  0,  0,  0,  0, ],
[ 0,  0,  0,  0,  0,  0,  0,  0,  0,  0,  0,  0,  0,  0,  0,  0,  6,  0,  0,  0,  0,  0,  0,  0, ],
[ 0,  0,  0,  0,  0,  0,  0,  0,  0,  0,  0, 11, 12,  0,  0,  0,  0,  0,  0,  0,  0,  0,  0,  0, ],
[ 8,  0,  0,  4,  0,  0,  0,  0,  5,  6,  0,  0,  0,  0,  0,  0,  0,  0,  7,  0,  0,  0,  0,  0, ],
[ 0,  0,  0,  0,  0,  0,  0,  0,  0,  0,  0,  0,  0,  0,  0,  0,  0,  4,  0,  2,  0,  0,  0,  0, ],
[ 0,  0,  0,  0,  0,  1,  0,  0,  0,  0,  0,  0,  0,  0,  0,  0,  0,  0,  2,  0,  0,  6,  0,  0, ],
[ 0,  0,  0,  0,  0,  0,  0,  0,  0,  0,  0,  0,  0,  0,  4, 10,  0,  0, 13,  0,  0,  0,  0,  0, ],
[ 0,  0,  0,  6,  0,  0,  9,  0,  0,  0,  7,  0,  0, 10,  4,  0,  0,  0,  0,  0,  0,  0,  0,  0, ],
[ 0,  0,  0,  0,  0,  0,  0,  0,  0,  0,  0,  1,  0,  0,  0,  0,  0,  0,  0,  0,  0,  0,  0,  0, ],
[ 0,  0,  0, 14,  0,  0,  0,  0,  0,  0,  0,  0,  0,  0,  0,  0,  0,  0,  0,  0,  0,  0,  0,  1, ],
[ 0,  0,  0,  0,  0,  0,  0,  0,  0,  0,  0,  0,  0,  0,  0,  0,  0,  3, 12,  0,  0,  0,  0,  0, ],
[ 0,  0,  0,  0,  7,  1,  0,  0, 11,  0,  0,  0,  0,  0,  0,  0,  0,  0,  0,  0,  0,  0,  0,  0, ],
[ 0,  0,  3,  0,  0,  0,  0,  0,  0,  0,  0,  0,  0,  0,  0,  0,  0,  0,  0,  0,  0,  0,  0,  0, ],
[ 0,  0,  4,  0,  0,  0,  0,  0,  0,  0,  0,  0,  0,  0,  0,  0,  9,  0,  0,  0,  0, 14,  0,  0, ],
[ 0,  0,  0,  0,  0,  0,  0,  0,  0,  0,  0,  0,  0,  0,  0,  0,  5,  0,  0,  0,  0,  0,  0,  0, ],
[ 0,  7,  0,  0,  0,  0,  0,  0,  0,  0,  0,  0,  0,  0,  0,  0,  6,  0,  0,  0,  0,  0,  0,  0, ],
[ 0,  0,  7,  0,  0,  0,  0,  0,  1,  0,  0,  0,  0,  0,  0,  0,  0,  0,  0,  0,  0,  0,  0,  0, ],
[ 0,  0,  0,  0,  0,  0,  9,  0,  0,  0,  0,  0,  8,  0,  0,  0,  3,  0,  0,  0,  0,  0,  0,  0, ],
[ 0,  0,  0,  0,  0,  0,  0,  0, 13,  0,  0,  0,  0,  0,  0,  0,  0,  0,  0,  0,  0,  0, 11,  0, ],
[ 0,  0,  0,  0,  0,  0,  0,  0,  0,  0,  0,  0, 12,  0,  0,  0,  0,  0,  0,  8,  0,  0,  0,  0, ],
[ 0,  0,  0,  0,  0,  0,  0,  0,  0,  0,  0,  0,  0,  0,  0,  0,  0,  0,  0,  0,  0,  0,  0,  0, ],
[ 0,  0,  0,  0,  0,  0,  5, 11,  0,  9,  0,  0,  0,  0,  0,  0, 14, 14,  0,  0,  0,  0,  0,  0, ],
[ 0, 12,  0,  0,  0,  0,  0,  0,  0,  0,  0,  0,  0,  0,  0,  0,  0,  0,  0,  0,  0,  0,  0,  0, ],
[ 0,  9,  0,  0,  0,  0,  0,  0,  0,  0,  0,  0,  0,  0,  0,  0,  0,  0,  0,  0,  0,  0,  0, 14, ],
[ 0,  0,  0,  0,  6,  0,  0,  0,  0,  0,  0,  0,  0,  0,  0,  0,  0,  0,  0, 13,  0,  0,  0,  0, ],
[ 0,  0,  0,  0,  0,  0,  0,  0,  0,  0,  0,  0,  0,  0,  0,  0,  0,  0,  3,  0,  0,  0,  0, 13, ],
[ 0,  0,  0,  0, 14,  0,  0,  0,  2,  0,  0,  0,  0,  0,  0,  8,  0,  0,  0,  0,  0,  0,  0,  2, ],
[ 0, 13,  0,  0,  0, 11, 12,  0,  0,  0,  0,  0,  0,  0,  0,  0,  0,  0,  0,  0,  0,  0,  0,  0, ],
[ 0,  0,  0,  0, 12,  0,  0,  0,  0,  0,  0,  0,  0,  0,  0,  0,  0,  5,  0,  0,  0,  0,  0,  0, ],
[ 0,  0,  4,  1, 11,  0,  0,  6,  0,  0,  0,  0,  0,  0,  0,  0,  0,  0,  0,  0,  0,  0,  0,  0, ],
[ 0, 13,  0,  0,  0,  0,  0, 11,  0,  0,  0,  0,  0,  0,  0,  0,  0,  0,  0,  0,  0, 13,  0,  0, ],
[ 0,  0,  7, 12,  1,  0,  0,  0,  0,  0,  0,  0,  2,  0,  0,  0,  0,  0,  0,  1,  0,  0,  0,  0, ],
[ 8,  0,  0,  0,  0,  0, 11,  0,  0,  0,  0,  0,  0,  0,  0,  0,  0,  0,  0,  0,  9,  0,  0,  0, ],
[ 0,  0,  0,  0,  0,  0,  0,  0,  0,  0,  5,  0,  0,  0,  0,  2,  0,  0,  0,  0,  0,  0,  0,  0, ],
[ 0,  0,  0,  0,  0,  0,  0,  0,  0,  0,  0,  0,  6,  7,  0,  0,  0,  0,  0, 10,  0,  0,  0,  0, ],
[ 0,  0,  0,  2,  0,  0,  0,  0,  0,  0, 13,  0,  0,  0,  0,  0,  0,  0,  0,  0,  0,  0,  0,  0, ],
[ 0,  0,  0,  0,  0,  0,  0,  0,  0,  0,  0,  0,  0,  0,  0,  0,  0,  0,  0,  0,  0,  0,  0,  0, ],
[ 0,  0,  0,  0,  0,  0,  0,  0,  0,  0,  0,  0,  0,  0,  0,  0,  0,  0,  0,  0,  0,  0,  0,  0, ],
[ 0,  0,  5,  0,  0,  0,  0,  0,  0,  0,  0,  0,  0,  0,  7,  0,  0,  0,  0,  5,  0,  0,  0,  0, ],
[ 0,  0,  0,  0,  0,  0,  0,  0,  0,  0,  0,  0,  0,  0,  0,  0,  0,  0,  5,  0,  0,  0,  0,  0, ],
[ 0,  0,  4,  0,  0, 14,  0,  0,  0,  0,  0,  0,  0,  7,  0, 10,  0,  0,  0,  6,  0,  0,  0,  6, ],
[ 0,  0,  0,  0,  0,  9,  0, 11,  0,  0,  0,  0, 10,  0, 11,  1,  0,  0,  0,  0,  0,  0,  0,  0, ],
[ 0,  0,  0,  0,  0,  0,  0,  0,  0,  0,  0,  0,  0,  0,  0,  0,  0,  0,  1,  0,  0,  0,  6,  0, ],
[ 0,  0,  0,  0,  0,  0,  0,  0,  0,  0,  0,  0,  0,  0,  0,  0,  0,  0,  0,  0,  0,  0,  0,  0, ],
[ 0,  0,  0, 13,  0,  9,  0,  0,  0,  0,  0,  0,  0,  0,  0,  0,  0,  0,  0,  0,  0,  0,  0,  0, ],
[ 0,  0,  0,  0,  0,  0,  0,  0,  0,  0,  0,  0,  0,  0,  0,  0,  0,  0,  0,  0,  0,  0,  2,  0, ],
[ 8,  0,  0,  0,  0,  0,  0,  0,  0,  0,  0,  0,  0,  0,  2,  0,  0,  0,  0,  0,  0,  0,  9,  0, ],
[ 0,  0,  0,  0,  0,  0,  1,  0,  0,  0,  0,  3,  0,  0,  0,  0,  0,  0,  0,  0,  0,  0,  0,  0, ],
[ 0,  0,  0,  0,  0,  0,  0,  0, 13,  0,  0,  0,  0,  0,  0,  0,  0,  0,  0,  0,  0,  0,  0,  0, ],
[ 0,  0,  0,  2,  0,  0,  0,  0,  0,  0,  0,  0,  0,  0,  0, 11,  0,  0,  0,  0,  0,  0,  0,  0, ],
[ 0,  0,  0,  0,  0,  0,  0, 13,  0,  0,  0,  0,  0,  0,  0,  0,  0,  0,  0,  0,  0,  0,  0,  0, ],
[ 0,  0,  0,  0,  0,  0,  0,  0,  0,  0,  0, 14,  0,  0,  0,  0,  0,  0,  0,  0,  0,  0,  0,  0, ],
[ 0,  0,  0,  0,  0,  0,  0,  0,  0,  0,  0,  0,  0,  0,  0,  0,  0,  0,  0,  0,  0,  0,  0,  0, ],
[ 0,  0,  0,  0,  0,  0,  0,  0,  7,  0,  0,  5,  0,  0,  0,  0,  0,  0,  0,  0,  0,  0,  0, 11, ],
[ 0,  0,  0,  0,  0,  0,  0,  0,  0,  0,  0,  0,  0,  0,  0,  0,  0,  0,  0,  0,  0,  0,  0,  0, ],
[ 0,  0,  0,  0,  0,  0,  0,  0,  0,  0,  0,  7,  0,  0,  0,  0,  0,  0,  0,  0,  0,  0,  0,  0, ],
[ 0, 12,  5,  3,  0,  0,  0,  0,  0,  0,  0,  0,  0,  0,  0,  0,  0,  0,  0,  0,  0,  0,  0,  0, ],
[ 0,  5,  0,  0,  0,  0,  0,  0,  0,  0,  0,  0,  0,  0,  0,  0,  0,  0,  0,  0,  0,  0,  0,  0, ],
[ 0,  0,  0,  0,  0,  0,  0,  0,  0,  0,  0,  0,  0,  0,  0,  0,  0,  0,  0,  0,  0,  0,  0,  0, ],


[0.9334, -0.0529, ],
[-0.1796, -0.3868, ],
[-0.1650, -0.4578, ],
[-0.1904, 0.1192, ],
[0.9051, 1.0000, ],
[0.7438, -0.0777, ],
[-0.5355, 0.3886, ],
[0.2389, 0.3772, ],
[-0.1719, -0.6367, ],
[-0.6849, 0.1647, ],
[0.5769, -0.3965, ],
[-0.0702, -0.4763, ],
[-0.5891, -0.9495, ],
[0.4996, 0.1548, ],
[0.5584, 0.5290, ],
[-0.5676, 0.0126, ],
[0.0685, -0.7492, ],
[-0.3079, 0.9508, ],
[0.4370, -0.0547, ],
[-0.1299, -0.8517, ],
[0.9830, 0.1211, ],
[0.2961, -0.0499, ],
[0.7024, -0.1139, ],
[-0.9830, -0.7122, ],
[0.5533, 0.0218, ],
[0.1734, -0.2585, ],
[-1.0000, -0.4217, ],
[0.0682, -0.4795, ],
[0.6849, 0.2793, ],
[-0.4610, 0.4252, ],
[-0.7300, -0.3692, ],
[0.0994, 0.5381, ],
[0.5975, -0.2022, ],
[0.3628, 0.8346, ],
[-0.2922, 0.2239, ],
[-0.6984, 0.3075, ],
[0.4249, -0.2111, ],
[-0.4364, -0.3138, ],
[0.9172, 0.9702, ],
[0.6740, 0.5131, ],
[0.5149, -1.0000, ],
[0.0371, 0.2801, ],
[0.3320, 0.4169, ],
[0.3522, -0.8318, ],
[0.9670, -0.2164, ],
[-0.0799, 0.9627, ],
[0.2130, -0.2889, ],
[-0.5867, -0.6199, ],
[-0.1486, -0.7115, ],
[0.7269, 0.8791, ],
[0.4294, -0.1632, ],
[0.5460, 0.1803, ],
[0.1915, -0.8665, ],
[-0.4417, -0.5696, ],
[-0.3224, 0.3399, ],
[0.7355, -0.3786, ],
[0.5125, -0.1366, ],
[-0.8194, 0.2034, ],
[-0.6997, 0.6348, ],
[0.1490, -0.4799, ],
[0.3085, 0.1864, ],
[-0.2700, 0.2344, ],
[-0.6715, 0.2063, ],
[0.4357, 0.0277, ],
[1.0000, -0.0726, ],
[0.4060, 0.5584, ],
[0.2930, 0.3581, ],
[0.4961, -0.5254, ],
[0.2666, 0.0928, ],
[0.6826, -0.0360, ],
[0.7492, 0.5346, ],
[0.0586, 0.2872, ],
[-0.1952, 0.1300, ],
[-0.1599, -0.3530, ],
[-0.4810, 0.5184, ],
[-1.0000, -0.0951, ],
[1.0000, -0.4531, ],
[1.0000, -0.0138, ],
[0.1213, 0.0954, ],
[-0.5077, -0.2558, ],
[-0.3575, -0.9138, ],
[-0.0929, 0.5614, ],
[-1.0000, -0.1985, ],
[-0.1479, 0.7659, ],
[-0.2123, 0.1552, ],
[-0.4949, -0.4325, ],
[0.1868, 0.7297, ],
[0.9132, 0.4965, ],
[-0.1857, -0.6102, ],
[0.3408, -0.3822, ],
[-0.4619, 0.6129, ],
[0.0780, 0.9150, ],
[-0.1583, -0.4812, ],
[0.4347, 0.1912, ],
[-0.1560, -0.9472, ],
[-0.7117, -0.6013, ],
[-0.5213, 0.0358, ],
[0.6380, -0.4514, ],
[0.9158, 0.3450, ],
[0.2752, 0.8196, ],


[6.0000, ],
[7.0000, ],
[7.0000, ],
[4.0000, ],
[14.0000, ],
[5.0000, ],
[5.0000, ],
[7.0000, ],
[8.0000, ],
[7.0000, ],
[4.0000, ],
[10.0000, ],
[4.0000, ],
[13.0000, ],
[4.0000, ],
[5.0000, ],
[6.0000, ],
[4.0000, ],
[0.0000, ],
[2.0000, ],
[7.0000, ],
[8.0000, ],
[4.0000, ],
[14.0000, ],
[0.0000, ],
[8.0000, ],
[5.0000, ],
[10.0000, ],
[0.0000, ],
[3.0000, ],
[4.0000, ],
[10.0000, ],
[7.0000, ],
[8.0000, ],
[10.0000, ],
[4.0000, ],
[8.0000, ],
[1.0000, ],
[12.0000, ],
[2.0000, ],
[4.0000, ],
[8.0000, ],
[3.0000, ],
[8.0000, ],
[13.0000, ],
[3.0000, ],
[5.0000, ],
[10.0000, ],
[15.0000, ],
[1.0000, ],
[5.0000, ],
[6.0000, ],
[8.0000, ],
[2.0000, ],
[9.0000, ],
[2.0000, ],
[6.0000, ],
[4.0000, ],
[8.0000, ],
[8.0000, ],
[7.0000, ],
[0.0000, ],
[17.0000, ],
[4.0000, ],
[7.0000, ],
[7.0000, ],
[6.0000, ],
[9.0000, ],
[12.0000, ],
[6.0000, ],
[10.0000, ],
[12.0000, ],
[10.0000, ],
[10.0000, ],
[3.0000, ],
[10.0000, ],
[5.0000, ],
[0.0000, ],
[0.0000, ],
[7.0000, ],
[2.0000, ],
[19.0000, ],
[16.0000, ],
[4.0000, ],
[0.0000, ],
[7.0000, ],
[1.0000, ],
[7.0000, ],
[3.0000, ],
[4.0000, ],
[5.0000, ],
[4.0000, ],
[4.0000, ],
[0.0000, ],
[9.0000, ],
[0.0000, ],
[3.0000, ],
[8.0000, ],
[2.0000, ],
[0.0000, ],


