[ 0,  0,  0,  0,  0,  0,  0,  0,  0,  0,  0,  0,  0,  0,  2,  0,  0,  0,  5,  0,  0,  0,  0,  0, ],
[ 0,  0,  0,  0,  0,  0,  0,  0,  0,  0,  0,  0,  3,  0,  0,  0,  0,  1,  0,  0,  0,  0,  0,  0, ],
[ 0,  0,  0,  0,  0,  0,  0,  0,  0,  0,  0,  0,  0,  0,  0,  0,  0,  0,  0,  0,  0,  0,  0,  0, ],
[ 0,  0,  0,  0,  0,  0,  0,  0,  0,  0,  0,  0,  0,  0,  0,  0,  0,  0,  0,  0,  0,  0,  0,  0, ],
[ 0,  0,  0,  0,  0,  0, 10,  6,  0,  0,  0,  0,  0,  0,  1,  0,  0,  0,  0,  0,  0, 14,  0,  0, ],
[ 0,  0,  0,  0,  0,  0,  0,  5,  0,  0,  0,  0,  0,  0,  0,  1,  0,  0,  0,  0,  0, 14,  0,  0, ],
[ 0,  0,  0,  0, 11,  9,  0,  0,  0,  0,  0,  0,  0,  0,  0,  0,  0,  0,  0,  0,  0,  0,  0,  0, ],
[ 0,  0,  0,  0,  0,  0,  0,  0,  0,  0,  0,  0,  0,  0,  0,  0,  0,  0,  0,  0,  0,  0,  0,  0, ],
[ 0,  0,  0,  0,  0,  0,  0,  0,  0,  0,  0,  0,  0,  0,  0,  0,  0,  0,  0,  0,  0,  0, 13,  0, ],
[ 0,  2,  0,  0, 14,  0,  6,  0,  0,  0,  0,  0,  0,  0,  0, 10,  0,  0,  0,  0,  0,  0,  0,  0, ],
[ 0,  0,  0,  0,  0,  0,  0,  0,  0,  0,  0,  7,  0,  0,  0,  0,  0,  0,  0,  0,  0,  0,  0,  0, ],
[ 0,  0,  0,  0,  0,  0,  0,  0,  0,  0,  0,  0, 13,  0,  1,  0,  0,  1,  0,  0,  0,  0,  0,  0, ],
[ 8,  0,  0,  0,  0,  0,  0,  0,  4,  0,  0,  0,  0,  0,  0,  0,  0,  0,  0,  0,  0,  0,  0,  0, ],
[ 0,  0,  0,  0,  0,  0,  0,  0,  0,  0,  0,  0,  0,  0,  2,  0,  0,  0,  0,  0,  1,  0,  0,  5, ],
[ 0, 13,  0,  0,  0, 12,  0,  0,  0,  0,  0,  0,  0,  0,  0,  0,  0,  0,  0,  0,  0,  0,  0,  0, ],
[ 0,  0,  0,  0,  0,  0,  0,  0,  0,  0,  0,  0,  0,  0,  5,  0,  0,  0,  0,  0,  0,  0,  0,  0, ],
[ 0,  0, 14,  0,  0,  0,  0,  0,  0,  0,  0,  0,  0,  0,  0,  0,  0,  0,  0,  0,  0,  0,  0,  0, ],
[ 0,  0,  0,  0,  0,  0,  0,  0,  0,  5,  0,  0,  0,  0,  0,  0,  0,  0,  0,  0,  0,  0,  0,  2, ],
[ 0,  0,  0,  0,  0,  0,  0,  0,  0,  0,  0,  0,  0,  0,  6,  0,  0, 14,  0,  0,  0,  0,  0,  0, ],
[ 0,  0,  0,  0,  0,  0,  0,  0,  0,  0,  0,  0,  6,  0,  0,  0,  0,  0,  0,  0,  0,  0,  0,  0, ],
[ 0,  0,  0,  0,  0,  0,  0,  5,  0,  0,  0,  0,  0,  0,  0,  0,  7,  0,  0,  0,  8,  0,  0,  0, ],
[ 0,  0,  0,  0,  0,  0,  0,  0,  0,  0,  0,  0,  0,  0,  0,  6,  0,  0,  0,  0,  0,  0,  0,  0, ],
[ 0,  2,  0,  0, 12,  0,  0, 13, 10,  0,  0,  0,  0,  0,  0,  0,  0,  0,  0,  0,  4,  0,  0,  0, ],
[ 0,  0,  0,  0,  0,  0,  0,  0,  0,  0,  0,  0,  0,  0,  0,  0,  0,  0,  0,  0,  0,  0,  8,  0, ],
[ 0,  0, 12,  0,  0,  0,  0,  0,  8,  0,  0,  0,  0,  0,  0,  0,  0,  0,  0,  0,  0,  0,  8,  0, ],
[ 0,  0,  0,  0,  2,  0,  0,  0,  0,  0,  0,  0,  0,  0,  0,  0,  9,  0,  0,  0,  0,  0,  0,  0, ],
[ 0,  0,  0,  0,  0,  0,  0,  0,  0,  8,  0,  0,  0,  0,  0,  0,  0,  0,  0,  0,  0,  0,  0,  4, ],
[ 0,  0,  0,  0, 10,  9,  0,  0,  0,  0,  0,  8,  0,  4,  0,  0,  0,  0,  0,  0,  0,  0,  0,  0, ],
[ 0,  0,  0,  6,  0,  0,  0,  0,  0,  9,  0,  0,  0,  0,  0,  0,  0,  0,  0,  0,  0,  0,  0, 10, ],
[ 0,  0,  0,  0,  0,  0,  0,  0,  0,  0,  0,  0,  0,  0,  0,  0,  0,  0,  0,  0,  0,  0,  0,  0, ],
[ 0,  0,  0,  0,  2, 14,  0,  6,  0,  0,  0,  0,  0,  0,  0,  0,  0,  0,  0,  0,  0,  0,  0,  0, ],
[ 0,  0,  0,  0,  0,  0,  0,  0,  0,  0,  0,  0,  0,  0,  6,  0,  0,  0,  0,  1,  0,  0,  0,  0, ],
[ 0,  0,  0,  0,  5,  0,  1,  0,  0,  0,  0,  0,  0,  6, 10,  0,  0,  0,  0,  0,  0,  0,  4,  0, ],
[ 0,  0,  0,  0,  0,  0,  6,  0,  0,  0,  0,  0,  0,  0,  0,  0,  0,  0,  0,  0,  0,  0,  0,  0, ],
[ 0,  0,  0,  0,  0,  0,  0,  0,  0,  0,  0,  0,  0,  0,  8,  0,  0,  3, 11,  0,  0, 11,  0,  0, ],
[ 0,  3,  0,  0,  0,  0,  3, 13,  0,  0,  0,  0,  0,  0,  0,  0, 14,  0,  0,  8,  0,  0,  0,  0, ],
[ 2,  0,  0,  0,  0,  0,  0,  0,  0,  0,  0,  0,  0,  0,  0,  0,  0,  0,  0,  0,  0,  0,  0,  0, ],
[12,  0,  0,  0,  0,  0,  0,  0,  0, 12,  0,  0,  0,  0,  0,  0,  0,  0,  0,  0,  0,  0,  0,  0, ],
[ 0,  0,  0,  0,  0,  0,  0,  0,  0,  0,  0,  8,  0,  0,  0,  0,  0,  0,  0,  0,  0,  0,  0,  0, ],
[ 0,  0,  0,  0,  0,  0,  0,  0,  0,  0,  0,  0,  6,  0,  0,  0,  0,  5,  0,  0,  0,  0,  0,  6, ],
[ 0,  0,  0,  0,  0,  0,  0,  0, 13,  0,  0,  0,  0,  0,  0,  0,  4,  0,  0,  0,  0,  0,  2,  0, ],
[ 0,  0,  0,  0,  0,  0,  0,  0,  0, 10,  0, 10,  0,  0,  0,  0,  0,  0,  0,  0,  0,  0,  0,  0, ],
[ 0,  0,  0,  0,  0,  0,  0,  0,  0,  0,  0,  0,  0,  0,  0,  8,  0,  0,  0,  0,  0,  0,  0,  0, ],
[ 0,  0,  0,  0,  0,  0,  0,  0,  0, 12,  0,  0,  2,  0,  0,  0,  0,  0,  3,  0,  0,  0,  2, 14, ],
[ 0,  0,  0,  0,  0,  0,  0,  0,  0,  0,  0,  0,  0,  0,  0,  0,  0,  0,  0,  0,  0,  0,  0,  0, ],
[ 0,  0,  0,  0,  0,  4,  0,  0,  0,  0,  0,  0,  0,  0,  0,  0,  4, 10, 14,  0,  0,  0,  0,  0, ],
[ 0,  0,  0,  0,  0,  0,  2,  0,  0,  0,  0,  0,  0,  0,  0,  0,  0,  0,  0,  0,  0,  0,  0,  0, ],
[11,  0,  0,  0,  0,  0,  0,  0,  0,  0,  0,  0,  0,  0,  0,  0,  0,  0,  0,  0,  0,  0,  0,  0, ],
[ 0,  0,  8,  0, 13,  0,  3,  0,  0,  0,  0,  0,  0, 10,  0,  0,  0,  0,  0,  0,  0,  9,  0,  0, ],
[ 0,  0,  0,  0,  5,  0,  0,  0,  0,  0,  0,  0,  0,  0,  0,  0,  0,  0,  0,  0,  0,  0,  0,  0, ],
[ 0,  0,  0,  0,  0,  0,  0,  0,  0,  0,  0,  0,  0,  0,  0, 10,  0,  0,  0,  0,  0,  0,  0,  2, ],
[ 0,  0,  0,  0,  0,  0,  0,  0,  0, 14,  0,  0,  0,  0,  0,  0,  0,  0, 13,  0,  0,  0,  0,  0, ],
[ 0,  0,  0,  0,  0,  0,  0,  0,  0,  0,  0,  0,  0,  6,  0,  0,  0,  0,  0,  0,  0,  0,  0,  0, ],
[ 0,  0,  1,  0,  0, 13,  0, 10,  0,  0,  0,  0,  0,  0, 13,  0,  0,  0,  0,  0,  0,  0,  0,  0, ],
[ 0,  0,  0,  0,  0,  0,  0,  0,  0,  0,  0,  0,  0,  0,  9,  8,  0,  0,  0,  0,  0,  0,  0,  0, ],
[ 0,  0,  0,  0,  0,  0,  0,  0,  6,  0,  0,  0,  0,  0,  0,  0,  0,  1,  0,  0,  0,  0,  4,  0, ],
[ 0,  0,  0,  0,  0,  0,  0,  0,  0,  0, 10,  0,  0,  0,  0, 11,  0,  0,  0,  0,  0,  0,  0, 11, ],
[ 0,  0,  0,  0,  0,  0,  0,  0, 10,  0,  0,  0,  0,  0,  0,  0,  0,  0,  0,  0,  0,  0,  0,  0, ],
[ 0,  0,  5,  0,  1,  0,  0,  0,  0,  0,  0,  0, 10,  0,  0,  0,  0,  0,  0,  0,  2,  0,  0,  0, ],
[ 0,  0,  0,  0,  0,  0,  0,  5,  0,  0,  0,  0,  0,  1,  0,  0,  0,  0,  0,  0,  0,  0,  0,  0, ],
[13,  4, 14,  0,  0,  0,  0,  0,  0,  0,  0,  7,  0, 12,  0,  0,  0,  0,  0,  0,  0,  0,  0,  0, ],
[ 0,  0,  0,  0,  0,  0,  0,  0,  0,  0,  0,  0,  0,  0,  0,  0,  0,  0,  0,  0,  0,  0,  0, 13, ],
[ 0,  0,  0,  0,  0,  0,  0,  0,  0,  0,  0,  0,  0,  0,  0,  0,  2,  5,  0,  0,  0,  0,  0,  0, ],
[ 0,  0,  0,  0,  0,  0,  0,  0,  0,  0,  0,  0,  0,  0,  0,  0,  0,  0,  0,  0,  0,  0,  0,  0, ],
[ 0,  9,  2,  0,  0,  0,  0,  0,  0,  0,  0,  0,  0,  0,  0,  0,  0,  0, 11,  0,  0,  0,  0,  0, ],
[ 0,  0,  0,  9,  3,  1,  0,  0,  7,  0,  0,  0,  0,  7,  0,  0,  0,  0,  0,  0,  0,  3,  0,  0, ],
[ 0,  0,  0,  0,  0,  0,  0,  0,  0,  0,  0,  0,  0,  0,  0,  0,  0,  3,  0,  0,  0,  0,  0,  0, ],
[ 0,  0,  0, 12,  0,  0,  0,  0,  0,  0,  0,  0,  0,  0,  0,  0,  0,  0,  4,  0,  1,  0,  0,  0, ],
[ 0, 12,  0,  0,  0,  0,  0, 10,  0,  0,  0,  0,  0,  3,  6,  0,  0,  0, 12,  0,  0,  0,  0,  0, ],
[ 0,  0,  0,  0,  0,  0,  0,  0,  7,  0,  0,  0,  0, 10,  0,  0,  0,  0,  0,  0,  0,  0,  0,  0, ],
[ 9,  0,  0,  0,  0,  0,  0,  2,  0,  0,  0,  0,  0,  0,  0,  0,  0,  0,  0,  0,  0,  0,  0,  0, ],
[ 0,  0,  0,  0,  0,  0,  0,  0,  0,  0, 13,  0,  0,  0,  0,  0,  0,  1,  0,  0,  0,  9,  6,  0, ],
[ 0,  5,  0,  0,  0,  0,  0,  0,  0,  0,  0,  0,  0,  0,  0,  0,  0,  0,  0, 14,  0,  0,  0,  0, ],
[ 0,  0,  0,  0,  0,  0,  0,  0,  0,  0,  0, 10,  0,  0,  0,  0,  0,  0,  0,  0,  0,  0,  0,  0, ],
[ 0,  0,  0, 11,  0,  0,  0,  0,  0,  0,  0,  0,  0,  0,  0,  0,  0,  0,  0,  0,  0,  0,  0,  0, ],
[ 0,  0, 10,  0,  0,  0,  0,  0,  0,  0,  7,  0,  0,  0,  0,  0,  5,  0,  0,  0,  0,  0,  0,  0, ],
[ 0,  0,  0,  0,  0,  0,  0,  0,  0,  0,  0,  0,  0,  0,  0,  0,  0,  0, 12,  0,  0,  0,  0, 12, ],
[ 0,  0,  0,  0,  0,  0,  0,  0, 11,  0,  4,  0,  9,  0,  0,  0,  0,  0, 12,  6,  0,  0,  0,  0, ],
[ 0,  0,  0,  0,  0,  0,  0,  0,  0,  0,  0,  0,  0,  0,  6,  0,  0,  0,  0,  0,  3,  0,  4,  0, ],
[ 0,  0,  0,  0,  5,  0,  4,  5,  0,  0,  0,  0,  0,  0,  0,  0,  0,  0,  0,  0,  0,  0,  0,  0, ],
[ 0,  0,  0,  0,  0,  0,  0,  0,  0,  0,  8,  3,  0,  0,  0,  0,  0,  0,  0,  0,  0,  0,  0,  0, ],
[ 8,  0,  4,  0,  0,  0,  0,  0,  0,  0,  0,  0,  0,  0,  0,  0,  0,  0,  0,  0, 10,  9,  0,  0, ],
[ 8,  0,  0,  0,  0,  0,  0,  0,  0,  0,  0,  0,  0,  0,  0,  0,  0,  0,  0,  9,  0,  0,  0,  0, ],
[ 0,  0,  0,  0,  0,  0,  0,  0,  0,  0,  0,  0,  0,  0,  0,  0,  2,  0,  0,  0,  0,  0, 11,  0, ],
[ 0,  0,  0,  0,  0,  0,  0,  9, 10,  0,  0,  0,  0,  4,  0,  0,  0,  0,  4,  0,  9,  0,  0,  0, ],
[ 0, 11,  0,  0,  0,  6,  0,  0,  0,  0,  0,  0,  0,  0,  0,  0,  0,  0,  0,  0,  0,  0,  0,  0, ],
[ 0,  0,  0,  0, 10,  0,  5,  0,  9,  0,  0,  0,  1,  0,  0,  0,  0,  0,  0,  0,  5,  0,  4,  3, ],
[ 0,  0,  0,  0,  0,  0,  0,  0,  0,  0,  0,  2,  0, 12,  0,  0,  0,  0,  0, 11,  0, 13,  0,  0, ],
[ 0,  0,  0,  0,  0,  0,  0,  0,  0,  0,  0,  0,  0,  0,  5,  0,  0,  0,  0,  0,  0,  0,  0,  0, ],
[ 3,  0,  0,  0,  7,  0,  0,  0,  0,  0,  0,  0,  0,  0,  0,  1,  0,  0,  0,  4,  0,  0,  0,  0, ],
[ 0,  0,  0, 14,  0,  0,  0,  8,  3,  0,  0,  0,  0,  0,  0,  0,  0,  0,  9,  0,  0,  0,  1,  0, ],
[10,  0, 13,  0,  4,  0,  4,  0,  0,  0,  0, 12,  0,  0,  0,  0,  0,  0,  0,  0,  0,  0,  0,  0, ],
[ 0,  0,  0,  0,  3,  0,  0,  0,  0,  0,  0, 14,  0, 14,  0,  0,  0,  0,  0,  0,  0, 13,  9,  0, ],
[ 0,  8,  0,  0, 12,  0,  0,  0, 13,  0,  0,  0,  0,  0,  0,  0,  0,  0,  0,  0,  0,  0,  5,  9, ],
[ 1,  0,  6,  0,  0,  0,  0,  0,  0,  0,  0,  0,  0,  0,  0,  0,  0, 12,  8,  0,  0,  0,  0,  0, ],
[ 0,  0,  0,  0,  0, 13,  0,  0,  0,  0,  0,  0,  0,  0,  0,  0,  0,  0,  0,  0,  0,  0,  0,  0, ],
[ 0,  0,  0,  0,  0,  0,  0,  0,  0,  0,  0,  0,  5,  0,  0,  1,  0,  0,  0,  0,  0,  0,  7,  0, ],
[ 0,  0,  0,  0,  0,  0,  0,  0,  0,  0,  0,  0,  0,  0,  6,  0,  0,  0,  0,  0,  0,  0,  0,  0, ],
[ 0,  0,  0, 10,  0,  0,  0,  3,  0,  0,  0,  0,  0,  0,  0,  0,  4,  0,  8,  0, 12,  7,  0,  0, ],
[ 0,  0,  0,  0,  0,  0,  0,  0,  0,  0,  0,  0,  0,  0,  0,  0,  0,  0,  0,  0,  0,  0,  0,  0, ],


[0.1084, -0.8286, ],
[-0.1204, -0.9591, ],
[-0.0349, 0.5576, ],
[0.9054, -0.2348, ],
[-0.0447, 0.9738, ],
[0.5352, -0.0202, ],
[-0.5738, -0.5357, ],
[0.0757, 0.3880, ],
[-0.2212, 0.2979, ],
[-0.4674, 0.5013, ],
[0.5171, -0.1935, ],
[-0.1168, -0.4763, ],
[0.4450, -0.1158, ],
[0.5945, 0.2255, ],
[0.1982, -0.7002, ],
[-0.5729, 0.0052, ],
[0.9202, -1.0000, ],
[0.0370, -0.7338, ],
[0.7507, 0.4641, ],
[0.4323, -0.2208, ],
[1.0000, 0.6812, ],
[0.4203, -0.6609, ],
[0.6205, 0.1361, ],
[-0.9830, -0.4890, ],
[0.8511, -0.6645, ],
[-0.0564, 0.2175, ],
[0.5163, 0.5958, ],
[-0.7111, -0.4322, ],
[0.4287, 0.3133, ],
[0.6277, 0.4700, ],
[-0.6804, 0.4782, ],
[-0.0235, 0.3832, ],
[-0.9285, -0.0878, ],
[0.7120, 0.7462, ],
[0.8443, 0.6937, ],
[-0.8985, -0.1500, ],
[0.5328, -0.3843, ],
[0.4809, -0.4536, ],
[-1.0000, -0.4119, ],
[0.9439, 0.5481, ],
[0.6490, 0.2669, ],
[0.0452, 0.1932, ],
[0.8576, -0.1901, ],
[0.4204, -0.7029, ],
[0.1784, -0.5946, ],
[-0.7663, 1.0000, ],
[-0.5499, -0.2990, ],
[0.0378, 0.6250, ],
[-0.8495, 0.4757, ],
[0.8335, 0.3947, ],
[0.4263, 0.3766, ],
[0.6566, 0.4347, ],
[0.4295, -0.9092, ],
[0.1344, -0.6102, ],
[0.5487, -0.6879, ],
[-0.0557, -0.3882, ],
[0.7014, 0.0280, ],
[0.3906, 0.3668, ],
[-0.8161, 0.4454, ],
[-0.4683, -0.5154, ],
[0.5431, 0.5187, ],
[0.2694, 0.0478, ],
[0.7374, 0.2465, ],
[0.1756, 0.2645, ],
[0.9262, 0.0141, ],
[0.2442, 0.6534, ],
[0.8379, 0.3438, ],
[0.2956, -0.4880, ],
[-0.7927, 0.9280, ],
[0.7172, 0.0127, ],
[-0.5371, 0.5082, ],
[0.1495, 0.4420, ],
[-0.3534, 0.3217, ],
[-0.0571, 0.4162, ],
[0.6898, 0.9160, ],
[-0.9936, -0.1136, ],
[0.6867, 0.3702, ],
[0.9785, 0.1611, ],
[-0.0739, 0.1335, ],
[0.9410, -0.8027, ],
[0.4891, -0.8745, ],
[-0.4323, 0.3424, ],
[-0.1946, -0.1047, ],
[-0.5096, 0.6728, ],
[-0.2813, -0.0491, ],
[-0.3933, -0.2345, ],
[0.0671, 0.5043, ],
[0.9307, 0.4270, ],
[0.5298, -0.6787, ],
[0.2818, -0.1929, ],
[-0.4867, 0.4211, ],
[0.5656, -0.4081, ],
[-0.0362, 0.6126, ],
[-0.5694, -0.1995, ],
[-0.3331, -0.8472, ],
[0.0609, -0.4158, ],
[-0.5630, 0.0192, ],
[0.9932, 0.3506, ],
[0.8717, 0.1823, ],
[0.3245, 0.0920, ],


[3.0000, ],
[3.0000, ],
[0.0000, ],
[0.0000, ],
[12.0000, ],
[7.0000, ],
[7.0000, ],
[0.0000, ],
[4.0000, ],
[12.0000, ],
[3.0000, ],
[6.0000, ],
[5.0000, ],
[4.0000, ],
[8.0000, ],
[2.0000, ],
[4.0000, ],
[3.0000, ],
[7.0000, ],
[3.0000, ],
[8.0000, ],
[3.0000, ],
[15.0000, ],
[3.0000, ],
[10.0000, ],
[4.0000, ],
[5.0000, ],
[12.0000, ],
[10.0000, ],
[0.0000, ],
[8.0000, ],
[4.0000, ],
[12.0000, ],
[3.0000, ],
[13.0000, ],
[15.0000, ],
[1.0000, ],
[8.0000, ],
[3.0000, ],
[8.0000, ],
[7.0000, ],
[8.0000, ],
[3.0000, ],
[12.0000, ],
[0.0000, ],
[12.0000, ],
[1.0000, ],
[4.0000, ],
[16.0000, ],
[2.0000, ],
[5.0000, ],
[8.0000, ],
[3.0000, ],
[13.0000, ],
[6.0000, ],
[6.0000, ],
[12.0000, ],
[4.0000, ],
[8.0000, ],
[3.0000, ],
[17.0000, ],
[4.0000, ],
[3.0000, ],
[0.0000, ],
[8.0000, ],
[14.0000, ],
[2.0000, ],
[7.0000, ],
[17.0000, ],
[7.0000, ],
[4.0000, ],
[11.0000, ],
[6.0000, ],
[4.0000, ],
[4.0000, ],
[9.0000, ],
[8.0000, ],
[16.0000, ],
[7.0000, ],
[6.0000, ],
[5.0000, ],
[12.0000, ],
[6.0000, ],
[5.0000, ],
[14.0000, ],
[7.0000, ],
[16.0000, ],
[13.0000, ],
[2.0000, ],
[8.0000, ],
[13.0000, ],
[16.0000, ],
[17.0000, ],
[16.0000, ],
[11.0000, ],
[4.0000, ],
[6.0000, ],
[3.0000, ],
[18.0000, ],
[0.0000, ],


