[ 0,  0,  0,  0,  0,  0,  0,  0,  0,  0,  0,  0,  0,  0,  0,  0,  0,  0,  0,  0,  0,  5,  6,  0, ],
[ 0,  0,  0,  0,  0,  0,  0,  5,  0,  0,  0,  0,  0,  0,  0,  3,  0,  0,  0,  0,  0,  0,  0,  0, ],
[ 0,  0,  0,  1, 14,  0,  1,  0,  0,  0,  0,  0,  0,  0,  0,  0,  0,  0,  0,  0,  0,  0,  0,  0, ],
[ 0,  0,  0,  0,  0,  0,  0,  0,  0,  0,  0,  0,  0,  0,  0,  0,  0,  0,  0,  0,  0,  0,  0,  0, ],
[ 4,  0,  0,  0,  0,  0,  0,  0,  0,  0,  9,  0,  0,  0,  0,  0,  5,  0,  0,  0,  0,  0,  0, 11, ],
[ 0,  0,  0,  0, 14,  0,  0,  0,  0,  0, 12,  0,  0,  0,  0,  0,  7,  0,  0,  0,  1, 14,  0,  0, ],
[ 0, 11, 11,  0,  0, 13,  0,  0,  0,  0,  0,  0,  0,  0,  0,  0,  0,  0,  0,  0,  0,  0,  0,  0, ],
[ 0,  0,  0,  0,  0,  0,  0,  0,  0,  0, 10,  0,  0,  0,  0,  0,  0,  0,  0,  0,  0,  0,  0,  0, ],
[ 0,  0,  0,  0,  0,  0,  0,  0,  0,  2,  0,  0,  0,  2,  0,  0,  0,  0,  0,  0,  3,  0,  0,  0, ],
[ 0,  2,  1,  0,  0,  0,  6,  0,  0,  3,  0,  0,  0,  0,  0,  0,  0,  0,  0,  3,  0,  0,  0,  0, ],
[ 0,  0,  0,  0,  0,  0,  0,  0,  0, 11,  0,  0,  5,  0,  0,  0,  9,  0,  0, 14,  0,  0,  0,  0, ],
[ 0,  0,  0,  0,  0,  0,  0,  0,  0,  2,  0,  0,  0, 13,  1,  0,  0,  6,  0,  0,  0,  0,  0,  0, ],
[ 0,  0,  0,  0,  0,  0,  0,  0,  0,  0,  0,  0,  0,  2,  0,  6,  0,  0,  8,  0,  0,  0,  0,  0, ],
[ 3,  0,  0,  0,  0,  0,  0,  0,  0,  0,  0,  0,  0,  0,  0,  0,  0,  0,  0,  0,  0,  0,  0,  0, ],
[ 0,  0,  0,  0,  0,  0,  0,  0,  0,  0,  0,  0,  0,  0,  0,  0,  0,  0,  0,  0,  0,  0,  0,  0, ],
[ 0,  0,  0,  0,  0,  0,  0,  0,  0,  0,  0,  0,  0,  0,  5,  0,  0,  0,  0,  0,  0,  0,  0,  0, ],
[ 2,  0,  0,  0,  0,  0,  0, 14,  0,  0,  0,  0,  0,  0,  0,  0,  0,  0,  0,  0,  0,  0,  0,  0, ],
[ 0,  7,  0,  0,  0,  0,  0,  0,  0,  0,  0,  0,  0,  0,  0,  0,  0,  0,  0,  0,  0,  0,  0,  0, ],
[ 0,  0,  0,  0,  0, 10,  0,  0,  0,  0,  0,  0,  0,  0,  0,  0,  0,  0,  0,  0,  0,  0, 11,  0, ],
[ 0,  0,  0,  0,  0,  0,  0,  0,  0,  0,  0,  0,  9,  0,  0,  0,  0,  0,  0,  0,  8,  9,  0,  0, ],
[ 0,  0,  0,  3,  0,  0,  0,  0,  0,  0,  0,  0,  7,  0,  7,  0,  0,  0,  0,  0,  0,  0,  0,  0, ],
[ 0,  0,  0,  0,  0,  0,  0,  0,  0,  0,  0,  0,  0,  0,  0,  0,  0,  0,  0,  0,  0,  0,  0,  0, ],
[ 0,  0,  0,  0,  0,  0,  0,  0,  0,  0,  0,  0,  0,  0,  5,  0,  0,  0,  0,  0,  4,  0,  0,  0, ],
[ 0,  0,  0,  0,  0,  0,  0,  0,  0,  0, 14,  0,  0,  0,  0,  0,  0,  0,  0,  0,  0,  0,  0,  0, ],
[ 0,  0,  0,  4,  0,  0,  0,  0,  0,  0,  0,  0,  0,  0,  0,  0,  0,  0,  0,  0,  0,  0,  8,  0, ],
[ 0,  0,  0,  0,  2,  0,  0,  0,  0,  0,  0,  0,  0,  0,  0,  0,  0,  0,  0,  0,  0,  0,  0,  0, ],
[ 0, 10, 12,  0,  0,  0,  0,  0,  0,  8,  0,  0,  0,  0,  1,  0,  0,  0,  0,  0,  0,  0,  0,  0, ],
[10,  0,  0,  0,  8,  0,  0,  6,  0,  7,  0,  0,  0,  0,  0,  4,  0,  0,  0,  0,  0,  0,  0,  0, ],
[ 6,  0,  0,  0,  0,  0,  0,  0,  0,  0,  0,  0,  0,  0,  0,  0,  0, 10,  0,  0,  0,  0,  0,  0, ],
[ 0,  0,  0,  0,  0,  0,  0,  0,  0,  0,  0,  0,  0,  0,  6,  0,  0,  0,  0,  0,  0,  0,  0,  0, ],
[ 0,  0,  0, 12,  0,  0,  0,  0,  0,  0,  0,  0,  0,  0,  0,  0,  0,  0,  0,  0,  0,  0,  0, 13, ],
[ 0, 10,  0,  0,  0,  0,  0,  0,  0,  0,  0,  0,  0,  0,  0,  0,  0,  0,  0,  1,  0,  0,  0,  0, ],
[ 0,  0,  0,  0,  5,  0,  0,  0,  0,  0,  0,  0,  0,  0,  0,  0,  0,  0,  0,  0,  0,  0,  0,  0, ],
[ 0,  0,  0,  5,  6,  0,  0,  0,  0,  0,  0,  0,  0,  0,  0,  0,  0,  0,  0,  0,  0,  0,  0,  0, ],
[ 0,  0,  0,  0,  0,  0,  0,  0,  0,  0,  0,  0,  0,  0, 11,  0,  7,  0,  0, 11,  0, 11,  0,  0, ],
[ 0,  0,  0,  0,  0,  0,  3,  7,  0,  0,  0,  0,  0,  0,  0,  0, 14,  0,  0,  0,  0,  0,  0,  0, ],
[ 0,  0,  5,  0,  0,  0,  0,  0,  0,  0,  0,  0,  0,  0,  0,  0,  0,  0,  0,  0,  0,  0,  0,  0, ],
[12,  0,  0,  0,  6,  0,  0,  0,  0,  0,  0,  0,  0,  0,  0,  0,  0,  0, 11,  0,  0,  0,  0,  0, ],
[ 0,  0,  0,  1,  0,  0,  0,  0, 14,  0,  0,  0,  0,  0,  0,  0,  0,  0,  0,  0,  4,  0,  0,  0, ],
[ 0,  0,  0,  0,  0,  0,  0,  0,  0,  0,  0,  0,  0,  0,  0,  0,  0,  0,  0,  0,  0,  0,  0,  0, ],
[ 0,  0,  0, 13,  0,  0,  0,  0,  5,  0,  0,  4,  0,  0,  0,  0,  0,  0,  0,  0,  0,  0,  0,  0, ],
[ 0,  0,  0,  0,  0,  0,  0,  0,  0, 10,  0, 10,  0,  0,  0,  0,  0,  0,  0,  0,  0,  0,  0,  0, ],
[ 0,  0,  0,  0,  0,  0,  0,  0,  0,  0,  0,  0,  0,  0,  0,  0,  0,  0,  0,  0,  0,  0,  0,  0, ],
[ 0,  0,  0,  0,  0,  0,  0,  0,  0,  0, 13,  0,  0,  0,  0,  7,  0,  0,  0,  0,  0, 11,  0,  0, ],
[ 0,  0,  0,  0,  0,  0,  0,  0,  0,  0,  0,  0,  0,  0,  0,  0,  0,  0,  0,  0,  0,  0,  0,  0, ],
[ 0,  0,  0,  2,  0,  0,  0,  0,  0,  0,  0,  0,  0,  0,  0,  0,  0,  0,  0,  0,  3,  0,  0,  0, ],
[ 0,  0,  0,  0,  0,  0,  0,  0,  7,  0,  0,  0,  0,  0,  0,  0,  0,  0,  0,  0,  0,  0,  0,  0, ],
[ 0,  0,  0,  0,  0,  0,  0,  0,  0, 12,  0,  0,  0,  0,  0, 10,  0,  0,  0,  0,  0,  0,  0,  0, ],
[ 0,  0,  8,  5,  0, 12,  3,  0,  0,  0,  0,  0,  0,  0,  0,  0, 12,  0,  0,  0,  0,  0,  0,  0, ],
[ 0,  0,  2,  0,  0,  0,  0,  2,  0,  0,  0,  0,  0,  0, 12,  0,  0,  0,  0, 10,  0,  0,  0,  0, ],
[ 0,  6,  0, 13,  0,  0,  0,  0,  0,  0,  0,  0,  0,  0,  0,  0,  0,  0,  0,  0,  0,  0,  0,  0, ],
[ 0,  0,  0,  0,  0,  0,  0,  0,  6,  0,  0,  0,  0,  8,  0,  0,  0,  0, 13,  0,  0,  0,  0,  0, ],
[ 0,  0,  0,  0,  0,  0,  0,  0,  0,  0,  0,  0,  0,  0,  0,  0,  0,  0,  0,  0,  0,  0,  0,  0, ],
[ 0,  0,  0,  0,  0, 13,  0,  0,  0,  0,  0,  0,  0,  0, 13,  0,  0,  0,  0,  0,  0,  0,  0,  0, ],
[ 0,  0,  0,  0,  0,  0,  0,  0,  0,  0,  0,  0,  0,  0,  0,  0,  0,  0,  0,  0,  0,  0,  0,  0, ],
[ 0,  0,  0,  0,  0,  6,  0,  0,  0,  0,  0,  0,  0,  0,  0,  0,  0,  0,  0,  0,  0,  0,  0,  0, ],
[ 0,  0,  0,  0,  0,  0,  1,  0,  0,  0,  0,  0,  0,  0,  0,  0,  0,  0,  0,  0,  0,  0,  0,  0, ],
[ 0,  0,  0,  0,  0,  0,  0,  0, 10,  0,  0,  0,  0,  0,  0,  0,  0,  0,  0,  0,  0,  0,  0,  0, ],
[ 0,  0,  5,  0,  0,  0,  0,  0,  3,  0,  0,  0,  0,  0,  0,  0,  0,  0,  0,  0,  0,  0,  0,  0, ],
[ 0,  4,  0, 12,  0,  0,  0,  0,  0,  0,  0,  0,  0,  1,  0,  9, 14,  0,  2,  0,  0,  0,  0,  0, ],
[13,  0,  0,  0, 14,  0,  0,  0,  0,  0,  0,  0,  0,  0,  0,  0,  0,  0,  0,  0,  0,  0,  0,  0, ],
[ 0,  0,  0,  0,  0,  0,  0,  0,  0,  0,  9,  0,  7,  0,  7,  0,  0,  1,  0,  0,  0, 11,  0,  0, ],
[ 0,  0,  0,  0,  9,  0,  0, 11,  0,  0,  0,  0,  0,  0,  0,  0,  0,  0,  0,  2,  0,  0,  0,  0, ],
[ 0,  0,  0,  0,  9,  0,  0,  0,  0,  0,  0,  8,  0,  0,  0,  0,  0,  0,  0,  0,  0, 11,  0,  0, ],
[ 0,  0,  0,  0,  0,  0, 10,  0,  0,  0,  0,  0,  0,  0, 11, 14,  0,  0,  0,  0,  5,  0,  0, 14, ],
[ 0,  0,  0,  0,  0,  0,  0,  0,  0,  0,  0,  0,  0,  0,  0,  0,  7,  0, 11,  0,  0,  0,  0,  0, ],
[ 0,  0,  0,  0,  0,  0,  0,  0,  4,  0,  0,  0,  0,  0,  0,  0,  0,  3,  0,  0,  0,  0,  0,  0, ],
[ 0,  0,  0,  0,  9,  0,  0,  0, 12,  0,  0,  0,  0,  0,  0,  0,  0,  0,  0,  0,  0,  0,  0,  2, ],
[ 0,  0,  0,  0,  0,  0, 12,  0,  0,  0,  0,  0,  0,  0,  6,  0,  0,  0,  0,  0, 11,  0,  0,  0, ],
[ 0,  0,  0,  4,  0,  0,  0,  0,  0,  0,  0,  0,  0,  0,  0,  0,  0,  0,  2,  0,  0,  0,  0,  0, ],
[ 9,  0,  0,  0,  0,  0,  0,  2,  0,  0,  0,  1,  0,  0,  0,  0,  0,  9,  0,  0,  0,  0,  0,  0, ],
[12,  0,  0,  5,  0,  0,  0,  0,  0,  0, 13,  0,  0,  0,  0,  8,  0,  0,  0,  0, 14,  9,  6,  0, ],
[ 0,  0,  0,  0,  0,  0,  0,  0,  0,  0,  0,  4,  2,  0,  0,  0,  0, 11,  0, 14,  0,  0,  0,  0, ],
[ 0,  0,  5,  0,  0,  0,  0,  8,  0,  4,  0,  0,  0,  0,  0,  0,  0,  0,  0,  0,  0,  8,  0,  7, ],
[ 0,  0,  0,  0,  0,  0,  0,  0,  0,  0,  0,  0,  0,  0,  0,  0, 10,  0,  0,  0,  0,  0,  0,  0, ],
[ 0, 11,  0,  0,  0,  6,  0,  0,  0,  0,  0,  0,  0, 14,  0,  0,  5,  0,  0,  0,  1,  0,  0,  0, ],
[ 0,  0,  0,  0,  0,  0,  0,  0,  0,  0,  0,  0,  3,  0,  0,  0,  0,  0,  0,  0,  0,  0,  0,  0, ],
[ 0,  0,  0,  0,  0,  0,  0,  0,  0,  0,  4,  0,  0,  0,  0,  0,  0,  0,  9,  0,  0,  0,  0,  0, ],
[ 0,  0,  0,  0, 14,  0,  0,  0,  0,  0,  0,  4,  0,  0,  0,  0,  0,  0,  0,  0,  0,  0,  4,  0, ],
[ 0,  0,  5,  0,  0,  0,  0,  0,  0,  8,  0,  0,  0,  5,  0,  0,  0,  0,  0,  0,  0,  0,  8,  0, ],
[ 0,  0,  0,  2,  0,  4,  0,  0,  0,  0,  0,  0,  0, 11,  0,  0,  0,  0,  0,  0,  0,  0,  0,  0, ],
[ 0,  0,  4,  0,  0,  0,  0,  0,  0,  0,  0,  8,  0,  0,  0,  2,  0,  0,  0,  0, 10, 13,  0,  0, ],
[ 0,  0,  0,  0,  8,  0,  0,  0,  0,  0,  0,  3,  0,  0,  0,  1,  0,  0,  0,  0,  0,  0,  0,  0, ],
[ 0,  0,  0,  0,  0,  0,  0,  0,  0,  0,  0,  0,  0,  0,  0,  5,  0,  0,  7,  0,  0,  0,  3,  0, ],
[ 0,  0,  0,  0,  0,  0,  0,  0,  0,  0,  0,  0,  0,  0,  0,  0,  0,  0,  0,  0,  0,  0,  0,  0, ],
[ 0,  0,  0,  0,  0,  0,  0,  3,  0,  0,  0,  9,  0,  0,  0,  0,  0,  0,  0,  0,  0,  0,  0,  0, ],
[ 0,  0,  2,  0, 10,  0,  5,  0,  0,  0,  0,  0,  0,  0,  2,  0,  0,  0,  0,  6,  5,  0,  0,  3, ],
[ 0,  0,  0,  0,  0,  0,  0,  0,  0,  0,  0,  2,  0, 14,  0, 12,  0,  0,  0,  0,  0,  0,  0,  0, ],
[ 0,  0,  0,  0,  0,  0,  0,  0,  0,  0,  0,  3,  0,  0,  3,  0,  0,  0,  0,  0,  0,  0,  0,  0, ],
[ 0,  0,  0,  0,  0,  0,  0,  0,  0,  0,  0,  0,  0,  0,  0,  0,  0,  0,  0,  0,  0,  0,  0,  0, ],
[ 0,  0,  0,  0,  0,  0,  0,  0,  2,  9,  0,  0,  0,  0,  0,  0,  0,  0,  0,  0,  0,  0,  0,  6, ],
[ 0,  0,  0,  0,  0, 11,  0,  0,  0,  0,  0,  0,  0,  0,  0,  0,  0,  0,  0,  0,  0,  0,  0,  0, ],
[ 0,  0,  0,  0,  0,  0,  0,  0,  0,  0,  0,  0,  0,  0,  0,  0,  0,  0,  0,  0,  5, 13,  0,  0, ],
[ 0,  8,  0,  0,  0,  0,  0,  0,  0,  0, 13,  0,  5,  0,  0,  0,  0,  0,  0, 10,  0,  0, 11,  9, ],
[ 0,  0,  6,  0,  0,  0,  0, 12,  0,  0,  0,  0,  0,  0,  0,  0,  0,  0,  0,  0,  0,  0,  0,  0, ],
[ 0,  0,  0,  0,  0,  0,  0, 14,  0,  0,  0,  0,  0,  0,  0,  0,  5,  0,  0,  0,  0,  0,  0,  0, ],
[ 0,  0,  0,  0,  0,  0,  0,  0,  0,  0,  0,  2,  0,  0,  0,  0,  0,  0,  0,  0,  9,  0,  0,  0, ],
[ 0,  0,  0,  0,  9,  0,  0,  0,  0, 10,  0,  7,  0, 14,  0,  0,  0,  0,  0,  0,  0,  0,  0,  0, ],
[ 0,  0,  0,  0,  0,  0,  0,  0,  0,  1,  0,  0,  0,  0, 10,  0,  0,  0,  0, 13,  0,  0,  0,  0, ],
[ 0,  0,  0,  0, 11,  0,  0,  0,  0,  0,  0,  0,  0,  0,  0,  0,  0,  0,  0,  0,  0,  0,  0,  0, ],


[0.2746, -0.1349, ],
[-0.6260, -0.9591, ],
[-0.0349, -0.4578, ],
[0.9179, -0.2348, ],
[-0.3226, 0.9738, ],
[0.5352, 0.0320, ],
[-0.5738, 0.3886, ],
[0.2456, 0.3884, ],
[-0.0996, 0.3882, ],
[-0.7032, -0.0830, ],
[-0.9564, -0.2853, ],
[-0.0702, 0.0805, ],
[-0.6506, -0.1357, ],
[0.4778, 0.4955, ],
[0.1982, 0.4680, ],
[-0.5729, -0.1375, ],
[0.6563, -0.7907, ],
[-0.0164, 0.8654, ],
[0.7264, 0.4641, ],
[0.3251, -0.2208, ],
[0.9586, 0.6528, ],
[0.1431, -0.5770, ],
[0.3797, 0.4072, ],
[0.3643, -0.2553, ],
[0.7873, 0.1251, ],
[0.3695, 0.3888, ],
[0.5163, 0.5325, ],
[-0.6628, 0.5194, ],
[0.4287, 0.3133, ],
[0.6201, 0.4905, ],
[-0.4867, 0.3850, ],
[-0.2355, 0.5758, ],
[-0.8370, -0.1766, ],
[0.2801, 0.8679, ],
[0.8300, 0.7838, ],
[0.1148, 0.8952, ],
[0.5171, -0.4454, ],
[0.3837, -0.2547, ],
[-1.0000, 0.9874, ],
[1.0000, 0.6104, ],
[0.8154, -0.8416, ],
[0.0639, 0.2168, ],
[0.8008, -0.1699, ],
[0.8610, -0.8741, ],
[0.1784, -0.5946, ],
[0.7675, -0.1462, ],
[0.9297, 0.5269, ],
[0.1119, 0.4626, ],
[0.0642, -0.3849, ],
[0.8335, 1.0000, ],
[0.6118, -0.8525, ],
[0.6184, -0.0042, ],
[0.1440, -0.9092, ],
[0.1308, -0.8502, ],
[0.3877, -0.6879, ],
[0.5769, -0.3786, ],
[0.8205, 0.0102, ],
[0.4100, -0.0088, ],
[-0.8141, 0.3594, ],
[0.3278, -0.3484, ],
[0.4738, 0.1864, ],
[0.1679, 0.1719, ],
[-0.6715, 0.6042, ],
[0.2923, 0.2645, ],
[0.5625, 0.9493, ],
[0.3696, 0.5584, ],
[0.2930, 0.8956, ],
[0.3294, -0.4238, ],
[0.1044, 0.1008, ],
[0.6945, -0.1397, ],
[-0.5371, 0.5388, ],
[0.1590, 0.1451, ],
[-0.1938, 0.3217, ],
[-0.0571, 0.4302, ],
[0.4584, 1.0000, ],
[-0.8027, -0.0340, ],
[0.7378, 0.1391, ],
[0.8922, -0.0013, ],
[0.2186, 0.1335, ],
[-0.5580, -0.7088, ],
[-0.3575, 0.3492, ],
[0.3234, 0.3887, ],
[-1.0000, -0.2238, ],
[-0.5096, 0.8155, ],
[-0.3165, -0.0058, ],
[-0.3286, -0.4322, ],
[0.0169, -0.6675, ],
[0.9307, 0.4191, ],
[0.4172, -0.7619, ],
[0.1714, -0.4950, ],
[-0.4867, -0.2380, ],
[-0.1319, -0.4066, ],
[0.0519, -0.5659, ],
[0.8583, -0.4770, ],
[-0.7334, -0.8868, ],
[-0.6353, -0.4287, ],
[-0.7111, 0.5193, ],
[0.8373, 0.6118, ],
[0.6764, 0.0894, ],
[0.4009, 0.8196, ],


[5.0000, ],
[4.0000, ],
[6.0000, ],
[0.0000, ],
[11.0000, ],
[16.0000, ],
[12.0000, ],
[4.0000, ],
[4.0000, ],
[9.0000, ],
[13.0000, ],
[9.0000, ],
[7.0000, ],
[2.0000, ],
[0.0000, ],
[2.0000, ],
[5.0000, ],
[3.0000, ],
[8.0000, ],
[9.0000, ],
[8.0000, ],
[0.0000, ],
[4.0000, ],
[4.0000, ],
[5.0000, ],
[1.0000, ],
[12.0000, ],
[15.0000, ],
[7.0000, ],
[3.0000, ],
[8.0000, ],
[5.0000, ],
[2.0000, ],
[5.0000, ],
[15.0000, ],
[9.0000, ],
[2.0000, ],
[11.0000, ],
[7.0000, ],
[0.0000, ],
[8.0000, ],
[8.0000, ],
[0.0000, ],
[11.0000, ],
[0.0000, ],
[3.0000, ],
[3.0000, ],
[8.0000, ],
[15.0000, ],
[10.0000, ],
[7.0000, ],
[10.0000, ],
[0.0000, ],
[8.0000, ],
[0.0000, ],
[3.0000, ],
[1.0000, ],
[4.0000, ],
[4.0000, ],
[15.0000, ],
[8.0000, ],
[14.0000, ],
[8.0000, ],
[10.0000, ],
[18.0000, ],
[7.0000, ],
[4.0000, ],
[8.0000, ],
[11.0000, ],
[3.0000, ],
[8.0000, ],
[23.0000, ],
[11.0000, ],
[13.0000, ],
[4.0000, ],
[14.0000, ],
[2.0000, ],
[5.0000, ],
[8.0000, ],
[10.0000, ],
[7.0000, ],
[14.0000, ],
[6.0000, ],
[7.0000, ],
[0.0000, ],
[5.0000, ],
[15.0000, ],
[9.0000, ],
[4.0000, ],
[0.0000, ],
[7.0000, ],
[4.0000, ],
[6.0000, ],
[20.0000, ],
[7.0000, ],
[6.0000, ],
[4.0000, ],
[14.0000, ],
[9.0000, ],
[4.0000, ],


