[ 4,  0,  0,  0,  0, 12,  0,  0,  0,  0,  0,  0,  8,  0,  0,  0,  0,  0,  0,  0,  0, 11,  0,  0, ],
[ 0,  0,  0,  0,  0,  0,  0,  0,  0,  0, 10,  0,  0,  0,  0,  0,  0,  0,  0,  0,  0,  0,  0,  0, ],
[ 0,  0,  0,  0,  0,  0,  0,  0,  0,  0,  0, 12,  0,  0,  0,  0,  0,  0,  0,  0,  0,  0,  0,  0, ],
[ 0,  0,  0,  0,  0,  0,  0,  0,  0,  0,  0,  0,  0,  0, 12,  0,  0,  0,  0,  0,  0,  0,  1,  0, ],
[ 4,  0,  0,  0,  0, 14,  0,  0,  0,  9,  0,  0,  0,  0,  0,  0,  0,  0,  0,  0,  0,  0,  6,  0, ],
[ 0, 13,  0,  0,  0,  0,  0,  0,  0,  5,  0,  0,  0,  0,  0,  0,  0,  0,  0,  0,  0,  0,  0,  0, ],
[ 0,  0,  0,  0,  0,  0,  0, 14,  0,  0,  0,  0,  0,  0,  0,  0,  0,  0,  0,  0,  0,  0,  0,  0, ],
[ 0,  0,  0,  0,  0,  0,  0,  0,  6,  0, 10,  0,  0,  0,  0,  0,  0,  0,  0,  0,  0,  0,  0,  0, ],
[ 5,  0,  0,  0,  0,  0,  3,  0,  0,  3,  0,  0,  0,  0,  0,  0,  0,  0,  0,  0,  0,  0,  0,  0, ],
[ 0,  0,  0,  0,  0,  0,  6,  0,  0,  0,  0,  0,  0,  0,  0,  0,  0,  0,  0,  0,  0,  0,  0,  0, ],
[ 0,  0,  0,  0,  0,  0,  0,  0,  0,  0,  0,  2,  1,  0,  0,  0,  0,  0,  0,  0,  0,  0,  0,  0, ],
[ 0,  0,  0,  0,  0,  0,  0,  0,  0,  0,  0,  0,  0,  0,  0,  0,  0,  0,  0,  0,  0,  0,  0,  0, ],
[ 0,  0,  0,  0,  0,  0,  0,  0,  0,  0,  0,  0,  0,  0,  0,  0,  0,  0,  7,  0,  0,  0,  0,  0, ],
[13,  4,  0,  0,  0,  0,  0,  0,  0,  4,  0,  0,  0, 10,  0,  0,  0,  0,  0,  0,  0,  0,  0,  0, ],
[ 0,  0,  0,  0,  0,  0,  0,  0,  0, 13,  0,  0,  6,  0,  0,  0,  0,  0,  0,  0,  5,  1,  0,  0, ],
[ 9,  0,  0,  0,  0,  0,  0,  0,  0,  0,  0,  0,  0,  0,  0,  0,  0,  0,  0,  0,  0,  0,  0,  0, ],
[ 0,  0,  0,  0, 11,  0,  0,  0,  0,  0,  0,  0,  7, 13,  0,  0,  0,  0,  0,  3,  0,  0,  0, 11, ],
[ 0,  0,  0,  0,  0,  0,  0,  0,  0,  0,  0,  9,  0,  0,  0,  0,  0,  0,  0,  0,  7,  0,  0,  0, ],
[ 0,  0,  0,  0,  0,  0,  0,  0,  0,  0,  0,  0,  0,  0,  0,  2,  0,  0,  0,  0,  0,  0,  0,  0, ],
[ 0,  0,  0,  0,  0,  0,  0,  0,  7,  0,  0,  0,  0,  0,  0,  0,  0,  0, 10,  0,  0,  0,  0,  0, ],
[ 0,  0,  0,  0,  0,  0,  0,  0,  0,  0,  0,  0,  0,  0,  0,  0,  0,  0,  0,  0,  0,  0,  0,  0, ],
[ 0,  0,  0,  0,  0,  0,  0,  0,  0,  0,  0,  0,  0,  0,  6,  0,  0, 13,  0,  0,  0,  0,  0,  0, ],
[ 0,  0,  0,  0,  0,  0,  0,  0, 10,  0,  0,  0,  0,  0,  0,  0,  0,  0,  0,  0,  0,  0,  0,  0, ],
[ 0,  0,  0,  0,  0,  0,  0,  0,  0,  0,  0,  0,  0,  0,  0, 11,  0,  0,  0,  0,  0,  0, 13,  0, ],
[ 0,  0,  0,  0,  0,  0,  0,  0,  0,  0,  0,  0,  0,  0,  0,  0,  0,  0,  0,  0,  0,  0,  0,  0, ],
[ 0,  0,  0,  0,  0,  0,  0,  0,  0,  0,  0,  0,  0, 13,  0,  0,  0,  0,  0,  0,  0,  0,  0,  0, ],
[ 0,  0, 12,  0,  0,  0,  8,  0,  0,  0,  0,  0,  0,  2,  0, 13,  0,  0,  0,  0,  0,  0,  0,  0, ],
[ 0,  0,  0,  0,  0,  3, 13,  0,  0, 10,  0,  0,  0,  0,  5,  0,  0,  0,  0,  0,  0,  0,  0,  0, ],
[ 0,  5,  0,  0,  0,  0,  0,  0,  1,  0,  0,  0,  0,  0,  0,  0,  0,  0,  0,  0,  0,  0,  0,  0, ],
[ 0,  0,  0,  1,  0,  0,  0,  0,  0,  0,  0,  0,  0,  0,  0,  0,  0,  0,  0,  0,  0,  0,  0,  0, ],
[ 0,  0,  0,  0,  0,  6,  0,  0,  0,  0,  0,  0,  0,  0,  0,  0,  0,  0,  0,  0,  0,  0,  0,  0, ],
[ 0,  0,  0,  0,  0,  0,  0,  0,  0,  0, 11,  0,  0,  2,  0,  0,  0,  0,  0,  0,  0,  0,  0,  0, ],
[ 0,  0,  0,  0,  0,  0,  0,  0,  0,  0,  0,  0,  0,  0,  0,  0,  0,  0,  0,  0,  0,  0,  0,  0, ],
[ 0,  0,  0,  0,  0,  0,  0,  0,  0,  0, 12,  0,  0, 13,  0,  1,  0,  0, 12,  0,  0,  0,  0,  0, ],
[ 0,  3,  0,  0,  0,  0,  0,  0,  7,  0,  0, 14,  0,  0,  0,  0,  0,  0,  8,  0,  0,  0,  0,  0, ],
[ 0,  0,  8,  0,  0,  0,  0,  0,  0,  0,  0,  0,  0,  0,  0,  0,  0,  0,  0,  8,  0,  0,  0,  0, ],
[ 0,  0,  0,  0,  0,  0,  0,  0,  0,  0,  0,  0,  3,  0,  0,  0,  0,  4,  0,  0, 13,  0,  0,  0, ],
[ 0,  9,  0,  0,  0,  0,  0,  0,  0,  0,  0,  0,  0,  0,  7,  0,  0,  0,  0,  5,  0,  0,  0,  0, ],
[ 0,  0,  0,  1,  0, 13,  0,  0,  0,  0,  0,  0,  0,  0,  0,  0,  0,  3,  0,  0,  0,  0, 14,  0, ],
[ 0,  0,  0,  0,  0,  0,  0,  0,  0,  0,  0,  0,  0,  0,  0,  0,  0,  0,  0,  0,  0,  0,  0,  0, ],
[ 0,  0,  0,  0,  0,  0,  0,  0,  0,  0,  0,  0,  0,  0,  0,  0,  0,  0,  0,  0,  0,  0, 11, 10, ],
[ 0,  0,  0,  0,  0,  0,  0,  0,  0, 10,  0, 10,  0,  0,  0,  0,  0,  0,  0,  0,  0,  0,  0,  0, ],
[ 0, 13,  0,  0,  0,  0,  0,  0,  0,  0,  0,  0,  0,  0,  0,  0,  0,  0,  0,  0,  0,  0,  0,  0, ],
[ 0,  0,  0,  0,  0,  0,  9,  0,  0,  0,  0,  0,  0, 10,  0,  0,  0,  0,  0,  0,  9,  0,  0,  0, ],
[ 8,  0,  0,  0,  0,  0,  0,  0,  0,  0,  0, 13,  0,  0,  0,  7,  0,  0,  0,  0,  0,  0,  0,  0, ],
[ 9,  0,  1,  0,  0,  0,  0,  0,  0,  0,  0,  0,  0,  0, 14,  9,  4,  0,  0,  0,  0,  0, 11,  0, ],
[ 0,  0,  0,  0,  0,  0,  0,  0,  0,  0,  0,  0,  0,  0,  0,  0,  0,  0,  0,  0,  0,  6,  0,  0, ],
[ 0,  0,  0,  0,  0,  0,  0,  0,  1,  0,  0,  0,  0,  0,  0, 10,  0,  0,  0,  0, 14,  0,  0,  3, ],
[ 0,  0,  0,  0,  0,  0,  0,  0,  0,  0,  0,  0,  0,  0,  0,  0,  0,  0,  0,  0,  0,  0,  0,  0, ],
[ 0,  0,  0,  0,  0,  0,  0,  0,  0,  0,  0,  0,  0,  0,  0,  0, 12,  0,  0,  0,  0,  0,  0,  0, ],
[ 0,  0,  0,  0,  0,  0,  0,  0,  0,  0,  0,  0,  0,  0,  0,  0,  0,  0,  0,  0,  0,  0,  0,  0, ],
[ 0, 10,  0,  0,  0, 10,  0,  0,  0,  0,  0,  0,  0,  0,  0,  0,  0,  0,  0,  0,  0,  0,  0,  0, ],
[ 0,  0,  0,  0,  0,  5,  0,  0,  0,  0,  0,  0,  0,  0,  0,  5,  0,  0,  0,  0,  0,  0,  0,  0, ],
[ 0,  0,  6,  0,  0,  0,  0,  0,  0,  0,  0,  0,  0,  0,  3,  0,  0,  0,  0,  0,  0,  0,  0,  0, ],
[ 0,  0,  0, 12,  7,  0,  0,  6,  0,  0,  0,  0,  0,  0,  0,  0,  9,  0,  0,  0,  0, 13,  0,  0, ],
[ 0,  6,  0,  0,  0,  7,  0,  0, 12,  0,  0,  0, 10,  0,  0,  0,  0,  1,  7,  0,  0,  0,  0,  0, ],
[ 0,  0,  0, 11,  0,  0,  0,  0,  0,  0,  0,  0,  0,  0,  0,  0,  0,  0,  0,  0,  1,  0, 12,  0, ],
[ 0,  0,  0,  0,  0,  0,  0,  8,  0,  0,  0,  0,  0, 10,  4,  0,  0,  0,  0,  0,  0,  0,  0,  0, ],
[ 0,  0,  0,  0,  0,  0,  0,  0,  0,  0,  0,  0,  0,  0,  0,  4,  3,  0,  0,  0, 11,  0,  0,  0, ],
[ 0,  6,  0,  0,  0,  0,  0,  0,  0,  0,  0,  0,  0,  0,  0,  0,  0,  0,  0,  0,  0, 12, 11,  0, ],
[ 0,  0,  0,  0,  0,  0,  0, 12,  0,  0,  0,  0,  0, 11,  0,  0,  0,  0,  0,  0,  0,  0,  0,  0, ],
[ 0,  0,  0,  0,  0,  0,  0,  0,  0,  0,  0,  0,  0,  0,  0,  0,  0,  0,  0,  0,  0,  0,  0,  0, ],
[ 0,  0,  0,  0,  0,  0,  0,  0,  0,  0, 12,  0,  0,  0,  0,  0,  0, 14,  0,  0,  0,  0,  0,  0, ],
[12,  0,  0,  0,  0,  0,  0,  0,  0,  0, 11,  0,  0,  0,  0,  0,  0,  0,  0,  0,  0,  0,  0,  0, ],
[ 0,  0,  0,  0,  0,  0,  0,  0,  0,  0,  0,  0,  0,  0,  0,  0,  0,  0,  0,  0,  0,  0,  0,  0, ],
[ 0,  0,  0,  0,  0,  0,  0,  0, 11,  0,  0,  0,  0,  0,  0,  0,  0,  0,  0,  0,  0,  0,  0,  0, ],
[ 0,  0,  0,  0,  0, 14, 11,  0,  0,  0,  0,  0,  0,  0,  0,  0,  0,  0,  0,  0,  0,  0,  0, 13, ],
[ 0, 12,  0,  0,  0,  0,  0,  0,  0,  0,  0,  0,  0,  0,  0,  0,  0,  0,  0,  0,  0,  0,  0,  2, ],
[ 0,  0,  0,  0,  0,  0,  0,  0,  0,  0,  0,  0,  0,  0,  0,  0,  0,  0,  0, 12,  0,  0,  0,  0, ],
[ 0,  0,  5,  0,  0,  0,  0,  0,  0,  0,  0,  0,  0,  0,  0,  0,  0,  5,  0,  0,  0,  0,  0,  0, ],
[ 0,  5,  0,  0, 11,  0,  0,  0,  0,  0,  0,  0,  0,  0,  0, 11,  0,  0,  0,  0,  0,  0,  0,  0, ],
[ 0,  0,  0,  6, 13,  0,  0,  0,  0,  0,  0,  0,  0,  0,  5,  0,  0,  0,  0,  0,  0,  0,  0,  0, ],
[ 0,  0,  0, 12,  0,  0,  0,  0,  0,  0,  0,  0,  6,  0,  0,  0,  0,  0,  0, 14,  0,  0,  0,  0, ],
[ 0, 10,  0,  0,  0,  0,  0,  0,  0,  0,  0,  0,  0,  0,  0,  0,  0,  0,  0,  0,  0,  0,  0,  0, ],
[ 0,  0,  2,  0,  0,  0,  0,  0,  0,  0,  0,  0,  0,  0,  0,  6,  0,  0,  0,  0,  0,  0,  0,  0, ],
[ 0,  0,  0,  4,  0,  0,  0,  0,  0,  0,  0,  0,  0,  0,  0,  0,  0,  0,  0,  0,  0,  0,  0,  0, ],
[ 0, 14,  0,  0,  0,  0, 10,  0,  0,  0,  0,  0,  0, 13,  0,  0,  0,  0,  0,  0,  0, 11,  0,  0, ],
[ 0,  2,  0, 13,  0,  0,  0,  0, 14,  0,  0,  0,  0,  0,  0,  0,  0,  0,  0,  0,  0,  0,  0,  0, ],
[ 0,  0,  0,  0,  0,  0,  0,  0,  0,  0,  0,  6,  0,  0,  0,  0,  0, 11,  0,  0,  0,  0, 14,  0, ],
[ 0,  0,  0,  0,  0,  0,  0,  0,  0,  0,  0,  0,  0,  0,  0,  0,  0,  0,  0,  0,  0,  0,  0,  0, ],
[ 7,  0,  0,  0,  0,  0, 14,  0,  0,  0,  0,  0,  0,  5,  0,  0,  0,  0,  0,  0,  0,  0,  0,  0, ],
[ 0,  9,  0,  0,  0,  0,  0,  0,  0,  0,  0, 14,  5,  0,  0,  0,  0,  0,  0,  0,  0,  0,  0,  6, ],
[ 0,  5,  0,  0,  0,  9,  0, 11,  0,  0,  0,  0,  0,  0,  0,  0,  0,  0,  0,  0,  0,  0,  0,  0, ],
[ 0,  0,  3,  0,  0,  0,  0,  0,  0,  0,  0,  0,  0,  0,  0,  0,  0,  0,  0,  0,  0,  0, 14,  0, ],
[ 0,  0,  0,  0,  0,  0,  0,  0,  0,  0,  0,  0,  0,  0,  0,  0,  0,  0,  0,  0,  0,  0,  9,  0, ],
[ 0,  0,  1,  0,  0,  9,  0,  0,  0,  0,  0,  0,  0,  0,  0,  0,  0,  0,  0,  0,  0,  0,  0,  0, ],
[ 2,  0,  0,  0,  1,  0,  0,  0,  0,  0,  0,  0,  0,  0,  0,  0,  0,  0,  0,  0,  0,  0,  0,  0, ],
[ 0,  0,  0,  0,  0,  0,  0,  0, 13,  0,  0, 13,  0,  0,  0,  0,  0,  6,  0,  0,  0,  7,  0,  0, ],
[ 0,  0,  0,  0,  0,  0,  0,  0,  0,  0,  0,  3,  0,  0,  0,  0,  0,  0, 14,  0,  0,  0,  0,  0, ],
[ 0,  0,  0,  0,  0,  0,  0,  7,  0,  0,  0,  0, 10,  0,  3,  0,  0,  3, 12,  0, 13,  0,  0,  0, ],
[ 0,  0,  0,  2,  0,  0,  0,  0,  0,  0,  0,  0,  6,  0,  0,  0,  0,  0,  0,  0,  0,  0,  0,  0, ],
[ 0,  0,  0,  0,  0,  2,  3,  0,  0,  0,  0,  0,  0,  0,  0,  0, 13,  0,  0,  0,  0,  0,  0,  0, ],
[ 0,  0,  0,  0,  0,  0,  0,  0,  0,  0,  0,  0,  0,  0,  0,  0,  0,  0,  0,  0,  0,  0,  0,  0, ],
[ 0,  8,  0,  0, 13,  0,  0,  0,  0,  0,  0,  0,  0,  0,  0,  0,  0,  0,  0,  0,  0,  0,  0,  0, ],
[ 0,  0,  0,  0,  0,  0,  0, 10,  0,  0,  7,  0,  0,  0,  0,  0,  0,  0,  0,  0, 11,  0,  9,  9, ],
[ 9,  0,  0,  0,  0,  0,  0, 13,  0,  0,  0,  0,  0,  0,  0,  0,  0,  0,  0,  0,  0,  0,  0,  0, ],
[ 0,  0,  0,  0,  0,  0,  0,  0,  0,  0,  0,  0,  0,  0,  0, 13,  0,  0,  0,  0,  0,  0,  0,  0, ],
[ 0,  0,  0,  0,  0,  0,  0,  0,  0,  0,  0,  0,  0,  0,  0,  0,  0,  4,  0,  0,  0,  0,  0,  0, ],
[ 0,  0,  0,  0,  0,  0,  0,  0,  0,  0,  0,  0,  0,  0,  0,  2,  0, 12,  2,  0,  0,  0,  0,  0, ],
[ 0,  0,  0,  0,  0,  0,  0,  0,  0,  0,  2,  0,  0,  0,  0,  0,  0,  0,  0,  4,  0,  0,  0,  0, ],


[0.9334, -0.9799, ],
[-0.1142, -0.2679, ],
[0.0608, -0.4578, ],
[0.0545, 0.3451, ],
[0.8484, -0.2803, ],
[0.5352, -0.0777, ],
[-0.7612, 0.5893, ],
[0.1763, 0.1927, ],
[-0.3035, -0.6367, ],
[-0.6473, 0.1859, ],
[-1.0000, -0.2853, ],
[-0.0702, -0.4763, ],
[-0.6055, -0.7566, ],
[0.5621, 0.2255, ],
[0.1774, 0.5290, ],
[-0.5991, -0.1375, ],
[-0.4535, -0.9176, ],
[-0.0869, 1.0000, ],
[0.3807, 0.1316, ],
[-0.1299, -0.6237, ],
[0.8677, -0.0842, ],
[0.0727, 0.0863, ],
[0.6455, -0.1139, ],
[-1.0000, -0.0848, ],
[0.5010, 0.1661, ],
[0.0632, -0.0819, ],
[-1.0000, 0.7187, ],
[-0.0637, 0.7524, ],
[0.7451, 0.3593, ],
[-0.5870, -0.3493, ],
[-0.6348, 0.3548, ],
[0.0994, 0.5525, ],
[0.8206, -0.2005, ],
[0.7120, 0.9229, ],
[0.0655, 0.6341, ],
[-0.4870, 0.2486, ],
[-0.7912, -0.0201, ],
[0.5557, 0.0679, ],
[1.0000, 0.9702, ],
[1.0000, 0.5726, ],
[0.1768, -1.0000, ],
[0.0250, 0.2151, ],
[0.3692, 0.4169, ],
[0.3531, -0.6691, ],
[0.2063, -0.2164, ],
[0.2048, 0.8498, ],
[0.1461, 0.1405, ],
[-0.5798, -0.1406, ],
[-0.4720, -0.5914, ],
[0.8782, 0.8791, ],
[0.6874, -0.1713, ],
[-0.0534, -0.5783, ],
[0.1344, -0.9618, ],
[-0.1341, -0.4000, ],
[-0.3270, 0.2392, ],
[0.4833, -0.3753, ],
[0.9713, -0.0392, ],
[-0.8725, 0.4654, ],
[-0.7669, 0.4505, ],
[0.2346, -0.5920, ],
[0.7317, 0.3976, ],
[-0.4209, 0.1473, ],
[-0.6715, 0.0685, ],
[0.4357, 0.1194, ],
[1.0000, 0.0141, ],
[0.2507, -0.7961, ],
[0.1633, 0.3581, ],
[0.3294, -0.7539, ],
[0.3206, -0.0040, ],
[0.5664, -0.0283, ],
[0.9327, 0.4060, ],
[-0.3631, 0.3962, ],
[-0.3021, 0.2776, ],
[-0.2030, -0.4660, ],
[-0.9913, 0.7256, ],
[-1.0000, -0.2475, ],
[1.0000, 0.3432, ],
[0.6094, -0.0138, ],
[-0.0651, 0.1335, ],
[-0.5849, -0.2324, ],
[-0.4779, -1.0000, ],
[0.0004, 0.6455, ],
[-0.1135, -0.1947, ],
[-0.3164, 0.8465, ],
[-0.2813, 0.1344, ],
[-0.3960, -0.5019, ],
[0.1684, 0.5990, ],
[0.8611, 0.4324, ],
[0.6264, -0.6787, ],
[0.4963, -0.9947, ],
[-0.7045, -0.2060, ],
[0.0780, 0.9150, ],
[0.1033, -0.4762, ],
[0.2946, 0.2878, ],
[-1.0000, -0.9256, ],
[-0.4269, 0.0697, ],
[-0.7111, 0.1085, ],
[0.6380, 0.4895, ],
[0.6738, 0.5375, ],
[0.3245, 0.8378, ],


[13.0000, ],
[4.0000, ],
[4.0000, ],
[5.0000, ],
[12.0000, ],
[6.0000, ],
[4.0000, ],
[7.0000, ],
[6.0000, ],
[3.0000, ],
[2.0000, ],
[0.0000, ],
[3.0000, ],
[12.0000, ],
[10.0000, ],
[3.0000, ],
[17.0000, ],
[6.0000, ],
[1.0000, ],
[7.0000, ],
[0.0000, ],
[7.0000, ],
[4.0000, ],
[8.0000, ],
[0.0000, ],
[4.0000, ],
[12.0000, ],
[12.0000, ],
[3.0000, ],
[1.0000, ],
[3.0000, ],
[5.0000, ],
[0.0000, ],
[13.0000, ],
[12.0000, ],
[6.0000, ],
[8.0000, ],
[8.0000, ],
[11.0000, ],
[0.0000, ],
[8.0000, ],
[8.0000, ],
[4.0000, ],
[10.0000, ],
[10.0000, ],
[17.0000, ],
[3.0000, ],
[11.0000, ],
[0.0000, ],
[4.0000, ],
[0.0000, ],
[8.0000, ],
[4.0000, ],
[5.0000, ],
[17.0000, ],
[18.0000, ],
[9.0000, ],
[9.0000, ],
[8.0000, ],
[11.0000, ],
[8.0000, ],
[0.0000, ],
[8.0000, ],
[8.0000, ],
[0.0000, ],
[4.0000, ],
[12.0000, ],
[5.0000, ],
[4.0000, ],
[4.0000, ],
[10.0000, ],
[9.0000, ],
[11.0000, ],
[4.0000, ],
[4.0000, ],
[2.0000, ],
[16.0000, ],
[9.0000, ],
[11.0000, ],
[0.0000, ],
[9.0000, ],
[12.0000, ],
[9.0000, ],
[6.0000, ],
[3.0000, ],
[4.0000, ],
[2.0000, ],
[14.0000, ],
[6.0000, ],
[19.0000, ],
[4.0000, ],
[7.0000, ],
[0.0000, ],
[7.0000, ],
[17.0000, ],
[7.0000, ],
[4.0000, ],
[2.0000, ],
[6.0000, ],
[3.0000, ],


