[ 4,  0,  0,  0,  0,  0,  0,  0,  0,  0,  0,  0,  0,  9,  0,  0,  0,  0,  0,  0,  0,  0,  0,  0, ],
[ 0,  0,  0,  0,  0,  0,  0,  0,  0,  0,  0,  0,  0,  0,  0,  0,  0,  0,  0,  0,  0,  0,  0,  0, ],
[ 0,  0,  0,  0,  0,  0,  4,  0,  0,  2,  0,  0,  0,  8,  0,  0, 13,  0,  0,  0,  3,  2,  0,  0, ],
[ 0,  0,  0,  0,  0,  0,  0,  0,  0,  0,  0, 12,  0,  0,  0,  0, 10,  6,  0,  0,  0,  0,  0,  0, ],
[ 0,  0,  0,  0,  0,  0,  0,  0,  0,  0,  0,  0,  0,  0,  0,  0,  0,  0,  0,  0,  0,  0,  0,  0, ],
[ 0,  0,  0,  0,  0,  0,  0,  0,  0,  0,  0,  0,  0,  0,  9,  0,  0,  7,  0,  0,  0,  0,  0,  0, ],
[ 0,  0,  0,  0,  0, 13,  0,  0,  0,  0,  0,  0,  1,  0,  0,  0,  0,  0,  0,  0,  0,  0,  0,  0, ],
[ 0,  0,  0,  0,  0,  0,  0,  0,  6,  0,  3,  0,  0,  0,  0,  0,  0,  0,  0,  0,  0,  0,  0,  0, ],
[ 0,  0,  0,  0,  0,  0,  0,  0,  0, 13,  0,  0,  0,  0,  0,  0,  0,  8,  0,  0,  0,  0,  0,  0, ],
[ 0,  0,  0,  0,  0,  0,  6,  0,  0,  0,  0,  0,  0,  0,  0,  0,  0,  0,  0,  0,  0,  0,  0,  0, ],
[ 0,  0,  0,  0,  0,  0,  0,  0,  5,  0,  0,  0,  0,  5,  0,  0,  0,  0,  0,  5,  0,  0,  0,  0, ],
[ 0,  0,  0,  0,  0,  0,  0,  0,  0,  2,  0,  0,  0,  9,  1,  0,  0,  0,  0,  0,  0, 14,  0,  0, ],
[ 0,  0,  0,  0,  0,  0,  0,  0,  0,  0,  0,  0,  0,  0,  0,  0,  0,  0,  8,  0,  0,  0,  0,  0, ],
[ 0,  0,  6,  0,  0,  0,  0,  2,  0,  0,  0,  0,  0,  9,  0,  0, 12,  0,  4,  0,  0,  0,  0,  0, ],
[ 0,  0,  0,  0,  0,  0,  0,  0,  0,  0,  0,  0,  0,  0,  0,  0,  0,  0,  0,  0,  0,  0,  0,  0, ],
[ 0,  0,  0,  0,  0,  0,  8,  0,  0,  0,  0,  0,  0, 13,  0,  0,  0,  0,  0,  0,  2,  0,  0,  0, ],
[ 0,  8,  0,  0,  0,  0,  0,  0,  0,  0,  0,  0,  0,  2,  0,  0,  0,  0,  0,  5,  0,  0,  0, 12, ],
[ 0,  0,  0,  0,  0,  0,  0,  0,  0,  4,  0,  9,  0,  0,  0,  0,  0,  0,  0,  0,  0,  0,  0,  0, ],
[ 0,  0,  0,  0,  0,  0,  0,  0,  0,  0,  0,  0,  0, 10,  0,  0,  0,  0,  0,  0,  0,  0,  0,  0, ],
[ 0,  0,  0,  0,  0,  0,  0,  0,  0,  0,  0,  0,  0,  0,  0,  0,  0,  0,  0,  0,  0,  0,  0,  0, ],
[ 0,  0,  0,  0,  0,  0,  0,  0,  0,  0,  0,  0,  0,  0,  0,  0,  0,  0,  0,  0, 14,  0,  7,  0, ],
[ 0,  0,  0,  0,  0,  0,  0,  0,  0,  0,  0,  0,  0,  0,  0,  0,  0,  2,  0,  0,  0,  0,  0,  0, ],
[ 0,  0,  0,  0,  0,  0,  0,  0, 10,  0,  0,  0,  0,  0,  0,  0,  0,  0,  0,  0,  0,  0,  0,  0, ],
[ 0,  0,  8,  0,  0,  0,  0,  0,  0,  0, 14, 14,  0,  0,  0,  0,  0,  0,  0,  0,  0,  0,  0,  0, ],
[ 7,  0,  0,  0,  0,  0,  0,  0,  0,  0,  0,  0,  0,  0,  0,  0,  0,  0,  0,  0,  0,  0,  0,  0, ],
[ 0,  0,  0,  0,  0,  0,  0,  0,  0,  0,  0,  0,  0,  0,  0,  0,  0,  0,  9,  0,  0, 12,  0,  4, ],
[ 0,  0,  0,  0,  0,  0,  8,  0,  0,  8,  0,  0,  0,  0,  0,  0,  0,  0, 12,  0,  0,  0,  0,  8, ],
[ 0,  0,  0,  0,  0,  0,  0,  0,  0,  0,  0,  0,  0,  0,  0,  0,  0,  0,  0,  0,  0,  0,  5,  5, ],
[ 0,  0,  9,  0,  0,  0,  0,  0,  0, 12,  0,  0,  0,  0,  0, 13,  0,  0,  0,  0,  0,  0,  0,  0, ],
[ 0,  0,  0,  0,  0,  0,  0,  0,  1,  0,  0,  0,  0,  0,  0,  0,  0,  0,  0,  0,  0,  0,  0,  0, ],
[ 0,  0,  0,  0,  0,  0,  0,  0,  0,  0,  0,  0,  0,  1,  0,  5,  0,  0,  6,  0,  0,  0,  0, 12, ],
[ 0,  9,  0,  5,  0,  0,  0,  0,  0,  0,  0,  0,  0,  0,  0,  0,  6,  0,  0,  0,  0,  0,  0,  0, ],
[ 0,  0,  0,  0,  0,  0,  0,  0,  0,  0,  0,  0,  0,  0,  0,  0,  0,  2,  0,  0,  0,  0,  0,  7, ],
[ 4,  0,  0,  0,  6,  0,  0,  5,  0,  0,  0,  0, 14,  0,  0,  0,  0,  0,  0,  0,  0,  0,  0,  0, ],
[ 0,  0,  1,  5,  0,  0,  0,  0,  0,  0,  0,  0,  0,  0,  0,  7,  0,  0,  0,  0,  0,  0,  0,  0, ],
[ 0,  0,  0,  0,  0,  0,  0,  0,  0,  0,  0,  0,  0,  0,  0,  0,  0,  0,  0,  0,  0,  1,  0,  0, ],
[ 0,  0,  0,  0,  0,  0,  0,  0,  0,  0,  0,  0,  3,  0,  0,  0,  0,  0,  0,  0,  0,  0,  0,  0, ],
[ 0,  0,  0,  0,  0,  0,  0,  0,  0,  0,  0,  0,  0,  0,  0,  0,  0,  0,  0,  0,  0,  0,  0,  0, ],
[ 0,  0,  0,  1,  0,  0,  0,  0,  0,  9,  0,  0,  0,  0,  3,  0,  0,  3,  0,  3,  9,  0,  0,  0, ],
[ 0,  0,  0,  0,  0,  0,  0,  0,  0, 11,  0,  0,  0,  0,  0,  0,  0,  0,  0,  0, 10,  0,  4,  0, ],
[ 0,  0,  0,  0,  0,  0,  0,  0,  0,  0,  0,  0,  0,  0,  0,  0,  0,  0,  0,  0,  0,  0,  0,  0, ],
[ 0,  0,  0,  0,  0,  0,  0,  0,  0, 10,  0, 10,  0,  0,  0,  0,  0,  0,  0,  0,  0,  0,  0,  0, ],
[ 0,  0,  0,  0,  0,  0,  0,  0,  0,  0,  0, 12,  0,  0,  0,  0,  0,  0,  0,  0,  0,  0,  0,  0, ],
[ 0,  0,  0,  0,  0,  0,  0,  0,  0,  0,  0,  0,  0,  0,  0,  0,  0,  0,  0,  0,  9,  0,  0,  0, ],
[ 8,  0,  0,  0,  0,  0,  0,  0,  0,  0, 12,  0,  0,  0,  0,  0,  0,  0,  7,  0,  0,  0,  0,  0, ],
[ 0,  0,  0,  0,  0,  5,  0,  0,  0,  0,  0,  0,  0,  0,  0,  0,  0,  0,  0,  0,  0, 14,  0,  0, ],
[ 0,  0,  0,  0,  6,  0,  0,  0,  0,  0,  0,  0,  0,  0,  0,  0,  0,  0,  0,  0,  0,  6,  0,  0, ],
[ 0,  0,  0,  0,  0,  0,  0,  0,  8,  0,  0,  0,  0,  0,  0, 10,  0,  0,  0,  0,  0,  0,  0,  6, ],
[ 0,  0,  0,  5,  0,  0,  3,  0,  0,  0,  0,  0,  0, 10,  0,  0,  0,  0,  0,  0,  0,  2,  0,  0, ],
[ 0,  0,  0,  0,  0,  0,  0,  0,  0,  0,  0,  0,  0,  0,  0,  0,  7,  0, 14,  0,  0,  7,  0,  4, ],
[ 0,  6,  0, 13,  0,  0,  0,  0,  0,  0,  0,  9,  0,  0,  0,  0,  0, 10,  0,  0,  0,  0,  0,  2, ],
[ 0,  0,  0,  0,  0,  0,  0,  0,  0,  0,  0,  0,  0,  0,  0,  0,  0,  0,  0,  0,  0,  4,  0,  0, ],
[ 0,  0,  0,  4,  0,  5,  0,  0,  0,  0,  0,  0,  0,  6,  0,  0,  0,  0,  0,  0,  0,  0,  0,  0, ],
[ 0,  0,  3,  0,  0,  0,  0,  0,  0,  0,  0,  0,  0,  0,  0,  0,  0,  0,  0,  0,  0,  0,  0,  0, ],
[12,  0,  0,  0,  0,  0,  7, 10,  0,  9,  0,  0,  0,  0,  2,  9,  0,  0,  0,  0,  0,  0,  0,  0, ],
[ 0, 14,  0,  0,  0,  0,  0,  0,  0,  0,  0,  0, 10,  0,  0,  0,  0,  0,  0,  0,  0,  0,  0,  0, ],
[ 0,  0,  0, 11,  0,  0,  0,  0,  0,  0, 11,  0,  0,  0,  0,  0,  0,  0,  0, 14,  0,  0,  0,  0, ],
[ 0,  0,  0,  0,  0,  0,  0,  0,  0,  0,  0,  0,  0,  0,  0,  0,  0,  0,  0,  0,  0,  0,  0,  0, ],
[10,  6,  0,  0,  0,  6,  0,  0,  0,  5,  0,  0,  0,  0,  0,  0,  0,  0,  0,  0,  0,  0,  0,  3, ],
[ 0,  0,  0,  0,  0,  0,  0,  0, 13, 12,  0,  3,  0,  0,  0,  9,  0,  0,  0,  0,  0,  0,  0,  0, ],
[ 0,  0,  0,  0,  0,  0,  0,  0,  0,  0,  0,  0,  0,  8,  0,  0,  0,  0,  0,  0,  0,  0,  0,  0, ],
[ 0,  0,  0,  0,  0,  0,  0,  0, 11,  0,  0,  0,  0,  1,  0,  0,  7,  0,  0,  0,  0,  0,  0,  0, ],
[ 0,  0,  0,  0,  0,  0,  7,  0,  0,  9,  0,  0,  0,  0,  0,  0,  0,  0,  0,  0,  0,  0,  0,  0, ],
[ 0,  0,  0,  0,  0,  0,  0,  0,  0,  0,  0,  0,  0,  0,  0,  0,  1,  0,  0,  0,  0,  0,  0,  0, ],
[ 5,  0,  0,  0,  0,  7,  0,  0,  0,  8,  0,  0,  0,  0,  0,  0,  0,  0,  0,  0,  0,  4,  0,  0, ],
[ 0,  0,  0,  0,  0,  0,  0,  0,  0,  0,  7,  0,  0,  0,  0,  0,  0,  0,  0,  0,  0,  1,  0,  0, ],
[ 0,  0,  0,  0,  0,  0,  0,  0,  6,  0,  0,  0,  0,  0,  0,  0,  0,  0,  0,  0,  0,  0,  0, 13, ],
[ 0,  0,  0,  0,  0,  0,  0,  0,  7,  0,  0,  0,  0,  0,  0,  0,  0,  0,  0,  0,  0,  0,  0,  2, ],
[ 0,  0,  0,  0,  0,  0,  0,  0,  0,  0,  0,  0,  0,  0,  0,  0,  0,  0,  0, 12,  0,  0,  0,  0, ],
[ 0,  0,  5,  0,  0,  0,  0,  0,  0,  0, 11,  0,  0,  0,  0,  0,  0,  5,  2,  7,  0,  0,  0,  0, ],
[ 0,  0,  0,  0,  0,  0,  0,  0,  0,  0,  0,  0,  0,  0,  0,  0,  0,  0,  0,  0,  0,  0,  0,  0, ],
[ 0,  0,  0,  0,  3, 13,  0,  0,  0,  0,  0, 12,  0,  0,  0,  0,  0,  0,  0,  0,  0,  0, 11,  0, ],
[ 0,  0, 12, 12,  0,  0,  0,  0,  0,  0,  0, 13,  8,  0,  0,  0,  0,  0,  0, 14,  0,  0,  0,  0, ],
[ 0,  0,  0,  0,  0,  0,  0,  0,  0,  0,  0,  0,  0,  0,  0,  0,  0,  0,  0,  0,  0,  0,  0,  0, ],
[ 0,  7,  0,  0,  0,  0,  0,  0,  0,  0,  0,  0,  0,  0,  0,  7,  0,  0,  0,  0,  0,  0,  0,  0, ],
[ 0,  0,  0,  0,  0,  0,  0,  0,  0,  0,  0, 12,  0,  0,  0,  0,  0,  0,  5,  0,  0,  0,  0,  0, ],
[ 0, 14,  0,  0, 13,  0,  0,  0,  0,  0, 13,  0,  0,  0,  0,  0,  0,  0,  0,  0,  0,  0,  0,  0, ],
[ 0,  2,  0,  0, 12,  0,  0,  0,  0,  0, 12,  0,  0,  0,  0,  0,  0,  0,  3,  0,  0,  0,  0,  1, ],
[ 0,  0,  0,  0,  0,  0,  0,  0,  0,  0,  0,  0,  0,  0,  0,  0,  0,  0, 12,  0,  0,  0,  0,  0, ],
[ 0,  3,  0,  0,  0,  0,  0,  0,  0,  0,  0,  0,  0,  0,  0,  0,  0,  0,  0,  0,  0,  0,  0,  0, ],
[ 0,  0,  0,  0,  0,  0,  0, 14,  0,  0,  0,  0,  0,  0,  0,  0,  0,  0,  0,  0,  0,  0,  4,  0, ],
[ 0,  9,  0,  9,  5,  0,  0,  0,  0,  0,  0,  0,  0,  0,  0,  0,  0,  0,  0,  0,  0,  0,  0,  0, ],
[ 0,  0,  0,  0,  0,  9,  0, 11,  0,  0,  0,  0,  0,  0,  0,  0,  8,  0,  0, 13,  0,  0,  0,  0, ],
[ 0,  0,  0,  0,  0,  5,  0,  6,  0,  0,  0,  0,  0,  0,  0,  0,  0,  0,  0,  0,  0,  0,  0,  0, ],
[ 8,  0,  0,  0,  0,  0,  0,  4,  0,  0,  0,  0,  0,  0,  0,  0,  1,  0,  0,  0,  0,  0,  0,  0, ],
[ 0,  0,  0, 13,  0,  9, 14,  0,  0,  0,  0,  0,  0,  0,  0,  0,  0,  0,  0,  0,  0,  0,  0,  5, ],
[ 0,  0,  0,  0,  0,  0,  0,  0,  0,  0,  0,  0,  0,  0,  0,  0,  0,  0,  0,  0,  0,  0,  0,  3, ],
[ 0,  0,  0,  0,  0,  0,  0,  1,  0,  0, 12,  0,  0,  0,  0,  0,  0,  0, 14,  0,  0, 12,  5,  0, ],
[ 0,  0,  0,  0,  0,  0,  0,  0,  0,  0,  0,  3,  5,  0,  0,  0,  0,  0,  0,  0,  0,  0,  0,  0, ],
[ 0,  0, 11,  0,  7,  0,  0,  0,  0,  0, 11,  0,  0,  0,  0,  0,  0,  0,  0,  0,  0,  0,  0,  0, ],
[ 0,  0,  0,  0, 11,  0,  0,  0,  0,  0,  9,  0,  0,  0, 10,  0,  0,  0,  0,  5,  0,  0,  0,  0, ],
[ 6,  0,  0,  0,  0,  0,  0,  0,  0,  0,  0,  0,  0,  0,  0,  0,  0,  0,  0,  0,  0,  0,  0,  0, ],
[ 0,  0, 13,  0,  0,  0,  0,  7,  0,  0,  0,  0,  0,  0,  0,  0,  8,  0,  0,  0,  0,  0,  0,  0, ],
[ 0,  0,  0,  0,  0,  0,  0,  4,  0,  0,  0,  0,  0,  0,  0,  0,  0,  0,  0,  0,  0,  0,  0,  8, ],
[ 0,  0,  0,  0,  0,  0,  0,  0,  0,  0,  0,  0,  0,  0,  0,  0,  0,  0,  0,  0,  0,  0,  0,  0, ],
[ 9,  0, 13,  0,  0,  0,  0,  0,  0,  0,  0,  0,  0, 12,  0,  0,  0,  0,  0, 14,  0,  0,  0,  0, ],
[ 0,  0,  0,  0,  0,  0,  0,  0,  0,  0,  0,  0,  0,  0,  0,  0,  0,  0,  0,  0,  0, 13,  0,  0, ],
[ 9,  0,  0,  0,  0,  0,  0,  0,  9,  0,  0,  0,  0,  0,  0,  0,  0,  0,  0,  0,  0,  0,  0,  0, ],
[ 0,  8,  0,  0,  0,  0,  0, 11, 14,  0,  0,  0,  0,  0,  0,  0,  0,  0,  0,  0,  0,  0,  0,  0, ],
[ 0,  0,  5,  0,  0,  0,  0,  0,  0,  0,  0,  0,  0,  0,  0,  0, 14,  0,  0,  0,  0,  0,  0,  0, ],


[0.7683, -1.0000, ],
[-0.1290, -0.1787, ],
[-0.0692, -0.5463, ],
[0.0988, 0.2335, ],
[0.8484, 0.9738, ],
[0.5352, -0.0777, ],
[-0.6841, 0.5914, ],
[0.1491, 0.2612, ],
[-0.1719, -0.6367, ],
[-0.3285, 0.2858, ],
[-1.0000, -0.0077, ],
[-0.0705, -0.4763, ],
[0.3846, -0.3764, ],
[0.4770, 0.2472, ],
[0.5748, 0.4398, ],
[-0.8251, 0.0576, ],
[-0.3817, -0.4739, ],
[-0.0442, 1.0000, ],
[0.0140, -0.0547, ],
[0.0466, -0.7128, ],
[0.6672, 0.1211, ],
[0.2633, -0.0419, ],
[0.6455, -0.1139, ],
[0.9979, -0.1321, ],
[0.7690, 0.0218, ],
[0.3026, -0.0949, ],
[-0.7872, -0.4217, ],
[0.1066, -0.4322, ],
[0.8058, 0.3133, ],
[-0.3864, -0.6097, ],
[-0.4873, 0.3850, ],
[-0.0150, 0.4791, ],
[0.7796, -0.2752, ],
[0.3643, 0.9504, ],
[0.1678, -0.1683, ],
[-0.1608, 0.0319, ],
[-0.7624, -0.0237, ],
[0.4975, -0.3138, ],
[1.0000, 1.0000, ],
[0.1096, 0.5131, ],
[0.4519, 0.7602, ],
[0.0250, 0.2151, ],
[0.3320, 0.3743, ],
[0.3531, -0.7468, ],
[0.8402, -0.2441, ],
[0.2136, 0.8498, ],
[0.2130, 0.2164, ],
[-0.5838, -0.4829, ],
[-0.2177, -0.7344, ],
[0.7722, 0.9877, ],
[0.5195, -0.0591, ],
[0.0885, -0.4706, ],
[0.1344, -0.7894, ],
[-0.4150, -0.6756, ],
[-0.3224, 0.2839, ],
[0.6559, -0.2885, ],
[0.4221, -0.0185, ],
[-0.8570, 0.1412, ],
[-0.8277, 0.4732, ],
[0.2591, -0.5871, ],
[0.2576, 0.2718, ],
[-0.5620, 0.1473, ],
[-0.5686, 0.0272, ],
[0.4850, 0.0277, ],
[0.9321, 0.2397, ],
[-0.0193, -0.8599, ],
[0.2930, 0.4081, ],
[0.2805, -0.5882, ],
[0.3897, 0.2280, ],
[0.7920, -0.0283, ],
[0.9977, 0.3166, ],
[0.1716, 0.3853, ],
[-0.3311, 0.3270, ],
[-0.3367, -0.3212, ],
[0.3423, 0.6899, ],
[-0.9928, -0.1136, ],
[0.9736, -0.2102, ],
[0.9785, -0.0138, ],
[0.2054, 0.1335, ],
[1.0000, -0.2558, ],
[-0.3575, -0.7107, ],
[-0.0929, 0.7835, ],
[-1.0000, 0.9947, ],
[-0.5506, 0.8155, ],
[-0.2319, 0.1908, ],
[-0.3286, -0.3963, ],
[0.1868, 0.4053, ],
[0.6914, 0.4965, ],
[-0.2083, -0.7104, ],
[0.3179, -0.7751, ],
[-0.4157, -0.2380, ],
[0.1175, 0.9150, ],
[0.0896, 0.5499, ],
[0.8583, 0.1064, ],
[-1.0000, -0.8898, ],
[-0.6353, 0.1358, ],
[-0.7111, 0.5193, ],
[0.6893, -0.7797, ],
[0.6764, 0.3450, ],
[0.4973, 0.8196, ],


[5.0000, ],
[0.0000, ],
[13.0000, ],
[11.0000, ],
[0.0000, ],
[6.0000, ],
[5.0000, ],
[5.0000, ],
[7.0000, ],
[3.0000, ],
[6.0000, ],
[9.0000, ],
[3.0000, ],
[13.0000, ],
[0.0000, ],
[8.0000, ],
[10.0000, ],
[5.0000, ],
[4.0000, ],
[0.0000, ],
[7.0000, ],
[1.0000, ],
[4.0000, ],
[11.0000, ],
[3.0000, ],
[9.0000, ],
[13.0000, ],
[4.0000, ],
[11.0000, ],
[1.0000, ],
[10.0000, ],
[8.0000, ],
[4.0000, ],
[11.0000, ],
[6.0000, ],
[1.0000, ],
[2.0000, ],
[0.0000, ],
[13.0000, ],
[10.0000, ],
[0.0000, ],
[8.0000, ],
[4.0000, ],
[3.0000, ],
[10.0000, ],
[6.0000, ],
[6.0000, ],
[10.0000, ],
[9.0000, ],
[12.0000, ],
[15.0000, ],
[2.0000, ],
[7.0000, ],
[2.0000, ],
[18.0000, ],
[8.0000, ],
[12.0000, ],
[0.0000, ],
[14.0000, ],
[13.0000, ],
[3.0000, ],
[8.0000, ],
[6.0000, ],
[1.0000, ],
[10.0000, ],
[4.0000, ],
[7.0000, ],
[4.0000, ],
[4.0000, ],
[12.0000, ],
[0.0000, ],
[14.0000, ],
[19.0000, ],
[0.0000, ],
[6.0000, ],
[6.0000, ],
[12.0000, ],
[12.0000, ],
[4.0000, ],
[2.0000, ],
[6.0000, ],
[8.0000, ],
[14.0000, ],
[5.0000, ],
[6.0000, ],
[13.0000, ],
[2.0000, ],
[15.0000, ],
[4.0000, ],
[11.0000, ],
[13.0000, ],
[3.0000, ],
[10.0000, ],
[5.0000, ],
[0.0000, ],
[15.0000, ],
[4.0000, ],
[6.0000, ],
[11.0000, ],
[6.0000, ],


