[ 4,  0,  0,  0,  0,  0,  0,  0,  0,  0,  0,  0,  0,  0,  0,  0,  0,  0,  0,  0,  5, 11,  0,  0, ],
[ 0,  0,  0,  0,  0,  0,  0,  0, 12,  0,  0,  0,  0,  0,  0,  0,  0,  0,  0,  2,  0,  0,  0,  0, ],
[13,  0,  5,  0,  0,  0,  0,  5,  0,  0,  0,  0,  0,  0,  0,  0,  0,  0,  0,  0,  0,  0,  0,  0, ],
[ 0,  0,  0,  0,  0,  0, 10, 10,  0,  0,  0, 12,  0,  0,  0, 10,  0,  6,  0,  0,  0,  0,  0,  0, ],
[ 0,  0,  0,  0,  0,  0,  0,  0,  0,  5,  0,  0,  0,  0,  0,  0,  0,  0,  0,  0,  0,  0,  0,  0, ],
[ 0,  0,  0,  0,  0,  0,  0,  0,  0,  0,  0,  0,  0,  0,  9,  0,  0,  0,  0,  0,  0,  0,  0,  0, ],
[ 0,  0,  0,  0,  0,  0, 13,  0,  7,  0,  0,  0,  8,  0,  0,  0,  0,  0,  0,  0,  0,  0,  0,  0, ],
[ 0,  0,  0,  0,  0,  0,  0,  0,  6,  0, 10,  0,  0,  0,  0,  0,  0,  0,  0,  0,  0,  0,  0,  0, ],
[ 0,  0,  0,  0,  0,  0,  0,  0,  0, 13,  0,  0,  0,  0,  0,  0,  0,  0,  0,  0,  0,  0,  0,  0, ],
[ 0,  3,  3,  0,  0,  0,  0,  0,  0,  0,  0,  0,  0,  0,  0,  0,  0,  0,  0,  0,  0,  7,  0,  0, ],
[ 0,  2,  0,  0,  0,  0,  0,  0,  0,  0,  0,  0,  0,  0,  0,  0,  0,  0,  0,  0,  0, 12,  2,  0, ],
[ 0,  0,  0,  5,  0,  0,  0,  0,  0,  0,  0,  0,  0, 14,  0,  0,  0,  0,  0,  0,  0,  0,  0,  0, ],
[ 0,  0,  4,  0,  0,  6,  0,  0, 12,  0,  8,  0,  0,  0,  0,  3,  0,  0,  0,  0,  0,  0,  0,  0, ],
[ 0,  3,  0, 12,  0,  0,  0,  5,  0,  4,  0,  0,  0,  0,  0,  0,  0,  0,  0,  0,  0,  0,  0,  0, ],
[ 0,  0,  0,  0,  0, 13,  0,  0,  0,  0,  0,  0,  0,  0,  0,  0,  0,  0, 12,  0,  0,  0,  0,  0, ],
[ 0,  0,  0,  0,  0,  0,  0,  0,  0,  0,  0,  0,  0,  0,  0,  0,  0,  0,  0,  0,  0,  0,  0,  0, ],
[ 0,  8,  0,  0, 14,  0,  0,  0,  0,  0,  0,  0,  0,  0,  2,  0,  0,  0,  0,  5,  0,  0,  0,  0, ],
[ 0,  0,  0,  0,  0,  0,  0,  0,  0,  0,  0,  6,  0,  0,  0,  0,  0,  0,  0,  0,  0,  0,  0,  0, ],
[ 0,  0,  0,  0,  0,  0,  0,  0,  0,  0,  0,  0,  0,  0,  0,  0,  0,  0,  0,  0,  0,  0,  0,  0, ],
[ 0,  0,  0,  0,  0,  0,  0,  0,  0,  0,  0,  0,  0,  0,  0,  0,  0,  0,  0,  0,  0,  0,  0,  0, ],
[ 0,  0,  0,  0,  0,  0,  0,  0,  0,  0,  0,  0,  0,  0,  0,  0,  0,  8,  0,  0, 14,  0,  0,  0, ],
[ 0,  0,  0,  0,  0,  0,  0,  0,  0,  0,  8,  0,  9, 10,  0,  0,  0,  0,  0,  0,  0,  0,  0,  0, ],
[ 0,  0,  0,  0,  0,  0,  0,  0, 10,  0,  0,  0,  0,  0,  0,  0,  0,  0,  0,  0,  0,  0,  0,  0, ],
[11,  0,  0,  0,  0,  0,  0,  0,  0,  0,  0, 14,  0,  1,  0,  0,  0,  0,  0,  0,  0,  0,  0,  0, ],
[ 0,  0,  0,  0,  0,  0,  0,  0,  0,  0,  0,  0,  0,  0,  0,  0,  0, 12,  4,  0,  0,  0,  0,  0, ],
[ 0,  0,  0,  0,  0,  0,  0,  0,  0,  0,  0,  0,  0,  0,  0,  0,  0,  0,  1,  0,  0,  0,  0,  0, ],
[ 0,  0,  0,  0,  0,  0,  0,  0,  0,  0,  0,  0,  0,  0,  0,  0,  0,  0,  0,  0,  0,  0,  0,  0, ],
[ 0,  0,  0,  0,  0, 12,  0,  0,  0,  0,  0,  0,  0, 13,  0,  0,  0,  0,  3,  0,  0,  0,  0,  0, ],
[ 0,  0,  0,  0,  0,  0,  0,  0,  0,  0,  0,  0,  0,  0,  0,  9,  0,  0,  0,  0,  0,  0,  0,  0, ],
[ 0,  0,  0,  0,  0,  0,  0,  0,  0,  0,  0,  0,  0,  0,  0,  0,  0,  0,  0,  0,  0,  0,  0,  0, ],
[ 0,  0,  0,  0,  0,  0,  0,  0,  0,  0,  0,  0,  0,  0,  0,  0,  0,  0,  0,  0,  0,  0,  0,  8, ],
[ 0,  0,  0,  5,  0,  0,  0,  0,  0,  0,  0,  0,  6,  2,  9,  4,  0,  0,  0,  0,  0,  0,  0,  0, ],
[ 0,  0,  0,  0,  0,  0,  0,  0,  0,  0,  0,  0,  0,  0,  0,  0,  0,  0,  3,  0,  0,  0,  0,  0, ],
[ 0,  0,  0, 11,  6,  0,  0,  0,  0,  0,  0,  0,  0,  0,  0,  0,  0,  0,  0,  0,  0,  0,  0,  0, ],
[ 0,  0,  0,  3,  0,  0,  0,  0,  0,  0,  0,  0,  0,  0,  0,  7,  0,  3,  0,  0,  0,  0,  0,  0, ],
[ 0,  0,  0,  0,  0,  0,  4,  6,  0,  0,  0,  0,  0,  4,  0,  0,  0,  0,  0,  0,  0,  0,  0,  0, ],
[ 0,  0,  0,  0,  0,  0,  0,  0,  0,  0,  0,  0,  0,  0,  0,  0,  0,  0,  0,  0,  0,  0,  0,  0, ],
[ 0,  0,  0,  0,  0,  0,  0,  0,  0,  0,  0,  0,  0,  0,  1,  0,  0,  0,  0,  0,  0,  0,  0,  0, ],
[ 0, 10,  4,  1,  0,  0,  0,  0, 13,  0,  0,  0,  0,  0,  0,  0,  0,  0,  0,  0,  9,  0,  0,  0, ],
[ 0,  0,  0,  0,  0,  0,  0,  0,  0,  0,  0,  0,  0,  0,  0,  0,  0,  0,  0,  0,  0,  0,  0,  0, ],
[ 0,  0,  0,  0,  0,  0,  0,  0,  0,  0,  0,  0,  0, 14,  0,  0,  0,  0,  0,  0,  0,  0,  0,  0, ],
[ 0,  0,  0,  0,  0,  0,  0,  0,  0, 10,  0, 10,  0,  0,  0,  0,  0,  0,  0,  0,  0,  0,  0,  0, ],
[12,  0,  0,  0,  0,  0,  0,  0,  0,  0,  0,  0,  0,  0,  0,  0,  0,  0,  0,  5,  0,  0,  0,  0, ],
[ 0,  0,  0,  0,  0,  0,  0,  0,  0,  0,  0, 11, 12,  0,  0,  0,  0,  0,  0,  0,  0,  0,  0,  0, ],
[ 8,  0,  0,  0,  0,  0,  0,  0,  0,  6, 12, 13,  0,  0,  0,  0,  0,  0,  7,  0,  0,  0,  0,  0, ],
[ 0,  0,  0,  0,  0,  0,  0,  0,  0,  0,  0,  0,  0,  0,  0,  0,  0,  0,  0,  2,  0,  0,  0,  0, ],
[ 0,  0,  0,  0,  0,  1,  0,  0,  5,  0,  0,  0,  0,  0,  0,  0,  0,  0,  0,  1,  0,  6,  0,  0, ],
[ 0,  0,  0,  0,  0,  0,  0,  0,  0,  0,  0,  0,  0,  0,  0,  0,  0,  0,  0,  0,  0,  7,  0,  0, ],
[ 0,  0,  0,  0,  0,  0,  9,  0,  0,  0,  0, 12,  0,  0,  0,  0,  7,  0,  0,  0,  0,  0,  0,  0, ],
[ 0,  0,  0,  0,  0,  0,  0,  0,  0,  0,  0,  0,  0,  0,  0,  0, 12,  0,  0,  0,  0,  0,  0,  0, ],
[ 0,  0,  0,  0,  0,  0,  0,  0,  4,  0,  0,  0,  0,  0,  0,  0,  0,  0,  0,  0,  0,  0,  0,  9, ],
[ 0,  0,  0,  0,  0,  0,  0,  0,  0,  0,  0,  0,  0,  0,  0,  0,  0,  0, 12,  0,  0,  0,  0,  0, ],
[ 0,  0,  0,  0,  0,  0,  0,  0, 11,  0,  0,  0,  0,  0, 11,  0,  0,  1,  0,  0,  0,  0,  0,  4, ],
[ 0,  0,  6,  0,  0,  0,  0,  0,  0,  0,  0,  0,  0,  0,  4,  0,  8,  0,  0,  0,  0,  0,  0,  0, ],
[ 0,  0,  0,  0,  0,  0,  0,  0,  0,  0,  0,  0,  0,  0,  0,  0,  0,  0,  0,  0,  3,  0,  0,  0, ],
[ 0,  1,  0,  0,  0,  0,  0,  0,  0,  0,  0,  0, 10,  0,  0,  0,  0,  0,  0,  0,  0,  0,  0,  0, ],
[ 0,  0,  0, 11,  0,  0, 11,  0,  0,  0,  0,  0,  0,  0,  0,  0,  3,  0,  0,  0,  0,  0,  0,  0, ],
[ 0,  0,  0,  0,  0,  0,  0,  0,  1,  0,  0,  0,  0,  1,  0,  0,  0,  0,  0,  0,  9,  0,  0,  6, ],
[ 0,  0,  0,  8,  0,  0,  0,  0,  0,  5,  0,  0,  8,  0,  0,  0,  0,  0,  0,  0,  0,  0,  0,  0, ],
[ 0,  8,  0,  0,  0,  0,  0,  0,  0,  3,  0,  0,  0,  0,  0,  0,  0,  0,  0,  0,  0,  0,  0,  0, ],
[ 0,  0,  0,  0,  0,  0,  0,  0,  0,  0,  0,  0,  0,  0,  0,  0,  0,  4,  0,  8,  0,  0,  0,  0, ],
[ 0,  0,  0,  0,  0,  0,  0,  0,  0,  0,  0,  0,  0,  4,  0,  0,  0,  0,  0,  0,  0,  0,  0,  0, ],
[ 0, 12,  0,  0,  0,  0,  5, 11,  0,  9,  0,  0,  0,  0,  0,  0,  0,  0,  0,  0,  0,  0, 10,  0, ],
[ 3,  0,  0,  0,  0,  0,  0,  0,  0,  0,  4,  0,  0,  0,  0,  0,  0,  0,  0,  0,  0,  0,  0, 11, ],
[ 0,  9,  0,  0,  0,  7,  0,  0,  0,  0,  0,  1,  0,  0,  0,  0,  0,  0,  0,  0,  5,  0,  0,  0, ],
[ 0,  0,  0,  0,  0,  0,  0,  0,  0,  0,  0,  0,  0,  0,  0,  0,  0, 12,  0,  0,  0,  0,  0,  0, ],
[ 0,  0,  0,  0,  0,  0,  0,  0,  0,  0,  0,  5,  0,  0,  0,  0,  0,  0,  0,  0,  0,  0,  0, 13, ],
[ 0,  0,  0,  0,  0,  0,  0,  0,  2,  0,  0,  0,  0,  0,  0,  8,  0,  0,  0,  0,  0,  0,  0,  2, ],
[ 0,  0,  0,  0,  0,  0, 12,  0,  0,  0,  0,  0,  0,  0,  0,  0,  0,  0,  0,  0,  8,  0,  0,  1, ],
[ 0,  0,  0,  0,  0,  0,  0,  0,  3,  0,  0,  0,  8,  3,  8,  0,  0,  9,  0,  0,  0,  0,  0,  0, ],
[ 0,  8,  0, 13,  0,  0,  0,  0,  0,  0,  0,  0,  6,  0,  0,  0,  0,  0,  0,  0,  0,  0,  0,  0, ],
[ 0,  0, 10,  0,  0,  0,  0,  0,  0,  0,  0,  0,  0,  0,  0,  0,  0,  0,  0,  0,  0,  0,  0,  9, ],
[ 0,  0,  0,  0,  1,  0,  0,  0,  0,  0,  0,  0,  2,  0,  0,  0,  0,  0,  0, 11,  0,  0,  2,  0, ],
[ 0,  0, 13,  0,  0,  0,  0,  0,  0,  0,  0,  0,  0,  0,  0,  0,  0,  0,  0,  0,  0,  0,  0,  0, ],
[ 0,  7,  0,  0,  0,  0,  0,  0, 12,  0,  0,  0,  0,  0,  0,  7,  0,  0,  0,  0,  0,  0,  0,  0, ],
[ 0,  0,  0,  0,  0,  0,  0,  0,  4,  8,  0,  0,  0,  7,  0,  0,  0,  0,  0, 10,  0,  0,  0,  0, ],
[ 0, 14, 11,  0,  0,  0,  0,  0,  0,  0,  0,  0,  0,  6,  0,  1,  0,  0,  0,  0,  0,  0,  0,  0, ],
[ 5,  0,  0,  0,  0,  0,  0,  0,  0,  0,  0,  0,  0,  0,  0,  0,  0,  0,  0,  0,  0,  0,  0,  0, ],
[ 0,  0,  0,  0,  0,  0,  2,  0,  0,  0,  0,  0,  0,  0,  0,  0,  0,  0,  0,  0,  0,  0,  4,  0, ],
[ 0,  0,  0,  0,  0,  0,  0,  0,  0,  0,  0,  0,  0,  0,  0,  0,  0,  0,  0,  0,  0, 12,  0,  0, ],
[ 0,  0,  0,  0,  0,  0,  0,  0,  8,  0,  0,  0,  0,  0,  1,  0,  0,  0,  0,  0,  0,  0,  0,  0, ],
[ 0,  0,  4,  0,  0, 14,  0,  0,  0,  0,  0,  0,  0,  0,  0,  0,  0,  0,  0,  0,  0,  0,  0,  6, ],
[ 0,  0,  0,  0,  0,  0,  0,  0,  0,  0,  0,  0,  0,  0, 11,  1,  0,  0,  0,  9,  0,  0,  0,  0, ],
[ 0,  0,  0,  0,  0,  0,  0,  0,  0,  0,  0,  0,  0,  0,  0,  0,  0,  0,  0,  0,  0,  0,  6,  0, ],
[ 0,  0,  2,  9,  0,  0,  0,  4,  0,  0,  0,  0,  0,  7, 11,  0,  2,  0,  0,  0,  0,  0,  0,  0, ],
[ 0,  0,  0,  0,  0,  9,  0,  0,  0,  0,  0,  0,  0,  0,  0,  0,  0,  0,  0,  0,  0,  0,  0,  0, ],
[ 0,  0,  0,  0,  0,  0,  0,  0,  0,  0,  0,  0,  0,  0,  0,  4,  0,  0,  0,  0,  0,  0,  2,  0, ],
[ 0,  5,  0,  0,  0,  0,  0,  0,  0,  0,  0,  0,  0,  0,  2,  0,  0,  0, 14,  0,  0,  0,  0,  0, ],
[ 0,  0,  0,  0,  0,  0,  0,  0,  0,  0,  0,  0,  0,  0,  0,  0,  0,  0,  0,  0,  0,  0,  0,  0, ],
[ 0,  0, 11,  0,  0,  0,  0,  0,  0,  0,  0,  0,  0,  0,  0,  0,  0,  0,  0,  0,  0,  0,  0,  0, ],
[ 0,  0,  0,  0,  0,  0,  0,  0,  0,  0,  0,  0,  3,  0,  0, 11,  0,  0,  0,  0,  0,  0,  2,  0, ],
[ 0,  0,  0,  0,  0,  8,  0,  0,  0,  0,  0,  0,  0, 11,  0,  0,  0,  0,  0,  0,  0,  0,  0,  0, ],
[ 0,  0,  0,  0,  0,  0,  0,  0,  0,  0,  0,  0,  0,  0, 13,  0,  8,  0,  0,  0,  0,  0,  0,  0, ],
[ 0,  0,  0,  0,  0,  0,  0,  0,  0,  0,  0,  0,  0,  0,  0,  0,  0,  0,  0,  0,  0,  0,  0,  0, ],
[ 1,  0,  0,  0,  0,  0,  0,  5,  0,  0,  0,  0,  0,  0,  3,  0,  0,  0,  0,  0,  0,  0,  0,  0, ],
[ 9,  0,  0,  0,  0,  0,  0,  0,  0,  0,  0,  0,  0,  0,  0,  0,  0,  0,  0,  0,  0,  0,  0,  1, ],
[ 0,  0,  0,  0,  0,  0,  0,  0,  0,  0,  0,  0,  0,  0,  0,  0,  0,  0,  0, 14,  0,  0,  0,  0, ],
[ 0, 12,  5,  0,  0,  0,  0,  0,  0,  5,  0,  0,  0,  0,  0,  0,  0,  0,  0, 12,  0,  0,  0,  0, ],
[ 0,  0,  0,  0,  0,  0,  0,  0,  0,  0,  0,  0,  0,  0,  0,  0,  0,  0,  0,  0,  0,  0,  0,  0, ],
[ 0,  3,  0,  0,  0,  0,  0,  0,  0,  0,  0,  0,  0,  0,  0,  0, 14,  0,  0,  0,  0,  9,  0,  0, ],


[0.9481, -0.1989, ],
[-0.2348, -0.4480, ],
[0.0489, -0.2561, ],
[0.0279, -0.1401, ],
[0.8026, 1.0000, ],
[0.5352, -0.0777, ],
[-0.6841, 0.3886, ],
[0.1491, 0.3203, ],
[-0.1016, -0.9369, ],
[-0.3240, 0.1647, ],
[0.5769, -0.0858, ],
[-0.0702, -0.4763, ],
[-0.2540, -1.0000, ],
[0.5624, 0.0556, ],
[0.5584, 0.5290, ],
[-0.7231, -0.1375, ],
[0.5668, -0.7492, ],
[0.1084, 0.9496, ],
[0.4932, -0.0133, ],
[-0.0882, -0.7155, ],
[0.9899, 0.1491, ],
[0.2961, 0.3205, ],
[0.6455, -0.0266, ],
[1.0000, -0.1736, ],
[0.5010, 0.0279, ],
[-0.0880, -0.0819, ],
[-1.0000, -0.4214, ],
[0.1395, -0.4795, ],
[0.4015, 0.3379, ],
[0.8155, 0.4252, ],
[-0.7300, -0.4588, ],
[0.3035, 0.5381, ],
[0.6718, -0.2819, ],
[0.3628, 0.8913, ],
[-0.1402, 0.0608, ],
[0.1148, 0.2180, ],
[0.4361, -0.3885, ],
[-0.4335, -0.3835, ],
[0.9172, 1.0000, ],
[0.8271, 0.5131, ],
[0.5340, -0.6780, ],
[0.0524, 0.3417, ],
[0.3937, 0.5970, ],
[0.3531, -0.8318, ],
[0.9960, -0.2164, ],
[0.2136, 0.8498, ],
[0.2907, -0.4941, ],
[-0.5867, -0.6057, ],
[-0.1486, -0.7115, ],
[0.7624, 0.8632, ],
[0.4294, -0.0198, ],
[0.5166, 0.2813, ],
[0.4296, -0.7280, ],
[-0.4417, -0.6759, ],
[-0.2626, 0.3023, ],
[0.7355, -0.4550, ],
[0.5125, -0.0177, ],
[-0.6208, 0.2034, ],
[-0.8141, 0.3698, ],
[0.3222, -0.5034, ],
[0.6651, 0.1278, ],
[-0.5442, 0.2357, ],
[-0.5091, -0.0892, ],
[0.4407, -0.0994, ],
[0.9976, 0.0141, ],
[0.2442, 0.3294, ],
[0.2899, 0.8848, ],
[0.5155, -0.6031, ],
[0.2666, 0.2661, ],
[0.7419, -0.0360, ],
[-0.2557, 0.4810, ],
[0.0586, 0.3219, ],
[-0.4100, 0.1300, ],
[-0.2500, -0.4251, ],
[-0.7082, 0.6899, ],
[-0.9444, -0.2645, ],
[0.8727, -0.4425, ],
[1.0000, -0.0606, ],
[0.2413, 0.1335, ],
[0.9501, -0.2039, ],
[-0.3642, -0.9138, ],
[-0.0929, 0.8522, ],
[-1.0000, 0.9385, ],
[-0.1479, 0.8155, ],
[-0.7260, -0.1684, ],
[-0.4697, -0.3963, ],
[0.3887, 0.6516, ],
[0.7046, 0.4965, ],
[-0.1857, -0.6102, ],
[0.4963, -0.4036, ],
[-0.4701, 0.0105, ],
[0.2075, 0.9150, ],
[0.0519, 0.6049, ],
[0.3639, 0.5800, ],
[-0.1560, -0.9472, ],
[-0.6353, -0.3609, ],
[-0.7700, 0.0358, ],
[0.6032, -0.5129, ],
[0.6302, 0.0844, ],
[0.3245, 0.8566, ],


[8.0000, ],
[5.0000, ],
[8.0000, ],
[19.0000, ],
[2.0000, ],
[3.0000, ],
[10.0000, ],
[7.0000, ],
[4.0000, ],
[7.0000, ],
[6.0000, ],
[6.0000, ],
[14.0000, ],
[10.0000, ],
[8.0000, ],
[0.0000, ],
[10.0000, ],
[3.0000, ],
[0.0000, ],
[0.0000, ],
[7.0000, ],
[10.0000, ],
[4.0000, ],
[9.0000, ],
[6.0000, ],
[1.0000, ],
[0.0000, ],
[10.0000, ],
[3.0000, ],
[0.0000, ],
[3.0000, ],
[11.0000, ],
[2.0000, ],
[7.0000, ],
[7.0000, ],
[7.0000, ],
[0.0000, ],
[1.0000, ],
[14.0000, ],
[0.0000, ],
[4.0000, ],
[8.0000, ],
[6.0000, ],
[8.0000, ],
[17.0000, ],
[1.0000, ],
[7.0000, ],
[3.0000, ],
[10.0000, ],
[4.0000, ],
[5.0000, ],
[4.0000, ],
[11.0000, ],
[8.0000, ],
[2.0000, ],
[5.0000, ],
[10.0000, ],
[8.0000, ],
[8.0000, ],
[5.0000, ],
[5.0000, ],
[2.0000, ],
[17.0000, ],
[8.0000, ],
[9.0000, ],
[4.0000, ],
[6.0000, ],
[5.0000, ],
[8.0000, ],
[13.0000, ],
[10.0000, ],
[7.0000, ],
[7.0000, ],
[4.0000, ],
[10.0000, ],
[12.0000, ],
[12.0000, ],
[2.0000, ],
[3.0000, ],
[4.0000, ],
[4.0000, ],
[9.0000, ],
[8.0000, ],
[3.0000, ],
[14.0000, ],
[3.0000, ],
[3.0000, ],
[7.0000, ],
[0.0000, ],
[4.0000, ],
[7.0000, ],
[7.0000, ],
[7.0000, ],
[0.0000, ],
[5.0000, ],
[4.0000, ],
[4.0000, ],
[12.0000, ],
[0.0000, ],
[9.0000, ],


