[ 0,  0,  0,  0,  0,  0,  0, 11,  0,  0,  0,  0,  0,  0,  0,  2,  0,  0,  0,  0,  0,  1,  0,  0, ],
[ 0,  0,  0,  0,  0,  0,  0,  2,  0,  0,  0,  0,  0,  0,  0,  0,  0,  0,  0,  0,  0,  0,  0,  0, ],
[ 0,  0,  0,  0,  0,  0,  0, 12,  0,  0,  0,  0,  0,  8,  0,  0,  0,  0,  0,  0,  0,  0,  0,  0, ],
[ 0,  0,  0,  0,  0,  0,  0,  0,  6, 12,  0,  0,  0, 10,  0,  0,  0,  4,  0,  0,  0,  0,  0,  0, ],
[ 0,  0,  0,  0,  0,  0,  4,  0,  0,  0,  0,  0,  0, 11,  0, 12,  0,  0,  0,  0,  0, 14,  0,  0, ],
[10,  0,  0,  0, 14,  0,  0,  0,  0,  0,  0,  0,  0,  0,  6,  0,  0,  0,  0,  0,  1,  0,  0,  2, ],
[ 0,  0, 11,  0,  0,  0,  0,  0,  0,  0,  0,  0,  0,  0,  0,  0,  0,  0,  0,  0,  0,  0,  0,  0, ],
[ 0,  0,  0,  0,  0,  0,  0,  0,  6,  0, 10,  0,  0,  0,  0,  0,  0,  0,  0,  0,  0,  0,  0,  0, ],
[ 0,  0,  0,  0,  0,  0,  0,  0,  0, 13,  0,  0,  0,  0,  0,  0,  1,  0,  0,  0,  0,  0,  0,  0, ],
[ 0,  0,  0,  0,  0,  0,  0,  0,  0,  3,  0,  0,  0,  0,  0,  0,  0,  0,  0,  0,  0,  2,  0,  0, ],
[ 0,  0,  0,  0,  0,  0,  0,  0,  0,  0,  0,  0,  1,  0,  0,  0,  9,  0,  0,  0,  0,  0,  0,  0, ],
[ 0,  0,  0,  0,  0,  0,  0,  0,  0,  0,  0,  0,  0,  0,  1, 13,  0,  0,  0,  0,  0,  0,  0,  0, ],
[ 0,  0,  0,  0,  0,  4,  0,  0,  0,  0,  0,  0,  0,  5,  7,  0,  0,  0,  0,  0,  0,  0,  0,  0, ],
[ 0,  0,  0,  0,  0,  0,  0,  8,  0,  0,  0,  0,  0,  0,  0,  0,  3,  0,  4,  0,  0,  0,  0,  9, ],
[ 0,  0,  0,  0,  0,  0,  0,  0,  0,  0,  0,  0,  0,  0,  0,  0,  0,  0,  0,  0,  0,  1,  0,  0, ],
[ 0,  0,  5,  0,  0,  0,  0,  0,  0,  0,  0,  0,  0, 13,  0,  0,  0,  0,  0,  0,  0,  0,  0,  0, ],
[ 0,  0,  0,  0,  0,  0,  0,  0,  0,  0,  0,  0,  7,  0,  0,  0,  0,  0,  0,  0,  0,  0,  0,  0, ],
[ 0,  0,  0,  0,  0,  0,  0,  0,  0,  0,  0,  0,  0,  0,  0,  0,  0,  0,  0,  0, 11,  0,  0,  0, ],
[ 0,  0,  0,  0,  0,  0,  0,  0,  0,  0,  0,  0,  0,  0,  0,  0,  0, 14,  0,  0,  0,  0,  5,  0, ],
[ 0,  0,  0,  0,  0,  0,  0,  0,  0,  0,  0,  0,  0,  0,  0,  0,  0,  0,  0,  0,  0,  1,  3,  0, ],
[ 0,  0,  0,  0,  0,  0,  0, 10,  0,  0,  0,  0,  0,  0,  0, 14,  0,  0,  0,  0,  0,  0,  0,  0, ],
[10,  0,  0,  0,  0,  0,  0,  0,  0,  0,  0,  0,  0,  0,  0,  0,  5,  2,  0,  0,  0,  0, 11,  0, ],
[ 0,  0,  0,  0,  0,  0,  0,  0, 10,  0,  0,  0,  0,  0,  0,  0,  0,  0,  0,  0,  0,  0,  0,  0, ],
[ 0,  0,  0,  0,  0,  0,  0,  0,  0,  0,  0,  0,  0,  0,  0,  0,  0,  0,  0,  0,  0,  0,  0,  0, ],
[ 0,  0,  0,  0,  0,  0,  0,  0,  8,  0,  0,  0,  0,  0,  0,  0,  0,  0,  0,  0,  0,  0,  8,  0, ],
[ 0,  0,  0,  0,  0,  0,  0,  0,  0,  0,  0,  0,  0,  0,  0,  0,  9,  0,  0,  0,  0,  0,  0,  0, ],
[ 0,  0,  0,  0,  0,  0,  0,  0,  0,  8,  0,  0,  0,  0,  0, 13,  0, 10,  0,  0,  0, 12,  0,  0, ],
[ 0,  0,  0,  0,  0,  0,  0,  0,  0,  0,  0,  0,  7,  0,  0,  0,  0,  0,  0, 13,  0,  0,  0,  0, ],
[ 0,  0,  0,  0,  0,  0,  0,  0, 13,  0,  0,  0,  0,  0,  0, 13,  0,  0,  0,  0,  0,  0,  0,  0, ],
[ 0,  0,  0,  0,  0,  0,  0,  0,  0,  0,  0,  0,  0,  0,  0,  0,  0,  0,  0,  0,  0,  0,  0,  0, ],
[ 0,  0,  0,  0,  0,  0,  0,  0,  0,  0,  0,  0,  0,  0,  0,  0,  0,  0,  0,  0,  0,  0,  0,  0, ],
[ 0,  0,  0,  0,  0,  0,  0,  0,  0,  0,  0,  0,  0,  2,  0,  0,  0,  0, 11,  0,  0,  0,  0,  0, ],
[ 0,  0,  0,  0,  0,  0,  0,  0,  9,  0,  0,  0,  0,  0,  0,  0,  0,  2,  0,  0,  0, 11,  0,  0, ],
[ 0,  0,  0,  0,  0,  0, 13,  0,  0,  0,  0,  0,  0,  0,  0,  1,  0,  0,  0,  0,  0,  0,  0,  0, ],
[ 0,  0,  0,  5,  0,  0,  0,  0,  0,  0,  0,  0,  0,  0,  0,  7,  0,  3,  0,  0,  0,  0,  0,  0, ],
[ 0,  0,  0,  0,  0,  0,  9, 10,  0,  0,  0,  0,  0,  0,  8,  0,  0,  0,  2,  0,  0,  0,  0,  0, ],
[ 1,  0,  0,  0,  0,  0,  0,  0,  9,  0,  0,  0,  0,  0,  0,  0,  0,  0,  0,  0,  0,  0,  0,  0, ],
[12,  0,  0,  0,  0,  0,  0,  0,  0,  0,  0,  0,  0,  0,  0, 11,  0,  0,  0,  0,  0,  0,  0,  0, ],
[ 0,  0,  5,  0,  0,  0,  0,  0,  0,  0,  0,  4,  0,  0,  0,  0,  0,  0,  0,  0,  5,  0,  0,  0, ],
[ 0,  0,  0,  4,  0,  0,  0,  0,  0,  0,  0,  0,  0,  0,  0,  0,  0,  0,  0,  0,  0, 10,  0,  0, ],
[10,  0,  0,  0,  0,  0,  0,  0,  0,  6,  0,  0,  0,  0,  0,  0,  4,  0,  0,  0, 12,  0,  0,  0, ],
[ 0,  0,  0,  0,  0,  0,  0,  0,  0, 10,  0, 10,  0,  0,  0,  0,  0,  0,  0,  0,  0,  0,  0,  0, ],
[ 0,  0,  0,  0,  0,  0,  0,  0,  0,  0,  0,  0,  0,  0,  0,  0,  0,  0,  0,  0,  0,  0, 12,  0, ],
[ 0,  0,  0,  0,  0,  0,  0, 11,  0,  0,  0,  0,  0, 10,  0,  0,  0,  0,  0,  0,  0,  0,  1,  0, ],
[ 0,  0,  0,  0,  0,  0,  0,  0,  0, 14,  0,  0,  0,  0,  0,  0,  0,  0,  7,  0,  0,  0,  0,  0, ],
[ 0,  0,  0,  0,  0,  0,  0,  0,  0,  0,  0,  0,  0,  0,  0,  0,  0,  0,  0,  2,  0, 14,  0,  0, ],
[14,  0,  0,  0,  0,  0,  0,  0,  0,  4,  0,  0,  0,  0,  0,  0,  0,  0,  0,  0,  0,  0,  0,  0, ],
[ 0,  0,  0,  0,  0,  0,  0,  0,  0,  0,  0,  0,  0,  0,  0,  0,  0, 10,  0,  0,  0,  0,  0,  0, ],
[ 0,  0,  8,  0,  0,  0,  3,  0,  0,  0,  0,  0,  0, 10,  0,  0, 12,  0,  0,  0,  0,  0,  0,  0, ],
[ 0,  0,  0,  0,  0,  0,  0,  0,  0,  0,  0,  0,  0,  0,  0,  0,  0,  0,  0,  0,  0,  0,  0,  0, ],
[ 0,  6,  0,  0,  0,  0,  0,  0,  0,  0,  0,  0,  0,  0,  0,  0,  0,  0,  0,  0, 13,  0,  0,  2, ],
[ 0,  0,  0,  0,  0, 10,  0,  0,  0,  0,  0,  0,  0,  0,  0,  0,  0,  0,  0,  0,  0,  0,  0,  0, ],
[ 0,  0,  0,  0,  0,  5,  0,  0,  0,  0,  0,  0,  0,  6,  0,  0,  0,  0,  0,  0,  0,  0,  0,  0, ],
[ 0,  0,  6,  0,  0,  0,  0,  0,  0,  0,  9,  0,  0,  0,  0,  0,  8,  0,  0,  0,  0,  0,  0,  0, ],
[ 0,  0,  0,  0,  0,  0,  0,  0,  0,  0,  0,  0,  0,  0,  2,  0,  0, 11,  0,  0,  0, 14,  0,  0, ],
[ 0,  0,  0,  0,  0,  0,  0,  0,  1,  0,  0,  0,  0,  2,  0,  0,  0,  0,  0,  0,  0,  0,  0, 11, ],
[ 0,  0,  0, 11, 13,  0,  0,  0,  0, 13,  0,  2,  0,  0,  0, 11,  0,  0,  0,  0,  0,  0,  0,  0, ],
[ 0,  0,  0,  0,  0,  0,  0,  0,  0,  0,  0,  0,  0,  0,  0,  0,  0,  0,  0,  0,  0,  0,  0,  0, ],
[ 0,  0,  5,  0,  0,  0,  0,  0,  0,  0,  0,  0,  0,  0,  0,  0,  0,  0,  0,  0, 11,  0,  0,  3, ],
[ 0,  4,  0,  0,  0,  0,  0,  0,  0,  0,  0,  0,  0,  0,  0,  0,  0,  0,  0,  0,  0, 12, 11,  0, ],
[ 0,  0,  0,  0,  0,  8,  0,  0,  0,  0,  0,  0,  0,  0,  0,  0,  6,  0,  0,  0,  0,  0,  0,  0, ],
[ 0,  0,  0,  0,  0,  0,  0,  0,  0,  0,  9,  0,  0,  0,  7,  0,  7,  0,  0,  6,  0,  0,  0,  0, ],
[ 0,  0,  0,  0,  0,  0,  7,  0,  0,  9,  0,  0,  0,  0,  0,  0,  0,  0,  0,  0,  0,  7, 10,  0, ],
[ 0,  0,  0,  0,  0,  0,  0,  0,  0,  0,  4,  0,  0,  0,  0,  0,  0,  0,  0, 10,  0,  0,  0,  0, ],
[ 0,  0,  0,  0,  0,  0,  0,  0, 13,  0,  8,  0,  0,  0,  0,  0,  0,  0,  0,  0, 11,  0,  0,  0, ],
[ 0,  0,  0,  0,  0,  0,  0,  0,  0,  0,  7,  0,  0,  0, 11,  8,  0,  0,  0,  0,  0,  0,  0,  0, ],
[ 9,  0,  0,  0,  0,  0,  0,  0,  0,  0,  0,  0,  0,  0,  0,  0,  0,  0,  0,  0,  0,  0,  0,  0, ],
[ 0,  0,  0,  0,  0,  0,  0,  0,  2,  0,  0,  0,  0,  0,  0,  0,  0,  0,  0,  0,  0,  0,  0,  0, ],
[ 0,  0,  0,  0,  0,  0,  0,  0,  0,  0,  0,  0,  0,  1,  0,  0,  0,  0,  0,  0,  0,  0,  0,  0, ],
[ 0,  0,  5,  0,  0,  0,  0,  0, 13,  0,  0,  0,  0,  0,  0,  0,  0,  0,  0,  0,  0,  0,  0,  0, ],
[ 0,  0,  0,  2, 11,  0,  0,  0,  0,  0,  0,  1,  0,  0,  0, 11,  0,  8,  0,  0,  0,  0,  6,  0, ],
[ 0,  0,  0,  5,  0,  0,  0,  0,  0,  0,  0,  0,  0,  0,  0,  8,  0,  0,  0,  0, 14,  0,  0,  2, ],
[ 0,  0, 12,  0,  0,  0,  0,  0,  0,  0,  0,  0,  0,  0,  0,  0,  0,  0,  0,  0,  0,  0,  0,  0, ],
[ 0,  0,  0,  0,  0,  0, 10,  0,  0,  1,  0,  0,  0,  0,  0,  0,  0,  0,  0,  0,  0,  0,  0,  0, ],
[ 0, 13,  0,  0,  0,  0,  0,  0,  0,  0,  0,  0,  0,  0,  0,  7,  0,  0,  0,  0,  0,  0,  0,  0, ],
[ 0,  0, 10,  0,  0,  6,  0,  0,  0,  0,  0,  0,  0,  7,  0,  0,  0,  0,  0,  0,  0,  0,  0, 13, ],
[ 0,  0,  0,  0,  0,  0,  0,  0,  8,  0,  9,  0,  0,  0,  0,  0,  0,  0,  0,  0,  0,  0,  0,  0, ],
[ 0,  2,  0,  0, 12,  0,  0,  0,  0,  0,  0,  0,  0,  0,  0,  0,  0,  0,  0,  0,  0,  0,  0,  0, ],
[ 0,  0,  0,  0,  0,  0,  2,  0,  0,  0,  0,  0,  0,  3,  0,  1,  0,  0, 12,  0,  0,  0,  0,  0, ],
[ 0,  0,  0,  0,  0,  0,  0,  0,  0,  0,  0,  0,  0,  0,  0,  0,  0,  0,  0,  0,  0,  0,  0,  0, ],
[ 0,  0,  0,  0,  0,  0,  0,  0,  0,  0,  0,  0,  0,  0,  0,  0,  0,  0,  0,  0,  0,  0,  0,  0, ],
[ 0,  0,  4,  0,  0,  0,  0,  0,  0,  0, 12,  0,  0,  0,  0,  6,  0,  0,  0,  0, 10,  0,  0,  0, ],
[ 0,  0,  0,  0,  0,  0,  0,  0,  0,  0,  0,  0, 10,  0,  0,  0,  0,  0,  0,  0,  0,  0,  0,  0, ],
[ 8,  0,  0,  0,  0,  0,  0,  0,  0,  0,  0,  0,  0,  0,  0,  0,  0,  0,  0,  0,  0,  0, 11,  0, ],
[ 0,  0,  0,  0,  0,  0,  0,  4,  0,  0,  0,  0,  0,  0,  0,  0,  1,  0,  0,  0,  0,  0, 13,  7, ],
[ 0,  0,  0,  0,  0,  0,  0,  0,  0,  0, 12,  0,  0,  0,  0,  5,  0,  0,  0,  0,  0,  0,  0,  5, ],
[ 0,  0,  0,  0, 10,  0,  0,  0,  0,  0,  0,  0,  0,  0,  0,  1, 14,  0,  0,  0,  0,  0,  2,  3, ],
[ 0,  0,  0,  0,  0,  0,  0,  0,  0,  0,  0,  0,  0,  0,  0,  0,  0,  0,  5,  0,  6, 13,  0,  0, ],
[ 0,  0,  0,  0, 11,  0,  0,  0,  0,  0,  0,  0,  5,  0,  5,  5,  0,  0,  0,  0,  0,  0,  0,  0, ],
[ 3,  0, 11,  0,  7,  0,  0,  0,  0,  0,  9,  0,  0,  0,  0,  0,  5,  0,  0,  0, 13,  0,  0,  0, ],
[ 0,  0,  0,  0,  0,  0,  0,  0,  0,  9,  0,  0,  0,  0, 10,  0,  0,  0,  0,  0,  0,  0,  0,  0, ],
[ 0,  0,  0,  0,  0,  0,  0,  0,  0,  0,  0,  0,  0,  0,  4,  0,  0,  0,  0,  0,  0,  0,  0,  0, ],
[ 3,  0,  1,  0,  9,  0,  0,  0,  0,  0,  0,  0,  0,  0,  0,  0,  0,  3,  0,  0,  6, 13,  0,  0, ],
[ 0,  0,  0,  0,  0,  0,  0,  0,  0,  0,  0,  0,  0,  0,  0,  0,  0,  0,  0,  0,  0,  0,  0, 11, ],
[ 0,  0,  0,  0,  0,  0,  0,  0,  0,  0,  0,  0,  0,  0,  0,  0,  0,  0,  0,  0,  0,  0,  0,  0, ],
[ 9,  0,  0,  9,  0,  0,  0,  0,  0,  0,  0,  0,  0, 12,  0,  0,  0,  0,  0,  0,  0,  0,  0,  0, ],
[ 0,  0,  0,  0,  0,  0,  0,  0,  0,  0,  0,  0,  0,  0,  0,  0,  0,  0,  0,  0, 14,  0,  5,  0, ],
[ 0, 12,  0,  0,  0,  0,  0,  0,  9,  0,  0,  0,  0,  0,  0,  0,  0,  0,  0,  0,  0,  0,  5,  0, ],
[ 0,  0,  0,  0, 12,  0,  0,  0,  0,  0,  0,  0,  0,  0,  0,  0,  0,  0,  0,  0,  0,  0,  0,  0, ],
[ 0,  3,  0,  0,  0,  0,  2,  6,  0,  0,  0,  0,  0,  0,  0,  0,  0,  0,  0,  0,  0,  0,  0,  0, ],


[0.8373, -0.1989, ],
[-0.1796, -0.2687, ],
[0.1339, -0.3702, ],
[0.9179, 0.2335, ],
[-0.1570, 0.6324, ],
[0.5352, -0.0777, ],
[-0.6841, 0.3886, ],
[0.2706, 0.1855, ],
[-0.0216, -0.6367, ],
[-0.6910, 0.2356, ],
[-0.9564, -0.0077, ],
[0.0066, -0.4763, ],
[-0.6506, -0.7566, ],
[0.8004, 0.2255, ],
[0.5748, 0.5449, ],
[-0.5962, 0.0400, ],
[0.4373, -0.4739, ],
[-0.0164, 0.8329, ],
[0.5040, 0.4461, ],
[-0.0080, -0.7335, ],
[0.6977, 0.1211, ],
[0.4203, 0.0863, ],
[0.6455, 0.0350, ],
[0.9756, 0.0395, ],
[0.8457, 0.0218, ],
[-0.0880, -0.0819, ],
[-1.0000, -0.4217, ],
[0.1359, -0.4795, ],
[0.1699, 0.2993, ],
[-0.4610, -0.5533, ],
[-0.6571, -0.4328, ],
[-0.0150, 0.5525, ],
[0.6718, -0.1235, ],
[0.4077, 0.7791, ],
[0.2689, -0.1683, ],
[0.1148, 0.3492, ],
[-0.7749, 0.3228, ],
[0.5343, -0.3138, ],
[-0.2790, 0.9702, ],
[0.1096, -0.6675, ],
[0.5101, 0.8597, ],
[0.0045, 0.2151, ],
[0.3320, 0.5352, ],
[0.3784, -0.8176, ],
[0.1784, -0.1167, ],
[0.0043, 0.8498, ],
[-0.5499, 0.2164, ],
[-0.5838, -0.4691, ],
[-0.8495, -0.7344, ],
[0.8335, 1.0000, ],
[0.5296, -0.1825, ],
[0.0900, -0.3667, ],
[-0.1969, -0.7793, ],
[-0.4150, -0.6102, ],
[-0.3224, 0.3399, ],
[0.5846, -0.3786, ],
[0.6639, -0.0185, ],
[-0.7181, 0.2922, ],
[-0.6714, 0.4126, ],
[0.2088, -0.4915, ],
[0.6651, 0.1864, ],
[0.2246, 0.1473, ],
[-0.6715, 0.0272, ],
[0.4357, 0.2645, ],
[1.0000, 1.0000, ],
[0.4230, -0.8109, ],
[0.3129, 0.4623, ],
[0.3233, -0.4242, ],
[0.4108, 0.1330, ],
[0.7942, -0.1238, ],
[0.9327, 0.4060, ],
[-0.6611, 0.4304, ],
[-0.3534, 0.3789, ],
[-0.2030, -0.3212, ],
[0.3423, 0.6899, ],
[-1.0000, -0.1136, ],
[1.0000, 0.4074, ],
[0.3180, -0.0138, ],
[0.2186, 0.0970, ],
[-0.3535, -0.7088, ],
[-0.4060, -0.8745, ],
[-0.4109, 0.5082, ],
[-0.1135, 0.0986, ],
[-0.5506, 0.8155, ],
[-0.2813, -0.1684, ],
[-0.3286, -0.3963, ],
[0.1868, 0.4968, ],
[0.6914, 0.5819, ],
[-0.0917, -0.6787, ],
[0.5093, -0.4950, ],
[-0.4185, -0.1772, ],
[-0.0581, 0.7457, ],
[0.0564, -0.5539, ],
[0.3896, 0.2818, ],
[-1.0000, -0.9472, ],
[-0.0121, 0.2009, ],
[-0.7111, 0.5193, ],
[0.6380, 0.3506, ],
[0.6764, 0.4626, ],
[0.4973, 0.9748, ],


[6.0000, ],
[1.0000, ],
[7.0000, ],
[13.0000, ],
[14.0000, ],
[13.0000, ],
[4.0000, ],
[7.0000, ],
[5.0000, ],
[3.0000, ],
[4.0000, ],
[5.0000, ],
[7.0000, ],
[10.0000, ],
[1.0000, ],
[6.0000, ],
[3.0000, ],
[4.0000, ],
[6.0000, ],
[3.0000, ],
[8.0000, ],
[11.0000, ],
[4.0000, ],
[0.0000, ],
[6.0000, ],
[3.0000, ],
[15.0000, ],
[7.0000, ],
[8.0000, ],
[0.0000, ],
[0.0000, ],
[5.0000, ],
[8.0000, ],
[5.0000, ],
[7.0000, ],
[11.0000, ],
[4.0000, ],
[8.0000, ],
[6.0000, ],
[6.0000, ],
[13.0000, ],
[8.0000, ],
[4.0000, ],
[9.0000, ],
[7.0000, ],
[5.0000, ],
[6.0000, ],
[4.0000, ],
[13.0000, ],
[0.0000, ],
[8.0000, ],
[4.0000, ],
[5.0000, ],
[9.0000, ],
[9.0000, ],
[6.0000, ],
[17.0000, ],
[0.0000, ],
[8.0000, ],
[10.0000, ],
[6.0000, ],
[12.0000, ],
[13.0000, ],
[6.0000, ],
[11.0000, ],
[10.0000, ],
[3.0000, ],
[1.0000, ],
[1.0000, ],
[6.0000, ],
[16.0000, ],
[10.0000, ],
[4.0000, ],
[5.0000, ],
[7.0000, ],
[14.0000, ],
[6.0000, ],
[5.0000, ],
[8.0000, ],
[0.0000, ],
[0.0000, ],
[13.0000, ],
[4.0000, ],
[7.0000, ],
[10.0000, ],
[8.0000, ],
[12.0000, ],
[9.0000, ],
[10.0000, ],
[18.0000, ],
[7.0000, ],
[2.0000, ],
[15.0000, ],
[4.0000, ],
[0.0000, ],
[10.0000, ],
[6.0000, ],
[9.0000, ],
[4.0000, ],
[6.0000, ],


