[ 0,  0,  0,  0,  9,  0,  0, 11,  0,  0,  0,  0,  0,  0,  0,  0,  0,  0,  0,  0,  0,  0,  0,  0, ],
[ 0,  0,  0,  0,  0,  0, 12,  0,  0,  0,  0,  7,  0,  0,  0,  0,  0,  0,  0,  0,  0,  5,  0, 14, ],
[ 0,  0, 13,  0,  0,  0,  0,  0,  0,  0,  0,  0,  0,  0,  0,  0,  0,  8,  0,  0,  0,  0,  0,  0, ],
[ 0,  0,  0,  0,  0,  8,  0,  0,  0,  0,  0,  0,  0,  0,  0,  0,  0,  0,  0,  0,  0,  0,  0,  0, ],
[13,  0,  0,  0,  0,  0,  0,  0,  0,  0,  0,  0,  0, 11,  0,  0,  0,  0,  0,  0,  0,  4,  0,  0, ],
[ 0,  0,  0,  0,  0,  0,  0,  0,  2,  0,  0,  0,  0,  0,  2,  0,  0,  2,  0,  0,  0,  0,  0,  0, ],
[ 0,  0,  0,  0,  0,  0,  0,  0,  0,  0,  0,  0,  0,  0,  0,  0,  8,  0,  0,  0,  0, 13,  0,  0, ],
[ 0,  0,  0,  0,  0,  0,  0,  0,  0,  0,  0,  0,  0,  0,  0,  0,  0,  0,  0,  0,  0,  0,  0,  0, ],
[ 0,  0,  2,  0,  0,  0,  2,  0,  0,  0,  0,  0,  0,  0,  0,  0,  0,  0,  0,  0,  2,  0,  0,  0, ],
[ 0,  0,  0,  0,  0,  0,  0,  0,  0,  0,  0,  0, 12,  0,  0, 10,  0,  0,  0,  0,  0,  0,  0,  0, ],
[ 0,  0,  0,  0,  0,  0,  0,  0,  0,  2,  0,  0,  0,  0,  0,  0,  0,  0,  0,  0,  0,  0,  0,  0, ],
[ 0,  0,  0,  0,  0,  0, 13,  0,  0,  0,  0,  0,  0,  0,  1,  0,  0,  0,  0,  0,  0,  0,  0,  0, ],
[ 0,  0,  0,  0,  0,  0,  0,  0,  0,  0,  0,  1,  0,  0,  0,  0,  0,  0,  0,  0,  0,  0,  0,  0, ],
[ 0,  0,  0,  0,  0,  0,  0,  0,  0,  0,  0,  0,  0,  0,  0,  0,  0,  0,  0,  0,  0,  0,  0,  0, ],
[ 0,  1,  0,  0,  0,  0,  0,  0,  5,  0,  0,  0,  0,  0,  0,  0, 13,  0,  0,  0,  0,  0,  0,  0, ],
[ 0,  0,  0,  0,  0,  0,  0,  0,  0,  0,  0,  0,  0,  0,  0,  0,  0,  0,  0,  0,  0,  0,  0,  0, ],
[ 0,  0, 14,  0,  0,  0,  8,  0,  0,  0,  0,  0,  9,  0,  1,  0,  0,  0,  0,  0,  0, 10,  0,  0, ],
[ 0,  0,  0,  0,  0,  0,  0,  0,  0,  0,  0,  0,  0,  0,  0,  0,  8,  0,  0,  0,  0,  0,  0,  0, ],
[ 0, 10,  0,  0,  0,  0,  0,  0,  0,  0,  0,  0, 14,  0,  0,  0,  0,  0,  0,  0,  0,  0,  5,  0, ],
[ 0,  0,  0,  0,  0,  0,  0,  0,  4,  0,  0,  0,  0,  0,  0,  0,  0,  8,  0,  0,  0,  0,  0,  0, ],
[ 0,  0,  0, 13,  0,  0,  0,  0,  0,  0,  0,  0,  2,  0,  0,  0,  0,  0,  0,  0,  0,  0,  0,  0, ],
[ 0,  0,  0,  0,  0,  0,  0,  0,  0,  0, 13,  0,  0,  0,  0,  0,  0,  0,  0,  0,  0,  0,  0,  0, ],
[ 0,  0,  0,  0,  0,  0,  0,  0,  0,  0,  0,  0,  0,  0,  0,  0,  0,  0,  0,  0,  0,  0,  0,  0, ],
[ 0,  0,  2,  0,  3,  9, 11,  0,  0,  0,  0,  0,  0,  0,  0,  0,  0,  0,  0,  0,  0,  0,  0,  0, ],
[ 0,  0,  7,  0,  0,  0,  0,  0,  0,  0,  0,  0,  0,  0,  0,  0,  0,  0,  1,  0,  0,  0,  0,  0, ],
[ 0,  0,  0,  0,  0,  0,  0,  0,  0,  0,  0,  0,  0,  6,  0,  0,  0,  0,  0,  0,  0,  0,  0,  0, ],
[ 0,  0,  0,  0,  0,  0,  0,  0,  0,  0,  0,  0,  0,  0,  1,  0,  0,  0,  0,  0,  0,  0,  0,  0, ],
[ 0,  0,  0,  0,  0,  0,  0,  0,  0,  0,  0,  0,  0,  0,  0,  0,  0, 13,  1,  0,  0,  0,  0,  0, ],
[ 0,  0,  0,  0,  0,  0,  0,  4,  0,  0,  0,  0,  0,  0,  0,  0,  0,  0,  0,  0,  0,  6,  0,  0, ],
[ 0,  0,  2,  0,  0,  0,  0,  0,  0,  0,  0,  0,  0,  0,  0,  0,  0,  0,  0,  0,  0,  0,  0,  0, ],
[ 0,  0,  0,  0,  0,  0,  0,  0,  0,  0,  0,  0,  0,  0,  0,  0,  0,  0,  0,  0,  0,  0,  0,  0, ],
[ 0,  0,  0,  0,  0, 13,  0,  0,  0,  0,  0,  0,  0,  0,  0,  0,  0,  0,  0,  0,  0,  0,  0,  0, ],
[ 0,  0, 10,  0,  0,  0,  1,  0,  0,  0,  0,  0,  0,  0,  0,  0,  0,  2,  0,  0,  0,  0,  0,  0, ],
[ 0,  0,  0,  0,  0,  0,  0,  0,  0,  0,  0,  0,  0,  0,  0,  0,  0,  0,  0,  4,  0,  0,  0,  0, ],
[ 2,  0,  0,  0,  0,  0,  0,  0,  0,  0,  0,  0,  0,  0,  0,  0,  0,  3,  0,  0,  0,  0,  0,  0, ],
[ 0,  0,  0,  0,  0,  0,  0,  0,  0,  0,  0,  0,  0,  0,  0,  0,  0,  0,  2,  8,  0,  0,  0,  0, ],
[ 2,  0,  0,  0,  0,  8,  0,  0,  0,  0,  0,  0,  0,  0,  0,  0,  4,  0,  0,  0,  0,  0,  0,  0, ],
[12,  0,  0,  0,  0,  0,  0,  0,  0,  0,  0,  0,  0,  0,  0,  0,  0,  0,  8,  0,  0,  0,  0,  0, ],
[ 0,  0,  0,  0,  0,  0,  0,  0,  0,  0,  0,  0,  0,  0,  0,  0,  0,  0,  0,  0,  3,  0,  0,  0, ],
[ 0,  0,  0,  0,  0,  0,  0,  0,  0,  0,  0,  0, 12,  0,  0,  0,  0,  0,  0,  0,  0,  0,  0,  0, ],
[ 0,  0,  0,  0,  0,  0,  0,  1,  0,  0,  0,  0,  0,  0,  0,  0,  4,  0,  0,  0, 11,  0,  0,  0, ],
[ 0,  0,  0,  0,  0,  0,  0,  0,  0, 10,  0, 10,  0,  0,  0,  0,  0,  0,  0,  0,  0,  0,  0,  0, ],
[ 0,  0,  0,  0,  0,  0,  0,  0,  0,  0, 12,  0,  0,  0, 12,  8,  6,  0,  0,  0,  0,  0,  0,  0, ],
[ 0,  0,  0,  0,  0,  0,  0,  0,  0, 12,  0,  0,  0,  0,  0,  0,  0,  0,  0,  0,  0,  0,  2,  0, ],
[ 0,  0,  0,  0,  0,  0,  0,  0,  0,  0,  0,  0,  0,  4,  0,  0,  0,  0,  4,  0,  0,  0,  0,  0, ],
[ 0,  0,  0,  0,  3,  0,  0,  3,  0,  0,  0,  0,  0,  0,  0,  0,  0,  9, 14,  0,  0,  0,  5,  0, ],
[ 0,  0,  0,  0,  0,  0,  0,  0,  0,  0,  0,  0,  0,  0,  0,  0,  0,  0,  0,  0,  0,  0,  0,  0, ],
[12,  0,  0,  0,  0,  0,  0,  0,  0,  0,  0,  0,  0,  0,  0,  0,  0,  7,  0,  0,  0,  0,  0,  0, ],
[ 0,  0,  1,  9,  0,  0,  0,  0,  0,  0,  0,  0,  0,  0,  0,  0,  0,  0,  0,  0,  0,  0,  0,  0, ],
[ 0,  0,  0,  0,  0,  0,  0,  0,  0,  0,  0,  1,  0,  0,  0,  7,  0,  0,  0,  0,  0,  0,  0,  7, ],
[ 0,  0,  0,  0,  0,  0,  0,  0,  5,  0,  0,  0,  0,  1,  0,  0,  0,  0,  0,  0,  0,  0,  0,  0, ],
[ 0,  0,  0,  0,  0,  0,  0,  0,  0,  0, 13,  0,  0,  1,  0, 12,  0,  8,  0,  3,  0,  0,  0,  0, ],
[ 0,  0,  0,  1,  3,  0,  0,  0,  0,  0,  0,  0,  0,  0,  0,  0,  0,  0,  0,  0,  0,  0,  0,  0, ],
[ 0,  0,  0,  0,  0,  0,  0,  0,  0,  0,  0,  0,  0,  0,  0,  0,  0,  0,  0,  7,  0,  0,  0,  0, ],
[ 0,  1,  0,  0,  0,  0,  0,  0,  0,  0,  0,  0,  0, 10,  0,  0,  0,  0,  0,  0,  0,  0,  0,  0, ],
[ 0,  0,  0,  2,  0,  0,  0,  0,  0,  0,  0,  0, 12,  0,  0,  0, 13,  0,  0,  7,  0,  0,  0,  0, ],
[ 0,  0,  0,  0,  0,  0,  0,  0,  0,  0,  0,  0,  0,  0,  0, 11,  0,  0,  0,  0,  0,  0,  0,  0, ],
[ 0,  0,  0,  0, 12,  0,  0,  0,  0,  0,  0,  0,  0,  0,  0,  0,  0,  0,  0,  0,  0,  0,  0,  0, ],
[ 0,  0,  0,  0,  0,  0,  0,  0,  0,  0,  0,  0,  0,  0,  0,  0,  0,  0,  0,  0,  0,  0,  0,  0, ],
[ 0,  0,  0,  0,  0,  0,  9,  0,  0,  0,  0,  0,  0,  0,  0,  0,  0,  0,  0,  0,  0,  0,  0,  0, ],
[ 0,  0,  0,  0,  7,  0,  0,  0,  0,  0,  0,  0,  0,  0,  0,  0,  6,  0,  0,  0,  0,  0,  0,  0, ],
[ 0,  0,  0,  0,  0,  0,  0,  0,  0,  0,  0,  0,  0,  0,  0,  0,  0,  0,  0,  0,  0,  0,  0,  0, ],
[12,  0,  0,  0,  0,  0, 12, 10,  0,  0,  0,  0,  0,  0,  0,  0,  0,  0,  0,  0,  0,  0,  0,  0, ],
[ 0,  0,  0,  0,  0,  0,  0,  0,  0,  0,  0,  0,  0,  0,  0,  0,  0,  0,  0,  0,  0, 10,  0,  0, ],
[ 0,  0,  3,  0,  0,  0,  0,  0,  0,  0,  8,  0,  6,  0,  0,  2,  0,  9,  0,  0,  0,  0,  0,  0, ],
[12,  0,  0,  0,  5,  0,  0,  0,  0,  7,  0,  0,  0,  0,  1,  0,  0,  0,  0,  0,  0,  3,  0,  0, ],
[ 0,  0,  0,  0,  0,  0,  0,  0,  8,  0,  0,  0,  0,  0,  0,  0,  0,  0,  0,  0,  0,  0,  0,  0, ],
[ 0,  8,  0,  0,  0,  0,  0,  0,  0,  0,  0,  0,  4,  0,  0,  0,  0,  0,  4,  0,  0,  0,  0,  0, ],
[ 0, 12,  0,  0,  0,  0, 13,  0,  0,  0,  0,  0,  0,  0,  0,  3,  0,  0,  0,  0,  0,  0,  0,  0, ],
[ 0,  3, 13,  0,  8,  0,  0,  0,  0,  0,  0,  0,  0,  0,  0,  0,  0,  0,  0,  0,  0,  0,  0,  0, ],
[ 9,  0,  0,  0,  0,  0,  0,  0,  0,  0,  0,  0,  0,  0,  0,  0,  0,  8,  0,  0,  0,  0,  0,  0, ],
[ 0,  0,  0,  0,  0,  0,  0,  0,  0,  0, 13,  0,  0,  0,  0,  8,  0,  0,  0,  0,  0,  9,  0,  0, ],
[ 0,  0,  0,  0,  0,  0,  0,  0,  0,  0,  0,  1,  0,  0,  5,  0,  0,  0,  0,  0,  0,  0,  0,  0, ],
[ 0,  0,  0,  0,  0,  0,  0,  0,  0,  0, 13,  0,  0,  0, 14,  0,  0,  0,  0,  0,  0,  0,  0,  0, ],
[ 0,  0,  0,  0, 14,  0,  0,  0,  0,  0,  0,  0,  0,  0,  0,  0,  0,  0,  0,  0,  0,  2,  0,  0, ],
[ 0,  0,  0,  0,  0,  0,  0,  0,  0,  0,  0,  0,  0,  0,  0,  0,  0,  0,  0,  0,  0,  0,  0, 13, ],
[ 0,  0,  2,  0,  0, 11,  0,  0,  0,  0,  0,  0,  2,  0,  0,  0,  0,  0, 12,  8,  0,  0,  0,  0, ],
[ 0,  1,  0,  0,  0, 13,  0,  0,  0,  0,  0,  0,  0,  0,  0,  0,  0,  0,  0,  3,  0,  0,  0,  0, ],
[ 0,  0,  0,  0,  0,  0,  0,  0,  0,  0,  0,  0,  0,  0,  0,  0,  0,  0,  0,  0,  0,  0,  4,  0, ],
[ 0,  0,  0,  0,  0,  0,  3,  5,  0,  0,  0,  0,  0,  0, 14,  0,  0, 10,  0,  0,  0,  0,  0,  0, ],
[ 0,  0,  0,  0,  0,  0,  0,  0,  0,  0,  8,  0,  0,  0,  0,  0,  0,  0,  0,  0,  0,  0,  0,  0, ],
[ 0,  0,  0,  0,  0,  0,  0,  0,  0,  0,  0,  0,  0,  0,  0,  2,  0,  0,  0,  0, 10,  0,  5,  0, ],
[ 0,  0,  0,  0,  0,  0,  0,  0,  0,  0,  0,  0,  0,  0,  0,  0,  0,  0,  0,  0,  6,  0,  0,  0, ],
[ 9,  0,  0,  0,  0,  0,  0, 13,  0,  0,  0,  0,  6,  0,  0,  0,  0,  0,  0, 10,  0,  2,  2,  0, ],
[ 0,  0,  0,  0,  0,  0,  0,  0, 10,  0,  0,  0,  0,  0,  0,  0,  0,  0,  0,  0,  0,  0, 13,  0, ],
[ 0, 11,  0,  0,  0,  4,  0,  0,  0,  0,  1,  0,  0,  0,  0,  0,  9,  0,  0,  0,  0,  0,  0,  0, ],
[ 0,  0,  0,  0, 13,  0,  0,  0,  0,  0,  0,  0,  0,  0,  0,  0, 14,  0,  0,  0,  5,  0,  0,  3, ],
[ 0,  0,  0,  0,  0,  0,  0,  0,  0,  0,  0,  0,  0, 14,  2,  0,  0,  0,  0,  0,  0, 13,  0, 10, ],
[ 0,  0,  0,  0, 14,  0,  0,  0,  0,  0,  0,  0,  0,  0,  0,  0,  0,  0,  0,  8,  0,  0,  0, 10, ],
[ 0,  0,  0,  0,  0,  0,  0,  0,  0,  0,  0,  0,  0,  0,  0,  1,  0,  0,  0,  0,  0,  0,  0,  0, ],
[ 0,  0,  0, 14,  0,  0,  0,  0,  2,  1, 11,  0, 11,  0,  0,  0,  0,  0,  0,  0,  0,  0,  0,  0, ],
[ 0,  0,  0,  1,  0,  8,  0,  0,  0,  0,  0,  0,  0,  0,  0,  0,  0,  0,  0,  0,  0,  0,  0,  0, ],
[ 0,  0,  4,  0,  0,  0,  0,  0,  0, 10,  0,  0,  0,  0,  0,  0,  0,  0,  0,  0,  0,  0,  0,  0, ],
[ 0,  8,  0,  0,  0,  0,  8,  0,  0,  0,  0,  0,  0,  0,  0,  0,  0,  0, 13,  0,  0,  0,  0,  3, ],
[ 1,  0,  6,  0,  7,  0,  0,  0,  0,  0,  0,  0,  0,  0,  2,  0,  0,  0,  0,  0,  0,  0,  0,  0, ],
[ 1,  0,  0,  0,  0,  0,  0,  0,  0,  0,  0,  0,  8,  0,  0,  0,  9,  0,  0, 10,  0,  0,  0,  0, ],
[ 0,  1,  0,  0,  0,  0,  0,  0,  0,  0,  0,  2,  0,  0,  0,  0,  0,  0,  0,  0,  0,  0,  7,  0, ],
[ 0,  0,  0,  6,  0,  0,  0,  0,  0,  0,  0,  0,  0,  0,  0,  0,  0,  0,  0,  0,  0,  0,  0,  0, ],
[ 0,  0,  0,  0,  0,  0,  0,  0,  0,  0,  0,  0,  0,  0,  0,  0,  7,  0,  0,  0, 12,  0,  0,  0, ],
[ 0,  0,  0,  0,  0,  3,  0,  0,  0,  0,  0,  0,  8,  0,  0,  0,  0,  0, 13,  0,  0,  0,  0,  0, ],


[0.0961, -0.2349, ],
[0.0465, -0.3868, ],
[-0.0349, 0.5586, ],
[-0.1862, -0.3307, ],
[0.9367, 0.9738, ],
[0.5352, 0.0320, ],
[-0.6507, -0.9706, ],
[0.6312, 0.3880, ],
[0.8144, 0.2631, ],
[-0.4674, -0.5834, ],
[-0.5818, -0.1935, ],
[-0.0391, 0.0805, ],
[0.3199, 0.6663, ],
[-0.9457, 0.9124, ],
[0.3454, 0.6824, ],
[-0.5962, 0.0052, ],
[0.6504, -0.5363, ],
[0.2454, 0.2336, ],
[0.6457, 0.4461, ],
[-0.0444, -0.6587, ],
[1.0000, 0.6812, ],
[0.3659, -0.3618, ],
[0.6875, 0.0350, ],
[0.3131, -0.7224, ],
[0.5554, 0.0218, ],
[0.0282, 0.1477, ],
[-0.4939, 0.8336, ],
[0.2426, 0.5348, ],
[0.4845, 0.9133, ],
[-0.4292, -0.8836, ],
[-1.0000, 0.3850, ],
[-0.1140, 0.5285, ],
[-0.9151, -0.1754, ],
[0.6046, 0.7869, ],
[0.8905, 0.6937, ],
[-0.5644, 0.2107, ],
[0.5460, 0.3228, ],
[0.3776, 0.0068, ],
[0.3115, 0.6535, ],
[0.9415, 0.5459, ],
[0.6970, 0.3745, ],
[-0.0324, 0.1080, ],
[1.0000, 0.5600, ],
[-0.0891, -0.7013, ],
[0.7990, -0.5946, ],
[-0.7425, 1.0000, ],
[-0.5499, -0.2990, ],
[-0.5134, -1.0000, ],
[-0.4111, -0.7344, ],
[0.9469, 0.8938, ],
[0.4263, 0.4031, ],
[0.6058, 0.0261, ],
[0.0727, -0.9378, ],
[0.1344, 0.8220, ],
[-0.3224, -0.6879, ],
[0.1427, 0.0833, ],
[0.6633, -0.0973, ],
[0.3906, -0.0300, ],
[-0.6714, 0.4906, ],
[-0.4261, -0.3484, ],
[0.6963, -0.1187, ],
[-0.4520, 0.0124, ],
[0.0928, 0.8387, ],
[0.1111, 0.2645, ],
[0.2002, 0.0141, ],
[0.2442, 0.6534, ],
[0.1147, 0.2689, ],
[-0.7931, -0.5872, ],
[-0.7927, 0.0154, ],
[0.5784, 0.6788, ],
[-0.5371, 0.4044, ],
[-0.1885, 0.6907, ],
[0.9099, -0.3915, ],
[0.9652, 0.4162, ],
[0.7598, -0.3740, ],
[-0.6752, -0.1136, ],
[0.6867, 0.3702, ],
[1.0000, 0.3446, ],
[0.2186, -0.0897, ],
[0.9410, 0.2206, ],
[0.4891, 0.7798, ],
[-0.0864, 0.8567, ],
[-0.1946, 0.7653, ],
[-0.5366, -1.0000, ],
[-0.6062, 0.1871, ],
[-0.3933, 0.8162, ],
[-0.1093, 0.7372, ],
[0.9307, 0.4270, ],
[0.5298, -0.9666, ],
[0.2818, -1.0000, ],
[-0.2293, -0.2161, ],
[0.6095, -0.5486, ],
[-0.1894, 0.5829, ],
[-0.7494, -0.1995, ],
[-0.6017, -0.9472, ],
[-0.6191, -1.0000, ],
[-0.6117, 0.5165, ],
[0.4368, -0.6791, ],
[0.9472, 0.1026, ],
[0.3245, -0.7926, ],


[7.0000, ],
[13.0000, ],
[7.0000, ],
[3.0000, ],
[10.0000, ],
[3.0000, ],
[7.0000, ],
[0.0000, ],
[3.0000, ],
[8.0000, ],
[1.0000, ],
[5.0000, ],
[1.0000, ],
[0.0000, ],
[7.0000, ],
[0.0000, ],
[15.0000, ],
[3.0000, ],
[10.0000, ],
[5.0000, ],
[5.0000, ],
[4.0000, ],
[0.0000, ],
[10.0000, ],
[4.0000, ],
[3.0000, ],
[1.0000, ],
[5.0000, ],
[5.0000, ],
[1.0000, ],
[0.0000, ],
[4.0000, ],
[6.0000, ],
[2.0000, ],
[3.0000, ],
[4.0000, ],
[6.0000, ],
[7.0000, ],
[2.0000, ],
[4.0000, ],
[7.0000, ],
[8.0000, ],
[14.0000, ],
[5.0000, ],
[4.0000, ],
[13.0000, ],
[0.0000, ],
[7.0000, ],
[4.0000, ],
[7.0000, ],
[3.0000, ],
[14.0000, ],
[3.0000, ],
[3.0000, ],
[5.0000, ],
[12.0000, ],
[4.0000, ],
[4.0000, ],
[0.0000, ],
[3.0000, ],
[6.0000, ],
[0.0000, ],
[12.0000, ],
[4.0000, ],
[12.0000, ],
[12.0000, ],
[3.0000, ],
[7.0000, ],
[10.0000, ],
[9.0000, ],
[6.0000, ],
[10.0000, ],
[3.0000, ],
[8.0000, ],
[5.0000, ],
[4.0000, ],
[13.0000, ],
[7.0000, ],
[2.0000, ],
[12.0000, ],
[3.0000, ],
[7.0000, ],
[3.0000, ],
[16.0000, ],
[8.0000, ],
[10.0000, ],
[12.0000, ],
[13.0000, ],
[11.0000, ],
[1.0000, ],
[14.0000, ],
[4.0000, ],
[6.0000, ],
[12.0000, ],
[8.0000, ],
[11.0000, ],
[5.0000, ],
[3.0000, ],
[7.0000, ],
[9.0000, ],


