[ 0,  0,  0,  0,  0,  0,  0,  0,  0,  0, 11,  0,  0,  0,  0,  0,  0,  0,  0,  0,  0,  2,  0,  0, ],
[ 0,  0,  0,  0,  0,  0,  0,  6,  0,  8,  0,  0,  0,  0,  0,  0,  0,  0,  0,  0,  0,  0,  0,  0, ],
[ 0,  0,  0,  0,  5,  0,  0,  0, 13,  0,  0,  0,  0,  0,  0,  0,  0,  0,  0,  0,  0,  0,  0,  0, ],
[ 0,  2,  0,  0,  0,  0,  0,  0,  0,  0,  0,  0,  2,  0,  0, 10,  0,  0,  0,  0,  0,  0,  0,  0, ],
[ 0,  0, 13,  0,  0,  0,  8,  0,  0,  0,  0,  0,  0,  0,  0,  2,  0,  0,  0, 11,  0,  0,  0,  0, ],
[ 0,  0,  0,  0,  0,  0,  4,  0,  0,  0,  9,  0,  0,  0,  0, 11,  0,  0,  0,  0,  0,  0,  0,  0, ],
[ 0,  0,  0, 13,  0,  0,  0,  0,  0,  5,  0,  0,  0,  0,  0,  0,  0,  0,  0,  0,  0,  0,  0,  0, ],
[ 0,  0,  0,  0,  0,  0,  0,  0,  0,  0,  0,  7,  0,  0,  0,  0, 12,  0,  1,  0,  9,  0,  0, 13, ],
[ 0,  0,  3,  0,  0,  0,  0,  0,  0,  0,  1,  0,  0,  0,  0,  0,  0,  0, 11,  0,  0,  0,  0,  0, ],
[ 0,  0,  5,  0,  0,  0,  0,  0,  0,  0,  0,  0,  0,  0,  0,  0,  0,  0,  7,  8,  0,  0,  0,  0, ],
[ 0,  0,  0,  0,  0,  0,  0,  3,  0,  8,  0,  0,  0,  0,  0,  0,  0,  0,  0,  0,  0,  0,  0,  0, ],
[ 0,  0,  0,  0,  0,  0,  0,  0,  0,  0,  0,  0,  0,  0,  0,  0,  0,  0,  0,  0,  0,  0,  0,  0, ],
[ 0,  0,  0,  0, 13,  0,  0,  0,  0,  0,  0,  0,  0,  0,  0,  0,  0,  0,  0,  0,  0,  0,  0,  0, ],
[ 0,  0,  0,  0,  0,  0,  0,  0,  0,  0,  0,  0,  0,  0,  0,  2,  0,  0,  0,  0,  0,  0,  0,  0, ],
[ 0,  0,  2,  0, 11,  0,  0,  0,  0,  0,  0,  0,  0,  0,  0,  0,  0,  0,  0,  2,  0,  0,  0,  0, ],
[ 0,  0,  0,  0, 14,  0,  0,  0,  0,  0,  8,  0,  0,  2,  0,  0,  7,  0,  8,  0,  0,  0,  0,  0, ],
[ 0,  0,  0,  6,  7,  0,  3,  0,  0,  6,  0,  0,  0,  0,  0,  0,  0, 11,  7,  0,  0,  0,  0,  0, ],
[ 0,  0,  0,  0,  0,  0,  0,  0,  0,  0,  0,  0,  0,  0,  0,  0,  5,  0,  0,  5,  0,  0,  0,  0, ],
[ 0,  0,  0,  0,  0, 10,  0,  0,  0,  0,  0,  0,  0,  5,  0,  0,  0,  0,  0,  0, 11,  0,  0,  5, ],
[ 0,  0,  0,  0,  0,  0,  0,  0,  0,  0,  0,  0,  0,  0,  0,  0,  0,  0,  0,  0,  0,  0,  0,  0, ],
[ 4,  0,  0,  0,  0,  0,  3,  0,  0,  0,  0,  0,  0,  0,  0,  0,  0,  0,  0,  0,  0,  0,  0,  0, ],
[ 0,  0,  0,  0,  0,  0,  0,  0,  0,  0,  0, 10,  0,  0,  0,  0,  0,  0,  0,  0,  3,  0,  0,  0, ],
[ 0,  0,  0,  0,  0,  0,  3,  0,  0,  0,  0,  0,  0,  0,  0,  0,  0,  0,  0,  0,  0,  0,  0,  0, ],
[ 2,  0, 12,  0,  0,  0,  0,  0,  4,  0,  0,  0,  0,  1,  4,  0,  0,  0,  0,  0,  0,  0,  0,  0, ],
[ 0,  0,  0,  2,  0,  0,  0,  0,  0, 13,  0,  0,  2,  0,  0,  0,  3,  0,  0,  0,  0,  0,  4,  0, ],
[ 0,  0,  0,  0,  0,  0,  5,  0,  1,  0,  0, 14,  0,  0, 10,  0,  0,  0,  0,  0,  3,  5,  0,  0, ],
[ 8,  0,  0,  0,  0,  0,  0,  0,  0,  7,  0,  0,  0,  0,  2,  0,  0,  0,  0,  0,  0,  7,  0,  0, ],
[ 0,  0,  0,  8,  0,  7,  0,  0,  0,  0,  0,  0,  0,  0,  0,  0,  0,  0,  1,  0,  8,  0,  7,  0, ],
[ 0,  0,  1,  0,  1,  0,  0,  0,  0,  3,  0,  0,  0,  0,  2,  0,  0,  0,  0,  5,  0,  0,  0,  0, ],
[ 0,  0,  0,  0,  0,  0,  0,  0,  0,  0,  0, 12,  0,  0,  0,  0,  0,  0,  0,  2,  0,  0,  0,  0, ],
[ 0,  0,  0,  0,  0,  0,  0, 11,  0,  0,  0,  0,  0,  0,  0,  1,  0,  0,  0,  0,  0,  0,  1,  0, ],
[ 0,  0,  0,  0,  0,  0,  0,  0,  0,  0,  0,  1,  0, 14,  0,  0,  0,  0,  0,  0,  0,  0,  0,  0, ],
[ 0,  0,  0,  0,  0,  0,  0,  1,  0,  0,  0,  0,  0,  0,  0,  0,  0,  0,  0,  0,  9,  2,  0,  0, ],
[ 0,  0,  0,  0,  0,  9,  3,  0,  8, 11,  0,  0,  0,  0,  0,  0,  0,  0,  0,  0,  0,  0,  0,  0, ],
[ 0,  0,  0,  0,  0,  0,  0,  0,  0,  0,  0,  0,  7,  0,  0,  0,  0,  3,  0,  0,  0,  0,  0,  0, ],
[ 0,  1,  0,  0,  0,  0,  0,  0,  0,  0,  0,  0,  0,  0,  0,  0, 12,  0, 14,  0,  0,  8,  0,  0, ],
[ 0,  0,  0,  0,  0,  0,  0,  0,  0,  0,  0,  0,  0,  0,  0,  0,  0,  0,  0,  0,  0,  0,  0,  0, ],
[ 0,  0,  0,  0,  0,  0,  0,  0,  4,  0,  3,  0,  0,  0,  0,  0,  0,  0, 11,  0,  0,  0,  0,  0, ],
[ 0,  0,  0,  0,  0,  0,  0,  0,  0,  0,  0,  8,  0,  0,  0,  0,  0, 12,  0,  0,  0,  0,  0,  0, ],
[ 0,  0,  0, 13,  0,  0,  0,  2,  0,  0,  0,  0,  0,  0,  0,  0,  0,  0,  0,  0,  0,  0,  0,  0, ],
[ 0,  9,  0,  0,  0,  7,  0,  0,  0,  0,  0,  2,  0,  0,  0,  0,  4,  0,  0,  0,  0,  0,  0,  0, ],
[ 0,  0,  0,  2,  0,  0,  0,  0,  0,  0,  0,  0,  8,  0,  0,  0,  0,  0,  0,  0,  0,  0,  0,  0, ],
[ 0,  0,  0,  0,  0,  0,  0,  0,  0,  0,  0,  0,  0,  0,  0,  0,  0,  0,  0,  0,  0,  0,  0,  2, ],
[ 0,  0,  0,  0,  0,  0,  0,  0,  0,  0,  0,  0,  0,  0,  0,  0,  0,  0,  0,  0,  0,  0,  0,  0, ],
[ 0,  0,  0,  0,  0,  0,  0,  0,  0,  0,  0,  0, 14,  0,  0,  0,  0,  0,  0,  0,  0,  0,  0,  0, ],
[ 0,  0,  0,  0,  0,  0,  0,  0,  0,  0,  0,  0,  0,  0,  0,  0,  0,  0,  0,  2,  9,  0,  0,  0, ],
[ 0, 10,  0,  0,  0,  4,  0,  0,  0,  0,  0,  0,  0,  0,  0,  0,  0,  0,  0,  0,  0,  0,  0,  0, ],
[ 0,  0,  0,  0,  0,  0,  0,  0,  0,  0,  0,  0, 11,  0,  0,  0,  0,  0,  0,  0,  0,  0,  0,  0, ],
[ 0,  0,  0,  8,  8,  0,  0,  0,  0,  0,  0,  0,  0,  0,  0,  0, 13,  0,  0,  0,  0,  0,  0,  0, ],
[ 0,  0,  0,  0,  0,  0,  0,  0,  0,  0,  0,  0,  0,  0,  0,  0,  0,  0,  0,  0,  0,  0,  0,  0, ],
[ 0,  0,  0,  0,  0,  0,  0,  0,  0,  0,  0,  0,  0,  0,  0,  0,  0,  0,  0,  0,  0, 10,  0,  0, ],
[ 0,  0,  0,  0,  0,  0,  0,  0,  0,  0,  0,  2,  0,  0,  0,  0,  0,  0,  0,  0,  0,  0,  7,  0, ],
[ 0,  0,  0,  0,  0,  0,  0,  0,  0,  0,  0,  0,  0,  0,  0,  0,  0,  0,  0,  0,  0,  0,  0, 12, ],
[ 0,  0,  0,  0,  0,  0,  0,  0,  6,  0,  0,  0,  0,  0,  0,  0,  0,  0,  0,  0,  0,  0,  0,  0, ],
[ 0,  0,  0,  0,  0,  0,  0,  0,  0,  0,  0,  0,  2,  0,  0, 11,  0,  0,  0,  0,  0,  1,  0,  0, ],
[ 0,  0,  0,  0,  0,  0,  0,  0,  0,  3,  0, 14,  0,  0,  0,  0,  0,  0,  0,  0, 13,  0,  0,  0, ],
[ 0,  0,  0,  0,  0,  0,  1,  0,  0,  0,  0,  0,  0,  0,  0,  0,  0,  0,  0,  0,  0,  0,  0, 11, ],
[ 0,  0,  0,  0,  0,  0,  0,  0,  0,  0,  0,  0,  0,  0, 13,  0,  0,  0,  0,  0,  0,  0,  0,  8, ],
[ 0,  0,  0,  0,  0,  0,  5,  0,  0,  0,  2,  0, 12,  0,  0, 14,  0,  0,  0,  0,  0,  0,  0,  0, ],
[ 0,  0,  3,  0,  0,  0,  0,  0,  9,  0,  0,  9, 13,  0,  0,  0,  0,  0,  0,  0,  0,  0,  0,  0, ],
[ 0,  0,  0,  0,  0,  0,  0,  0,  0,  0,  0,  0,  0,  0,  8,  0,  0,  0,  0,  0,  0,  0,  0,  0, ],
[ 0,  0,  0,  0,  0,  0,  0,  0,  0,  0,  0,  0,  0, 11,  0,  0,  0,  0,  0,  0,  0,  0,  7, 14, ],
[ 0,  0,  0,  0,  0, 10,  0,  0,  0,  0,  0,  0,  0,  0,  0,  0,  0,  0,  0,  0,  0,  0,  0,  0, ],
[ 0,  0,  0,  0,  0,  0,  0,  0,  0,  0,  9,  0,  0, 13,  0,  0,  0,  0,  0,  0,  0,  0,  0,  0, ],
[ 0,  0,  0,  0,  0,  0,  0,  0,  4,  0,  0,  0,  0,  0,  0,  0,  0,  0,  0,  0,  0,  0,  0,  0, ],
[ 0,  0,  0,  0,  0,  2,  0,  0,  0,  0,  0,  0,  0,  0,  0, 10,  0,  0,  0,  0,  0,  0,  0,  0, ],
[ 0,  0,  0,  0,  0,  0,  0,  0,  0,  0,  0,  0,  0,  0,  0,  0,  0,  0,  0,  0,  0,  0,  0,  0, ],
[ 0,  0,  0,  5,  0,  0,  0,  0,  0,  0,  0,  0, 12,  0,  0,  0,  0,  2,  0,  0,  0,  0,  0,  0, ],
[ 0,  0,  0,  0,  0,  0,  0,  0,  0,  0,  0,  0,  0,  0,  0,  0,  0,  0,  0,  0,  1,  0,  0,  5, ],
[ 0,  0,  4,  0,  0,  0,  0,  7,  0,  0,  0,  0,  0,  0,  7,  0,  0,  0,  0,  0,  0,  3,  0,  0, ],
[ 0,  0,  0,  0,  0,  4,  0,  5,  0,  0,  0,  0,  0,  0,  0,  0,  0,  0,  0,  0,  0,  0,  0,  0, ],
[ 0,  0,  0,  0,  0,  0,  0,  0,  0,  0,  0,  0,  7,  0,  0,  0,  0,  0,  0,  0,  0,  0,  0,  0, ],
[ 0,  0,  0,  7,  0,  0,  0,  0,  0,  0,  0,  0,  0,  0,  0,  0,  0,  0,  0,  0,  7,  0,  0,  0, ],
[ 0,  0,  0,  0,  0,  0,  0,  0,  0,  0,  0,  0,  0,  0,  0,  0,  0,  0,  0,  0,  6,  0,  0,  0, ],
[11,  0,  0,  0,  0,  0,  0,  0,  0, 13,  0,  0,  0,  0,  1,  0,  0,  0,  0, 12,  0,  0,  0,  0, ],
[ 0,  0,  0,  0, 12,  0,  0,  0,  0,  0,  7,  0, 11,  0, 14,  0,  0, 12,  0,  0,  1,  0,  0,  0, ],
[ 0,  0,  0,  0,  0,  0,  0,  0,  0,  0,  0,  0,  0,  2,  0,  0,  0,  0,  0,  0,  0,  0,  0,  4, ],
[ 0,  0,  0,  0,  0,  0,  0,  0,  0,  0,  0,  0,  0,  0,  3,  0,  0,  0,  5,  0,  0,  0,  0,  0, ],
[ 0,  0,  0,  2,  0,  0,  0,  0,  9,  0,  0,  0,  6,  0,  0,  0,  3,  0,  0,  0,  0,  0,  0,  0, ],
[ 0,  3,  0,  0,  0,  0,  0, 12,  0,  0,  0,  0,  0,  0,  0,  0,  0,  0,  0,  0,  7,  0,  0,  0, ],
[ 0,  0,  0,  0,  0,  0, 14,  0,  0,  0,  0,  0,  0,  0,  0,  0,  0,  0,  0,  9,  0,  0,  0,  0, ],
[ 0,  0, 12,  0,  0,  8,  0,  0, 10,  0,  0,  0,  0,  0,  0,  0,  0,  0,  0,  0,  0,  0,  0,  0, ],
[ 1,  1,  0,  0,  0,  0,  0,  0,  0,  0,  0,  0,  0,  0,  0,  0,  0,  0,  8,  0,  0,  0,  0,  0, ],
[ 0,  0,  0,  4,  0,  0,  0,  0,  0,  0,  0,  0,  0,  0,  0,  0,  0,  0,  0,  0,  0,  8,  0,  0, ],
[ 0,  0,  0,  0,  2, 14,  0,  0,  0,  0,  0,  0,  0,  0,  0,  0,  0,  0,  0,  0,  0,  0,  0,  0, ],
[ 0, 13,  0,  0,  0,  0,  0,  0,  0,  0,  0,  0,  0,  0,  0,  0,  9,  0,  0,  4,  0,  0,  0,  8, ],
[ 0,  0,  0,  0,  0,  0,  0,  0,  0,  0,  0,  0,  0,  8,  0,  0,  1,  0,  0,  0,  0,  0,  0,  0, ],
[ 9,  0,  0,  0,  0,  9,  0,  0,  0,  0,  0,  0,  0,  0,  0,  0,  0,  0,  0,  0,  0,  0,  0,  0, ],
[ 0,  0,  0,  0,  0,  0,  0,  0,  0,  0,  0, 14, 13,  0,  0,  0,  0,  0,  0,  0,  0,  0,  0,  0, ],
[ 0,  0,  0,  0,  0,  0,  0,  0,  0,  0,  0,  0,  0,  0,  0,  0,  0,  0,  0,  0,  0,  0,  0,  0, ],
[ 0,  9,  0,  0,  0,  0,  0,  0,  0,  0,  0,  0,  0,  0,  0, 12,  0,  0,  0,  0,  0, 14,  0,  8, ],
[ 0,  0,  0,  0,  0,  9,  0,  0,  0,  0,  0,  0,  0,  0,  0,  0,  2,  0,  0,  0,  0,  0,  0,  0, ],
[14,  0,  0,  0,  0,  0,  0,  0,  0,  0,  0,  0,  0, 11,  0,  0,  0,  0,  7,  0,  0,  0,  0,  0, ],
[ 0,  0,  0,  0,  0,  0,  0,  0,  0,  7,  0,  0,  5,  0,  0,  0,  0,  0,  0,  0,  0,  0,  0,  0, ],
[ 0,  0,  0,  0,  5,  0,  0,  0,  0,  0,  0, 10,  0,  0,  0, 11,  0,  0,  0,  0,  0,  0,  9,  0, ],
[ 0,  0,  0,  0,  0,  0,  0,  0,  0,  0,  0,  0,  0,  0,  0,  0,  2,  0,  9,  0,  0,  0,  0,  0, ],
[ 0,  0,  0,  0,  0, 11,  0,  0,  0,  0,  0,  0,  0,  0,  0,  0,  0,  5,  0,  0,  0,  0,  0,  0, ],
[ 0,  0,  0,  0,  0,  0,  0,  0,  0,  0,  8,  0,  0,  0,  0,  0,  0,  0,  0,  0,  0,  0,  4,  0, ],
[ 0,  0,  0,  0,  0,  0,  0,  0,  0,  0,  0,  0,  0, 14,  0,  0,  0,  0,  0,  0,  0,  0,  0,  0, ],
[ 0,  0,  0,  0,  0,  0,  0,  0,  0, 14,  0,  0, 10,  0,  0,  0,  0,  0,  0,  0,  0,  0,  0,  0, ],


[0.6455, 0.8350, ],
[0.3375, -0.4012, ],
[-0.2301, 0.4022, ],
[0.9054, -0.1731, ],
[0.8429, 0.4262, ],
[0.7531, -0.0244, ],
[-0.3627, -0.5230, ],
[0.1667, -0.8898, ],
[-0.2204, 0.3737, ],
[0.8359, -0.6859, ],
[0.5413, 0.3545, ],
[0.7746, -0.3437, ],
[0.1711, 0.1397, ],
[0.4698, -0.2419, ],
[0.2809, -0.4045, ],
[-0.2534, 1.0000, ],
[1.0000, -0.9050, ],
[0.1898, -0.8308, ],
[-0.1030, 0.6343, ],
[-0.6328, -0.4584, ],
[1.0000, 0.6110, ],
[-0.0437, 0.5424, ],
[-0.9943, 0.9917, ],
[0.3830, -0.7033, ],
[0.4312, -0.9551, ],
[0.5011, 1.0000, ],
[-0.3995, -0.4995, ],
[-0.2368, 0.7520, ],
[-0.1733, 0.2109, ],
[0.7167, 0.7384, ],
[0.1775, 0.1992, ],
[-0.0655, 0.5525, ],
[-0.7445, 0.1563, ],
[0.1035, 0.9311, ],
[-0.3905, 0.0018, ],
[0.0124, -0.6216, ],
[0.1438, 0.4590, ],
[0.0955, -0.4593, ],
[-0.2790, -0.0774, ],
[0.1213, 0.5481, ],
[-0.1243, -0.9484, ],
[-0.7156, -0.4283, ],
[0.0643, 0.3461, ],
[-0.0193, 0.3194, ],
[0.7378, 0.6555, ],
[0.7533, 0.8712, ],
[0.2194, -0.1793, ],
[-0.2332, -0.5423, ],
[-0.8879, -0.0461, ],
[0.8335, 0.9004, ],
[0.3666, 0.2109, ],
[0.2243, -0.1649, ],
[0.3603, 0.7448, ],
[0.1948, -0.2400, ],
[0.1154, 0.8106, ],
[0.6156, -0.6947, ],
[0.7171, -0.2467, ],
[-0.2559, 0.0550, ],
[-0.5178, -0.7750, ],
[-0.9192, -0.8912, ],
[0.6540, -0.6018, ],
[-0.4854, -0.8835, ],
[-0.1494, 0.3482, ],
[-0.7522, -0.5111, ],
[0.0504, 0.7639, ],
[0.8080, -0.1108, ],
[0.1793, 0.7565, ],
[-0.6663, -0.1161, ],
[-0.0563, 0.8862, ],
[0.7419, -0.0917, ],
[-0.6506, 0.5414, ],
[0.1472, 0.6669, ],
[0.2692, -0.8851, ],
[1.0000, 0.2265, ],
[-0.2109, -0.3705, ],
[0.3874, -0.1754, ],
[0.2095, -0.4520, ],
[0.2438, 0.2400, ],
[0.2186, 0.7328, ],
[-0.1587, 0.2564, ],
[-0.7787, 0.7116, ],
[0.8821, -0.8160, ],
[-0.7303, -0.2958, ],
[0.3223, 0.8567, ],
[0.5278, -0.3467, ],
[0.8917, 0.1818, ],
[0.0671, 0.2596, ],
[0.8279, 0.7825, ],
[-0.3512, 0.4009, ],
[0.3450, -0.1133, ],
[0.5228, 0.5454, ],
[0.7561, -0.6967, ],
[0.7637, -0.5069, ],
[-0.4454, -1.0000, ],
[-0.7664, -0.3757, ],
[-0.6783, -0.5593, ],
[-0.8376, 0.6736, ],
[-0.1812, -0.5477, ],
[-0.2834, 0.0603, ],
[0.0266, 0.2430, ],


[5.0000, ],
[6.0000, ],
[6.0000, ],
[6.0000, ],
[12.0000, ],
[9.0000, ],
[6.0000, ],
[15.0000, ],
[7.0000, ],
[8.0000, ],
[5.0000, ],
[0.0000, ],
[4.0000, ],
[1.0000, ],
[6.0000, ],
[14.0000, ],
[18.0000, ],
[4.0000, ],
[12.0000, ],
[0.0000, ],
[4.0000, ],
[6.0000, ],
[2.0000, ],
[10.0000, ],
[10.0000, ],
[15.0000, ],
[10.0000, ],
[13.0000, ],
[7.0000, ],
[5.0000, ],
[6.0000, ],
[5.0000, ],
[5.0000, ],
[12.0000, ],
[5.0000, ],
[12.0000, ],
[0.0000, ],
[8.0000, ],
[7.0000, ],
[5.0000, ],
[9.0000, ],
[4.0000, ],
[1.0000, ],
[0.0000, ],
[4.0000, ],
[4.0000, ],
[6.0000, ],
[4.0000, ],
[10.0000, ],
[0.0000, ],
[4.0000, ],
[4.0000, ],
[4.0000, ],
[3.0000, ],
[6.0000, ],
[10.0000, ],
[5.0000, ],
[7.0000, ],
[11.0000, ],
[12.0000, ],
[3.0000, ],
[11.0000, ],
[4.0000, ],
[7.0000, ],
[2.0000, ],
[5.0000, ],
[0.0000, ],
[7.0000, ],
[3.0000, ],
[10.0000, ],
[4.0000, ],
[3.0000, ],
[6.0000, ],
[3.0000, ],
[13.0000, ],
[20.0000, ],
[3.0000, ],
[4.0000, ],
[9.0000, ],
[9.0000, ],
[7.0000, ],
[11.0000, ],
[5.0000, ],
[5.0000, ],
[5.0000, ],
[12.0000, ],
[4.0000, ],
[6.0000, ],
[8.0000, ],
[0.0000, ],
[14.0000, ],
[4.0000, ],
[11.0000, ],
[5.0000, ],
[13.0000, ],
[4.0000, ],
[6.0000, ],
[5.0000, ],
[4.0000, ],
[8.0000, ],


