[ 0,  0,  0,  0,  0,  0,  0, 11,  0,  0,  9,  0,  0,  0,  0,  0,  0, 11,  1,  0,  0,  0,  0,  0, ],
[ 0,  0,  0,  0,  0,  0,  0,  0,  0,  0,  0,  0,  0,  0,  0,  0,  2,  0,  0,  0,  0,  0,  0,  0, ],
[ 0,  0,  4,  1,  0,  0, 12,  0,  0,  0,  0,  0,  0,  0,  0,  0,  0,  2,  0,  0,  0,  0,  0,  0, ],
[ 0,  0,  0,  0,  0,  0,  0,  0,  0,  0,  0,  3,  0,  0,  0,  0,  0,  0,  0,  0,  0,  0,  0,  0, ],
[ 0,  0,  0,  0,  0,  0,  0,  0,  0,  0,  0,  0,  0,  0,  0,  0,  0,  0,  0,  0,  0,  2,  0,  0, ],
[ 0,  0,  0,  1,  0,  0,  5, 14,  0,  0,  0,  0,  0,  0,  0,  5,  0,  0,  0,  0,  0,  0,  0,  0, ],
[ 0,  0,  0,  0,  0,  0,  0,  0,  0,  0,  0,  0,  0,  3,  0,  2,  0,  0,  0,  0,  0,  0,  0,  0, ],
[ 0,  0,  0,  0,  0,  8,  0,  0,  0,  0,  0,  0,  0,  0,  0,  8,  0,  0,  0,  0,  0,  0,  0,  0, ],
[ 0,  0,  0,  0,  0,  0,  0,  0,  0,  0,  0,  0,  0,  0,  0, 10,  0,  0,  2,  0,  2,  0,  0,  0, ],
[ 0,  0,  0,  0,  0,  0,  0,  0,  0,  0, 11,  0,  0,  0,  0,  0,  0,  0,  0,  0,  0,  5,  0,  0, ],
[ 0,  1,  0,  0,  0,  0,  0,  0,  0,  3,  0,  2,  0,  0,  0,  0,  0,  0,  0,  0,  0,  0,  0,  0, ],
[ 0,  0,  0,  0,  0,  0,  0,  0,  0,  0,  0,  0,  0,  0,  8,  0,  0,  0,  0,  0,  0,  0,  0,  0, ],
[ 0,  0,  0,  0,  0,  0,  0,  0,  0,  0,  0,  0,  0,  0,  0,  0, 13,  0,  0,  0,  0,  0,  0,  0, ],
[ 0,  0,  0,  0,  0,  0,  0,  2,  0,  0,  0, 12,  0,  0,  0,  0,  0,  0,  0,  0,  0,  0,  0,  0, ],
[ 0,  0,  0,  0,  0,  0,  0,  6,  0,  0,  0,  0,  0,  0,  0,  0,  0,  0,  1,  0,  0,  0,  0,  0, ],
[ 0,  0,  5,  0,  5,  0,  0,  0,  0,  0,  0,  0,  0,  0,  3,  0,  0,  0,  0,  0,  0,  0,  0, 14, ],
[ 0,  6,  0,  0,  0,  0,  0,  0,  0,  0,  0,  0,  9,  0,  0,  0,  7,  0,  0,  0,  0, 13,  0,  0, ],
[ 0,  0,  0,  0,  0,  0,  0,  0,  0,  0,  0,  0,  0,  0,  0,  0,  0,  0,  0,  0,  0, 10,  0,  0, ],
[ 0,  0,  0,  0,  0,  0,  0,  0,  0,  0,  0,  0,  0,  0,  0,  0,  0,  0,  0,  0,  0,  0,  0,  0, ],
[ 0,  0,  0,  0,  0,  0,  0,  0,  0,  0,  0,  0,  0,  0,  0,  0,  0,  0,  0,  0,  0,  0,  0,  0, ],
[10,  0,  0,  0,  0,  0,  0,  0,  0,  0,  0,  0,  0,  0,  0,  0,  0,  0,  0,  0,  0,  0,  0,  0, ],
[ 0, 12,  0,  0,  0,  0,  8,  0,  0,  0,  0,  0,  0,  0,  0,  0,  0,  0,  0,  0,  0,  0,  0,  0, ],
[13, 13,  0,  0, 12,  0,  0,  0,  7,  0,  0,  0,  0,  0,  0,  0,  0,  0,  0,  0,  0,  0,  0,  9, ],
[ 0,  0,  0,  0,  0,  0,  0,  0,  0,  0,  0,  3,  0,  0,  0,  0,  0,  0,  0,  0,  0,  0,  0,  0, ],
[ 0,  0,  0,  0,  7,  0,  0,  0,  0,  0,  0,  0,  0,  0,  0,  2,  0,  0,  0,  0,  0,  0,  0,  0, ],
[ 0,  0,  5,  0,  0,  0,  0,  0,  0,  0,  0,  0,  0,  0,  0,  0,  8,  0,  0,  0,  0,  0,  0,  0, ],
[ 0, 10, 12,  0,  0,  0,  8,  0,  0,  0,  0,  1,  0,  0,  0,  0,  0,  0,  0,  0, 12,  0,  4,  0, ],
[ 1,  0,  0,  0,  0,  0,  0,  0,  0,  0,  0,  0,  0, 12,  0,  0,  0,  0,  0,  0,  0,  1,  0,  0, ],
[ 0,  8,  0,  0,  0,  5,  0,  0,  0,  0,  0,  0,  0,  0,  0,  0,  0,  1,  0,  0,  0,  0,  0,  0, ],
[ 0,  0,  0,  0,  0,  0,  0,  0,  0,  0, 14,  0,  0,  0,  0,  0, 12,  0,  5,  0,  0,  0,  0,  0, ],
[ 0,  0,  0,  2,  0,  0,  0,  0,  0,  0,  0,  0,  0,  0,  0,  0,  0,  0,  0,  0,  0,  0,  0,  0, ],
[ 0, 12,  6,  0,  0,  0,  0,  0,  0,  0, 12,  0,  0,  0,  0,  0,  0,  7,  0,  0,  0,  0,  0,  0, ],
[ 0,  0,  0,  0,  0,  4,  0,  0,  0,  0,  0,  0,  0,  0,  0,  0,  0,  0,  0,  0,  0,  0,  0,  0, ],
[10,  0,  0,  0,  0,  0,  9,  0, 10,  0,  0, 14,  0,  0,  0,  0,  0,  0,  0,  0,  0,  0,  0,  0, ],
[ 0,  8,  0,  0,  0,  0,  0,  0,  0,  0,  0,  0,  0,  0,  0,  0, 11,  0,  0,  0,  0,  0,  0,  4, ],
[ 0,  6,  0,  0,  0,  0,  0,  0,  0,  0,  0, 10,  0,  0,  0,  0,  2,  1,  0,  0,  0,  0,  2,  0, ],
[ 0,  0,  0,  0,  9,  0,  0,  8, 11,  0,  0,  0,  0,  0,  0,  0,  0,  0,  0,  0,  0,  0,  0,  0, ],
[ 0,  0,  0,  0,  0,  1,  0,  0,  0,  6,  0,  0,  0,  0,  0,  0,  0,  0,  8,  0,  0,  0,  0,  0, ],
[ 0,  0,  0,  0,  3,  0,  0,  1,  0,  0,  0,  0,  0,  0,  0,  0,  0,  0,  0,  0,  0,  0,  0,  0, ],
[ 0,  0,  0,  0,  0,  0,  0,  0,  0,  0,  0,  0,  0,  0,  0,  0,  0,  0,  0,  0,  0,  0,  0,  0, ],
[ 0,  0,  0,  0,  0,  0,  0,  0,  0,  0,  8,  0, 13,  0,  0,  3,  0,  0,  0,  0,  0,  0,  2,  0, ],
[ 0,  0,  0,  0,  0,  0,  0,  0,  0, 10,  0, 10,  0,  0,  0,  0,  0,  0,  0,  0,  0,  0,  0,  0, ],
[ 0,  0,  0,  0,  0,  0,  0,  0,  0,  0,  0, 12,  0,  0,  0, 10,  0,  0,  0,  0,  0,  0,  0,  0, ],
[ 0,  0,  0,  0,  0,  0,  0,  0,  5,  0,  0,  0,  0,  0,  0,  0,  0,  0,  0,  0,  5,  0,  0,  0, ],
[ 0,  0,  0,  0,  0,  0,  0,  0,  0,  0,  0,  0,  0,  0,  0,  0,  2,  0,  0,  1,  0,  0,  0,  0, ],
[ 0,  0,  0,  0,  0,  0,  0,  0,  0,  0,  0,  0,  0,  0,  4,  0,  0,  0,  0,  0,  0,  0,  0,  0, ],
[ 0, 11,  0, 14,  0,  0,  0,  0,  0,  0,  0,  0,  0,  0,  0,  0,  0, 11,  0,  0,  0,  0,  0, 10, ],
[12,  0,  0,  0,  0,  0,  0,  0,  0,  0,  0,  0,  0,  0,  0,  0,  0,  0,  0,  0,  0,  0,  0,  0, ],
[ 0,  0,  0,  8,  0,  0,  0,  0,  0,  0,  0,  3,  0,  0,  0,  0,  0,  0,  0,  0,  0,  0,  0,  0, ],
[ 0,  0,  0,  0,  0,  0,  0,  0,  0,  0,  0,  0,  0,  0,  0,  0,  0,  0,  0,  0,  0,  0,  0,  0, ],
[ 0,  0,  0,  0,  0,  0,  0,  0,  7,  0,  0,  0,  0,  0,  0,  0,  0,  0,  0,  0,  0,  0,  0,  0, ],
[ 0, 14,  0,  0,  0,  0,  0,  7,  0,  3,  0,  0,  2,  0,  0,  7,  0,  0, 13,  0,  0,  0,  0,  1, ],
[ 0,  0,  0,  7,  0,  2,  0,  0,  0,  0,  0,  0,  0,  0,  0, 14,  0,  0,  0,  0,  5,  0,  0,  0, ],
[ 0,  0,  0,  0, 12,  0,  0,  0,  0,  0,  0,  0,  0,  0,  0,  0,  0,  9,  0,  0,  0,  0,  0,  0, ],
[ 7,  0,  0,  0,  0,  0,  0,  0,  0,  0,  0,  0,  0,  9,  0,  0,  0,  0,  0,  0,  0,  0,  0, 14, ],
[ 0,  0,  0,  0,  0,  0,  0,  0,  6,  0,  6,  0,  0,  0,  0,  0,  0,  0,  0,  0,  0,  0,  0,  0, ],
[ 0,  0,  0,  0, 13,  0,  0,  0,  0,  0,  0,  0,  5,  0,  0,  0,  0,  0,  0,  0,  0,  0,  4,  0, ],
[ 0,  0,  0,  0,  0,  0,  5,  0,  0,  0,  0,  0,  0,  0,  0,  0,  0,  0,  0,  0,  4,  0,  0,  0, ],
[ 0,  0,  0,  0,  0,  0,  0,  0,  0,  0,  0,  0,  0,  0,  0,  0,  0,  0,  0,  0, 11,  0,  0,  0, ],
[ 0,  0,  6,  0,  0,  0,  0,  1,  0,  5,  0,  0,  0,  0,  0,  4,  0,  0,  0,  0,  0,  0,  0,  0, ],
[ 0,  0,  0,  0,  0,  0,  0,  0,  0,  0,  0,  0,  0,  0,  0,  5,  7,  0,  0,  0,  0,  0,  0,  0, ],
[ 0,  0,  0, 14,  0,  0,  0,  0,  0,  0,  9,  0,  0,  0,  0,  0,  0,  0,  0,  0,  0,  0,  0,  0, ],
[ 0,  0,  0,  0,  0,  0,  0, 10,  5,  0,  0,  0,  0,  0,  0,  0, 12,  0,  0, 14,  0,  0, 10,  0, ],
[ 0,  0,  0,  0,  0,  7,  0,  0,  0,  0, 14,  0,  0,  0,  0,  0,  0,  0,  0,  0,  0,  0,  0,  0, ],
[ 0,  0,  0,  0,  0,  0,  0,  0,  0,  0,  0,  0,  6,  0,  0,  0,  0,  0,  0,  0,  0,  0,  0,  0, ],
[ 0,  0,  0,  0,  0,  0,  4,  0,  0,  0,  0, 13,  0,  0,  0,  0,  0,  0,  0,  0,  0,  0,  0,  0, ],
[ 0,  0,  0,  0,  0,  0,  5,  0,  0,  0,  0,  0,  0,  0,  0,  0,  0,  0,  0,  0,  0, 13,  0,  0, ],
[14,  0,  0,  0,  0,  0,  0,  0,  0,  0,  0,  0,  5,  0,  0,  0,  0,  0,  5,  0,  0,  0,  0,  0, ],
[ 0,  0,  0,  0,  0,  0,  0,  0,  0, 13,  0,  6,  0, 13,  0,  0,  0,  0,  0,  6,  0,  0,  0,  0, ],
[ 0,  0,  2,  0,  0,  0,  0,  0,  7,  0,  9,  0,  0,  0,  0,  0,  3,  2,  0,  0,  0,  0,  0,  0, ],
[ 0,  0,  0,  0,  0,  0,  0,  0,  0,  0,  0,  0,  0,  0,  0,  0,  0,  8,  0,  0,  0,  0,  0,  0, ],
[ 0,  0,  0,  3,  3,  0,  0,  0,  0,  0,  0,  0,  0,  0,  0,  0,  0,  0,  0,  0,  0,  9,  0,  0, ],
[13,  0,  0,  0,  0,  0,  0,  0,  0,  0,  0,  0,  0,  0,  0,  0, 10,  0,  0,  0,  0,  8,  0,  0, ],
[ 0,  0,  0,  0,  0,  0, 11,  0,  0,  0,  5,  0,  0,  0,  0,  0,  0,  0,  0,  0,  0,  0,  0,  0, ],
[ 0, 12,  0,  0,  0,  0,  0,  0,  0,  0,  0,  0,  0,  0,  0,  0,  0,  0,  0,  0,  0,  0,  0,  0, ],
[ 0,  0,  8,  0,  0,  0,  0,  0,  0,  0,  7,  0, 13,  0,  0, 11,  0,  0,  0,  0,  0,  0,  0,  0, ],
[ 0,  0,  0,  0,  0,  0,  0,  0,  0,  0,  8,  0,  0,  0,  0,  0,  0,  0,  0,  0,  1,  0,  0,  0, ],
[ 0,  0,  0,  0,  0,  0,  0,  0,  0,  0,  8,  0,  0, 14,  0,  0,  0,  0,  0,  0,  0,  0,  0,  0, ],
[12,  0,  0,  0,  0,  0,  5,  0,  0,  0,  0, 10,  0,  0,  0,  0,  0,  0,  0,  0,  0,  0,  4,  0, ],
[ 0,  8,  0,  0,  5,  0,  4,  0,  0,  0,  0,  0,  0,  0,  0,  0,  0,  0,  0,  0,  0,  0,  0,  5, ],
[ 0,  0,  0,  0,  0,  0,  0,  0,  0,  0,  0,  0,  0,  0,  0,  0,  0,  0,  0,  0,  0,  0,  0,  0, ],
[ 0,  0,  0,  0,  0,  0,  0,  0,  0,  0,  0,  0,  0,  0,  0,  2,  0,  5,  0,  0,  0,  0, 10,  0, ],
[ 0,  0,  0,  0,  0,  0,  0,  0,  0,  0,  8, 14,  0,  0,  0,  0,  0,  0,  0,  0,  6,  0,  0,  0, ],
[ 9,  0,  0,  0,  0,  9,  0,  0,  0,  0,  0,  0,  0,  0,  0,  0,  0,  0,  0,  5,  0,  0,  0,  0, ],
[ 0,  0,  0,  0,  0,  0,  0,  0,  0,  0,  0,  0,  0,  6,  0,  0,  0,  0,  0,  0,  0,  0,  0,  7, ],
[ 0,  0,  0,  0,  0,  0,  0,  0,  0,  8,  0,  0,  0,  0,  0,  0,  0,  0,  0,  0,  0,  0,  0,  0, ],
[ 0,  0,  0,  1,  0,  0,  0, 14,  0,  9,  0, 11,  2, 11,  0,  0,  0,  0,  0,  0,  0,  0, 10,  9, ],
[ 0,  0,  0,  0,  0,  0,  0,  0,  0,  0,  0,  0,  0,  8,  0,  0,  0,  0, 12,  0,  0,  0,  0,  0, ],
[ 0,  0,  0,  0,  0,  0,  0,  0,  0,  0,  0,  0,  0,  0,  0,  0,  0,  0, 12,  0,  0,  0,  0,  0, ],
[ 0,  0,  0,  0,  0,  0,  0,  0,  0,  0,  0,  0,  0,  0,  0,  0,  0,  0,  0,  0,  0,  0,  0,  9, ],
[ 0,  0,  0,  0,  0,  0,  0,  0,  0,  1,  0,  4,  0,  0,  0,  0, 11,  0,  0,  0,  0,  0,  1,  0, ],
[ 0,  0,  0,  0,  4,  0,  0,  0,  1,  0,  0,  0,  0,  0,  0,  0,  0,  0,  0,  0,  0,  0,  8,  0, ],
[ 0,  9,  0,  0,  0,  0,  0,  5,  0, 12,  0,  0,  0,  0,  0,  0,  0,  0,  0,  0,  0,  8,  0,  0, ],
[ 0,  7,  0,  0,  0,  0,  0,  0,  0,  0,  0,  0,  5,  0,  9,  0,  0,  0,  0,  0,  0,  0,  9,  3, ],
[ 0,  0,  6,  0,  0,  0,  0,  0,  0,  8,  0,  0,  0,  0,  2,  0, 14,  0,  0,  0,  0,  0,  0,  0, ],
[ 0,  0,  0,  0,  0,  0,  0,  4,  0,  0,  3,  0,  0,  0,  0,  0,  2,  0,  0,  0,  0,  0,  0,  0, ],
[ 0,  0,  0,  0,  0,  0,  0,  0,  0,  0,  0,  0,  0,  0,  0,  0,  0,  0,  6,  0,  0,  0,  0, 14, ],
[ 0,  0,  0, 13,  0,  0,  0,  0,  0,  0,  0,  0,  0,  1,  0,  0,  0,  0,  0,  0,  0,  0,  0,  0, ],
[ 0,  0,  0,  0,  0,  0,  0,  0,  7,  0,  0,  0,  0,  0,  0,  0,  0,  0,  0,  0,  0, 11,  0,  0, ],
[ 0, 11,  0,  0,  0,  0,  0,  0,  0,  0, 13,  0,  0,  0,  0,  0,  0, 11,  0,  0,  0,  0,  0,  0, ],


[0.8373, -0.1349, ],
[-0.4739, -0.5940, ],
[0.0353, 0.8734, ],
[0.4408, -0.0329, ],
[0.8429, 0.5228, ],
[0.4674, 0.0298, ],
[-0.3035, 1.0000, ],
[0.5614, 0.2742, ],
[-0.1719, -0.4691, ],
[-0.3931, 0.2671, ],
[-0.5993, -0.1459, ],
[-0.0690, -0.4763, ],
[-0.6506, -0.6936, ],
[0.3726, 0.4002, ],
[0.2040, 0.7229, ],
[-0.7902, -0.1563, ],
[0.6662, 0.9807, ],
[0.2413, 0.2338, ],
[0.6397, 0.6538, ],
[0.1787, -0.9796, ],
[0.9982, 0.1192, ],
[0.3197, -0.7261, ],
[0.6455, 0.0350, ],
[0.2796, -0.4832, ],
[0.6989, 0.0694, ],
[-0.5386, 0.3426, ],
[-0.3995, 0.6077, ],
[-0.5369, 0.9413, ],
[0.4287, 0.2451, ],
[0.6412, -0.5533, ],
[0.2714, 0.3463, ],
[-0.0235, 0.6651, ],
[-1.0000, -0.0321, ],
[0.5630, 0.7110, ],
[0.2077, 0.0018, ],
[-0.6564, 0.2107, ],
[0.4175, 1.0000, ],
[0.4975, -0.2506, ],
[0.1948, 0.9093, ],
[0.6207, 0.6986, ],
[0.7050, 0.3745, ],
[0.0428, 0.2506, ],
[0.7551, -0.1699, ],
[0.2252, -0.8002, ],
[0.6351, -0.1700, ],
[0.1251, -0.2189, ],
[-0.7641, 0.5568, ],
[0.1290, 0.8086, ],
[-0.1974, -0.3849, ],
[0.9469, 0.8131, ],
[0.1294, 0.8595, ],
[0.6058, -0.3425, ],
[0.4474, 0.5026, ],
[-0.0158, -0.6137, ],
[-0.3224, -0.1347, ],
[0.1697, -0.0461, ],
[0.5710, -0.2339, ],
[-0.8270, 0.0229, ],
[-0.7450, 0.4195, ],
[0.2754, -0.4915, ],
[0.6642, 0.5407, ],
[-0.5625, -0.0315, ],
[0.1313, 0.1975, ],
[0.4113, 0.4816, ],
[0.5625, 1.0000, ],
[-0.3260, -0.8109, ],
[0.6616, 0.7541, ],
[0.4341, -0.4834, ],
[0.6442, 0.0154, ],
[0.4888, -0.2419, ],
[0.5769, 0.5082, ],
[-0.6598, 0.2127, ],
[0.7949, -0.2267, ],
[-0.0012, 0.4844, ],
[0.7616, -0.6344, ],
[-0.7828, -0.9398, ],
[-0.8061, 0.6277, ],
[0.9861, 0.9704, ],
[0.4669, 0.3249, ],
[-0.4125, -0.2558, ],
[-0.9511, 0.4890, ],
[-0.4057, 0.4018, ],
[-0.1946, 0.7302, ],
[-0.5363, 0.7749, ],
[-0.6865, -0.0491, ],
[-0.6411, -0.4797, ],
[0.0636, -0.6675, ],
[0.9307, 0.6807, ],
[-0.1138, -0.6787, ],
[0.4270, -0.4269, ],
[-0.4310, -0.2793, ],
[0.4862, -0.2290, ],
[-0.1894, 0.5289, ],
[0.8583, -0.2466, ],
[-0.6069, -0.9472, ],
[0.0713, -0.3599, ],
[-0.5974, 0.1208, ],
[0.4632, -0.5417, ],
[0.8717, 0.2534, ],
[0.3531, 0.4876, ],


[12.0000, ],
[1.0000, ],
[8.0000, ],
[2.0000, ],
[1.0000, ],
[9.0000, ],
[3.0000, ],
[6.0000, ],
[6.0000, ],
[6.0000, ],
[4.0000, ],
[3.0000, ],
[4.0000, ],
[5.0000, ],
[4.0000, ],
[10.0000, ],
[13.0000, ],
[4.0000, ],
[0.0000, ],
[0.0000, ],
[4.0000, ],
[7.0000, ],
[18.0000, ],
[2.0000, ],
[4.0000, ],
[5.0000, ],
[18.0000, ],
[6.0000, ],
[6.0000, ],
[10.0000, ],
[1.0000, ],
[14.0000, ],
[2.0000, ],
[15.0000, ],
[9.0000, ],
[10.0000, ],
[10.0000, ],
[7.0000, ],
[3.0000, ],
[0.0000, ],
[10.0000, ],
[8.0000, ],
[8.0000, ],
[4.0000, ],
[2.0000, ],
[2.0000, ],
[16.0000, ],
[4.0000, ],
[5.0000, ],
[0.0000, ],
[3.0000, ],
[18.0000, ],
[10.0000, ],
[7.0000, ],
[10.0000, ],
[6.0000, ],
[8.0000, ],
[4.0000, ],
[4.0000, ],
[8.0000, ],
[5.0000, ],
[7.0000, ],
[18.0000, ],
[7.0000, ],
[3.0000, ],
[6.0000, ],
[6.0000, ],
[8.0000, ],
[14.0000, ],
[10.0000, ],
[3.0000, ],
[7.0000, ],
[11.0000, ],
[6.0000, ],
[4.0000, ],
[14.0000, ],
[4.0000, ],
[7.0000, ],
[12.0000, ],
[9.0000, ],
[0.0000, ],
[7.0000, ],
[10.0000, ],
[8.0000, ],
[6.0000, ],
[3.0000, ],
[24.0000, ],
[7.0000, ],
[4.0000, ],
[3.0000, ],
[8.0000, ],
[6.0000, ],
[12.0000, ],
[13.0000, ],
[11.0000, ],
[5.0000, ],
[7.0000, ],
[5.0000, ],
[7.0000, ],
[12.0000, ],


