[ 4,  0,  0,  0,  0,  0,  0,  0,  0,  0,  0,  0,  0,  0,  0,  0,  0,  0,  0,  0,  0,  0,  0,  0, ],
[ 0,  0,  2,  6,  0,  0,  0,  5,  0,  0,  0,  0,  0,  0,  0,  3,  0,  0,  0,  0,  0,  0,  0,  0, ],
[ 0,  0,  0, 11,  0,  0,  1,  0,  0,  0,  0,  0,  0,  0,  0,  0,  0,  0,  8,  0,  0,  0,  0,  0, ],
[ 0,  0,  0,  0,  0,  0,  0,  9,  0,  0,  0,  0,  0,  7,  0,  0,  0,  0, 14,  0,  0,  0,  0,  0, ],
[ 0,  0,  0,  0,  0,  0,  0,  0,  0,  0,  0,  0,  0,  0,  0,  0,  0,  0,  0,  0,  0,  0,  0,  0, ],
[ 0,  0,  0,  0, 14,  0,  0,  0,  0,  0, 14,  0,  0,  0,  0,  0,  0,  0,  0,  0,  0,  0,  0,  0, ],
[ 0,  8, 11,  0,  0,  0,  0,  0,  0,  0,  0,  0,  0,  0,  0,  0,  0,  0,  0,  0,  0,  0,  6,  0, ],
[ 0,  0,  0,  0,  0,  0,  0,  0,  0,  0, 10,  7,  0,  0,  0,  0,  0,  0,  0,  0,  0,  0,  0,  0, ],
[ 0,  0,  0,  0,  0,  0,  0,  0,  0,  0,  0,  0,  0,  0,  0,  0,  0,  0,  0,  0,  3,  0,  0,  0, ],
[ 0,  0,  0,  0,  0,  0,  6,  0,  0,  0,  3,  4,  0,  0,  0,  0,  0,  0,  0,  3,  0,  0,  0,  0, ],
[ 0,  0,  0,  0,  0,  0,  0,  0,  0, 11,  0,  7,  5,  0,  0,  0,  9,  0,  0,  0,  0,  0,  0,  0, ],
[ 0,  0,  0,  0,  0,  0,  0,  0,  0,  0,  0,  0,  0,  0,  3,  0,  0,  0,  0,  0,  0,  0,  0,  0, ],
[ 0,  0,  2,  0,  0,  0,  0,  0,  0,  0,  0,  0,  0,  2,  0,  0,  0,  0,  8,  0,  0,  0,  0,  0, ],
[ 3, 13,  0,  0,  0,  0,  0,  0,  0,  0,  0,  0,  0,  0,  0,  0, 12,  0,  0,  0,  0,  0,  0,  0, ],
[ 0,  0,  0,  0,  0,  0,  0,  0,  5,  0,  0,  0,  0,  0,  2,  0,  0,  0,  0,  0,  0,  0,  0,  0, ],
[ 0,  0,  0,  0,  0,  0,  0,  0,  0,  0,  0,  0,  0,  0,  5,  5,  0,  0,  0,  0,  0,  0,  0,  0, ],
[ 0,  8,  0,  0,  0,  0,  0, 14,  0,  0,  5,  0,  0,  0,  0,  0,  0,  0,  2,  0,  0,  0,  0,  0, ],
[11,  7,  0,  0,  0,  0,  0,  0,  0,  0,  0,  0,  0,  0,  0,  0,  0,  0,  0,  0,  0, 10,  0,  0, ],
[ 0,  0,  0,  0,  0, 10, 12,  0,  0,  0,  0,  0,  0,  0,  0,  0,  0,  0,  2,  0,  0,  0, 11,  0, ],
[ 0,  0,  0,  0,  0,  0,  0,  0,  0,  0,  0,  0,  9,  0,  0,  0,  0,  0,  0,  0,  0,  0,  0,  0, ],
[ 0,  0,  0,  3,  0,  0,  0,  0,  0,  0,  0,  0,  7,  0,  0,  0,  0,  0,  0,  0, 14,  0,  0,  0, ],
[ 0,  0,  0,  0,  0,  0,  0,  0,  0,  0,  0,  0,  0,  0,  0,  0,  0,  0,  0,  0,  0,  0,  0,  0, ],
[ 0,  0,  0,  0,  0,  0,  0,  0,  0,  0,  0,  0,  0,  2,  5,  0,  0,  0,  0,  0,  0,  0,  0,  0, ],
[ 0,  0,  0,  0,  0,  0,  0,  0,  0,  0, 14,  0,  0,  0,  0,  0,  0,  0,  0,  0,  0,  0,  0,  0, ],
[ 0,  0,  0,  4,  0,  0,  0,  0,  0,  0,  0,  0,  0,  0,  0,  0,  0,  0,  0,  0,  0,  0,  0,  0, ],
[ 0,  0,  0,  0,  2,  0,  0,  0,  0,  0,  0,  0,  0,  0,  0,  0,  0,  0,  0,  0,  0,  0,  0,  0, ],
[ 0,  0,  0,  0,  0,  0,  0,  0,  0,  8,  0,  0,  0,  0,  0,  0,  0,  0,  5,  0,  0,  0,  0,  0, ],
[10,  0,  0,  0,  8,  0,  0,  6,  0,  0,  0,  0,  0,  0,  0,  4,  0,  0,  0,  0,  9,  4,  0,  0, ],
[ 6,  0,  0,  0,  0,  0,  0,  0,  0,  0,  0,  0,  0,  0,  0,  0,  0,  0,  0,  0,  0,  0,  0,  0, ],
[ 0,  4,  0,  0,  0,  0,  0,  0,  0,  0,  0,  0,  0,  0,  6,  0,  0,  0,  0,  0,  0,  0,  0,  0, ],
[ 0,  0,  0,  0,  0,  0,  2,  0,  0,  0,  0,  0,  0,  0,  0,  0,  0,  0,  0,  0,  0,  0,  0, 13, ],
[ 0, 10,  0,  5,  0,  0,  0,  0,  0,  0,  0,  0,  0,  2,  0,  0,  0,  0,  0,  0,  0,  0,  0,  0, ],
[ 0,  0,  0,  0,  0,  0,  0,  0, 12,  0,  0,  0,  0,  0,  0,  0,  0,  0,  0,  0,  0,  0,  0,  0, ],
[ 0,  0,  0,  0,  0,  0,  0,  0,  0,  0,  0,  0,  0,  0,  0,  0, 13,  0,  0,  0,  0,  0,  0,  0, ],
[ 0,  0,  0,  0,  0,  0,  0,  0,  9,  0,  0, 11,  0,  0,  0,  0,  0,  0,  0, 11,  0,  0,  0,  0, ],
[ 7,  9,  0,  0,  0,  0,  9,  7,  0,  0,  0,  0,  0,  0,  0,  0, 14,  0,  0,  0,  0,  0,  0,  0, ],
[ 0,  0,  0,  0,  0,  9,  0,  0,  0,  0,  0,  0,  0,  0,  0,  0,  0,  0,  0,  0,  8,  0,  0,  0, ],
[ 0,  0,  0,  0,  6,  0,  0,  0,  0,  0,  0,  0,  0,  0,  0,  0,  0,  0,  0,  0,  0,  0,  0,  0, ],
[ 0,  5,  0,  1,  0,  0,  0,  0, 14,  0,  0,  0,  0,  0,  0,  0,  0,  0,  0,  0,  0,  0,  1,  0, ],
[ 0,  0,  0,  0,  0,  0,  0,  0,  0,  0,  0,  0,  0,  0,  0,  0,  0,  0,  0,  0,  0,  0,  0,  0, ],
[ 0,  0,  0, 13,  4,  0,  0,  0,  0,  0,  0,  0,  0,  0,  0,  6,  5,  0,  0,  0,  0,  0,  0,  0, ],
[ 0,  0,  0,  0,  0,  0,  0,  0,  0, 10,  0, 10,  0,  0,  0,  0,  0,  0,  0,  0,  0,  0,  0,  0, ],
[ 0,  0,  0,  0,  0,  0,  2,  0,  0,  1,  0,  5,  0, 11,  0,  0,  0,  0,  0,  0,  0,  0,  0,  0, ],
[ 0,  0,  0,  0,  0,  0,  0,  9,  0,  0, 13,  0,  0,  0,  0,  7,  0,  0,  0,  0,  0, 11,  0,  0, ],
[ 0,  0,  0,  0,  0,  0,  0,  0,  0,  0, 12,  0,  0,  0,  0,  0,  0,  0,  7,  0,  0,  0,  0,  0, ],
[ 0,  0,  1,  2,  0,  4,  0,  0,  0,  0,  0,  0,  0,  2,  0,  0,  0,  9,  0,  0,  0,  0,  0,  0, ],
[ 0,  0,  0,  0,  0,  0,  0,  0,  7,  0,  0,  0,  0,  0,  0,  0,  0,  0,  0,  0,  0,  0,  4,  0, ],
[ 0,  0,  0,  0,  1,  0,  0,  4,  0, 12,  0,  0,  0,  0,  0, 10,  0,  0,  0,  0,  0,  1,  0,  0, ],
[ 0,  0,  8,  5, 13, 12,  3,  3,  0,  0,  0,  0,  0,  0, 13,  0,  0,  0,  0,  0,  0,  0,  0,  0, ],
[ 0,  0,  0,  0,  5,  0,  0,  0,  0,  0,  0,  0,  0,  0, 12,  0,  0,  0,  0,  0,  0,  0,  0,  0, ],
[ 0,  0,  0,  0,  0,  0,  0,  0,  0, 14,  0,  0,  0,  0,  0,  0,  0,  0,  0,  0,  0,  0,  0,  0, ],
[ 0,  0,  0,  0,  0,  4,  0,  0,  6,  0,  0,  0,  0,  0,  0,  0,  0,  0, 13,  0,  0,  0,  0,  0, ],
[ 0,  8,  0,  0,  1,  0,  0,  0,  0,  0,  0,  0,  0,  0,  0,  0,  0,  0,  0,  0,  0,  0,  0,  0, ],
[ 0,  0,  0,  0,  0,  0,  0,  0,  0,  0,  0,  0,  0,  0, 13,  0,  0,  0,  0,  0,  0,  0,  0,  0, ],
[ 0,  0,  0,  0,  0,  0,  0,  0,  0,  0,  0,  0,  0,  0,  0,  0,  0,  0,  0,  0,  0,  0,  0,  0, ],
[ 0,  0,  0,  0,  0, 12,  0,  0,  0,  0,  0,  0,  0,  0,  0,  0,  0,  0,  0,  7,  0,  0,  0,  0, ],
[ 0,  0,  0,  0,  0,  0,  1,  0,  0,  0,  0,  0,  0,  0,  0,  0,  0,  0,  0,  0,  0,  0,  0,  0, ],
[ 0,  0,  0,  0,  0,  0,  0,  0, 10,  0,  0,  0,  0,  0,  0,  0,  0,  0,  0,  0,  0,  0,  0,  0, ],
[ 0,  0,  0,  0,  0,  0,  0,  0,  0, 14,  0,  0,  0,  0,  0,  0,  0,  2,  0,  0,  0,  0,  0,  0, ],
[ 0,  0,  0, 12,  0,  0,  0,  0,  0, 12,  0,  0,  0,  1,  0,  9, 14,  0,  0,  0,  0,  0,  0,  0, ],
[13,  0,  0, 14, 14,  0,  0,  0,  0,  0,  0,  0,  0,  0,  0,  0,  0,  0,  0,  0,  0,  0,  0,  0, ],
[ 0,  0,  9,  0,  0,  0,  0,  0,  0,  0,  9,  0,  7,  0,  0,  0,  0,  0,  0,  0,  0, 11,  0,  0, ],
[ 0,  0, 11,  0,  9,  0,  0,  0,  0,  0,  0,  0,  0,  0,  0,  0,  0,  0,  0,  0,  0,  0,  0,  0, ],
[ 0,  0,  0,  0,  0,  0,  0,  0,  0,  0,  0,  0,  0, 13,  6,  6,  0,  0,  0,  0,  0, 11,  0,  0, ],
[ 0,  0,  0,  0,  0,  0,  0,  0,  0,  0,  0,  0,  8,  0,  0,  0,  0,  0,  0,  0,  5, 14,  0, 14, ],
[ 0,  0,  0,  0,  0,  0, 13,  0,  0,  0,  0,  0,  0,  0,  0,  0,  0,  0,  0,  0,  0,  0,  0,  0, ],
[ 0,  0,  0,  0,  0,  0,  0,  0,  0,  0,  0,  0,  0,  0,  0,  0,  0,  0,  0,  0,  0,  0,  0,  0, ],
[ 0,  0,  0,  0,  9,  0,  0,  0, 12,  0,  0,  0,  0,  0,  0,  8,  0,  0,  0,  0,  0,  0,  0,  0, ],
[ 0,  0,  0,  0,  0,  0, 12,  0,  8,  0,  0,  0,  0,  0,  6,  0,  0,  0,  0,  0,  0,  0,  0,  0, ],
[ 4,  0,  0,  0, 11,  0,  0,  0,  0,  0,  0,  9,  0,  0,  0,  0,  0,  0,  2,  0,  0,  0,  0,  0, ],
[ 0,  0,  0,  2,  0,  0,  0,  0,  0,  0,  0,  1,  0,  0,  0,  0,  0,  9,  0,  0,  0, 13,  0,  0, ],
[ 0,  0,  0,  0,  0,  0,  0,  0,  0,  0, 13,  0,  0,  0,  0,  8,  0,  0,  3,  0,  0,  9,  6,  0, ],
[ 0,  0,  0,  0, 12,  0,  0,  0,  0,  0,  0,  0,  2,  0,  0,  0,  0,  0,  0, 14,  0,  0,  0,  0, ],
[ 0,  0,  5,  0,  0,  4, 10,  0,  0,  0,  0,  0,  0,  0,  0,  0,  0,  0,  0,  0,  0,  8,  0,  7, ],
[ 0,  0,  0,  0,  0,  0,  0,  0,  0,  0,  0,  0,  0,  0,  0,  0,  0,  0,  0,  0,  0,  0,  0,  0, ],
[ 0, 11,  0,  0,  0,  6,  4,  0,  0,  0,  0,  0,  0,  0,  0,  0,  0,  0,  0,  0,  0,  0,  7, 13, ],
[ 0,  0,  0,  0,  0,  0,  0,  0,  8,  0,  0,  0,  0,  0,  0,  0,  0,  0,  0,  0,  0,  0,  0,  0, ],
[ 0,  0,  0,  0,  0,  0,  0,  0,  0,  0,  0,  0,  0,  0,  0,  0,  0,  0,  9,  0,  0,  0,  0,  0, ],
[ 0,  0,  0,  0,  0,  0,  0,  0,  0,  0,  0,  4,  0,  0,  0,  0,  0,  0, 12,  0,  0,  0,  4,  0, ],
[ 0,  0,  0,  0,  0,  0,  4,  0,  0,  8,  0,  0,  0,  0,  0,  0,  1,  0,  0,  0,  0,  0,  8,  0, ],
[ 0,  1,  0,  0,  0,  4,  0,  0,  0,  0,  0,  0,  0, 11,  0,  0,  0,  0,  0,  0,  0,  0,  0,  0, ],
[ 0,  0,  4,  0,  7, 14,  0,  0,  0,  0,  0,  0,  0,  0,  0,  0,  0,  0,  0,  0,  0,  0,  0,  0, ],
[ 0,  0,  0,  0,  0,  0,  0,  0,  0,  0,  0,  0,  0,  0,  0,  0,  0,  0,  0,  0,  0,  0,  0,  0, ],
[ 0,  0,  0,  0,  0,  0,  0,  0,  4,  0,  0,  0,  0,  0,  0,  5,  0,  0,  7,  0,  0,  0,  0,  0, ],
[ 0,  2,  0,  0,  0,  0,  0,  0,  0,  0,  0,  0,  0,  0,  0,  0,  0,  0,  0,  0,  0,  0,  0,  0, ],
[ 0,  0,  0,  0,  0,  0,  0,  0,  0,  0,  0,  0,  0,  0,  0,  0,  0,  0,  0,  0,  0, 13,  0,  0, ],
[ 0,  0,  0,  0, 10,  0,  5,  0,  0,  0,  0,  0,  0,  3,  0,  0,  0, 12,  0,  6,  5,  3,  0,  3, ],
[ 0,  0,  0,  0,  5,  0,  0,  0,  0,  0,  0,  0,  0, 14,  0,  0,  0,  0,  0,  0,  0,  0,  0,  0, ],
[ 0,  0,  0,  0,  0,  0,  0,  0,  0,  0,  0,  0,  0,  0,  3,  0,  0,  0,  0,  0,  0,  0,  4,  0, ],
[ 0,  0,  0,  0,  0,  0,  0,  0,  0,  0,  0,  0,  0,  0,  0,  0,  0,  0,  0,  0,  0,  0,  0,  0, ],
[ 0,  0,  0,  2,  0,  0,  0,  0,  2,  9,  0,  5,  0,  0,  4,  5,  0,  0,  0,  0,  0,  0,  0,  0, ],
[ 0,  0,  0,  0,  0, 11,  0,  0,  0,  0,  0,  0,  0,  0,  0,  0,  0,  0,  0,  0,  0,  0,  0,  0, ],
[ 0,  0,  0,  0,  0,  0,  0,  0,  0,  0,  0,  0,  0,  0,  0,  0,  0,  0,  0,  0,  5, 13,  0,  0, ],
[ 0,  8,  0,  0,  0,  0,  0,  0,  0,  0, 13,  0,  5,  0,  0,  0,  0,  0,  0,  0,  0,  0, 12,  0, ],
[ 1,  0,  6,  0,  0,  0,  0, 12,  0,  0,  0,  0,  0,  0,  0, 10,  0,  0,  0,  0,  0, 10,  0,  0, ],
[ 0,  0,  0,  0,  0,  0,  0, 14,  8,  0,  0,  0,  1,  0,  0,  0,  0,  0,  0,  0,  0,  0,  0,  3, ],
[ 0,  0,  0,  0,  0,  0,  0,  0,  0,  9,  0,  2,  0,  0,  0,  0,  0,  0,  0,  0,  9, 13,  0,  0, ],
[ 0,  0,  0,  0,  0,  0,  0,  0,  0,  0,  0,  7,  0, 14,  0,  0, 13,  0,  0,  0,  0,  0,  0,  0, ],
[ 0,  2,  0, 10,  0,  0,  0,  0,  0,  1,  0,  0,  9,  0,  0,  0,  0,  0,  8, 13,  0,  0,  0,  0, ],
[ 0,  0,  0,  0,  0,  0,  0,  0,  0,  0,  0,  6,  0,  0,  0,  0,  0,  0,  0,  0,  0,  0,  0,  0, ],


[0.2746, -0.1402, ],
[-0.1796, -0.2687, ],
[-0.0916, 0.5207, ],
[0.9054, -0.2037, ],
[-0.2837, 0.9738, ],
[0.5352, -0.0152, ],
[-0.5738, 0.5184, ],
[0.2706, 0.3927, ],
[-0.0996, 0.3882, ],
[-0.1811, 0.2671, ],
[-1.0000, 0.0284, ],
[-0.0702, 0.0805, ],
[-0.6785, -0.1424, ],
[0.4778, 0.4955, ],
[0.5748, 0.4680, ],
[-0.5729, -0.1375, ],
[0.7780, -0.8371, ],
[-0.0164, -0.7338, ],
[0.5040, 0.4641, ],
[-0.1299, -0.2208, ],
[0.6977, 0.6812, ],
[-0.5637, -0.5770, ],
[0.3797, 0.5094, ],
[0.3830, -0.2972, ],
[0.6480, -0.7265, ],
[0.2180, -0.0819, ],
[0.5163, 0.5325, ],
[-0.6628, 0.4948, ],
[0.4287, 0.3133, ],
[0.4400, 0.4905, ],
[-1.0000, 0.1160, ],
[-0.1846, 0.5525, ],
[0.6718, 0.0778, ],
[0.5404, 0.7791, ],
[0.2871, 0.7838, ],
[-0.6487, 0.1841, ],
[-0.7749, -0.4212, ],
[0.3837, -0.2547, ],
[1.0000, -0.4119, ],
[1.0000, 0.8526, ],
[0.6042, -0.8416, ],
[0.0428, 0.2168, ],
[0.8008, 0.4143, ],
[0.8610, -0.9636, ],
[0.1784, -0.0537, ],
[0.5321, -0.2669, ],
[0.1599, -0.2990, ],
[0.1119, 0.4626, ],
[0.0642, -0.7344, ],
[0.9346, 0.3947, ],
[0.5296, -0.8525, ],
[0.4124, -0.0042, ],
[0.4960, -0.9092, ],
[0.1308, -0.8502, ],
[0.3877, -0.9871, ],
[0.5846, -0.2681, ],
[0.8205, -0.0065, ],
[0.3906, -0.0088, ],
[-0.8141, 0.4610, ],
[0.3278, -0.5154, ],
[0.4738, 0.1864, ],
[0.1679, 0.1719, ],
[0.0928, 0.1063, ],
[0.1835, 0.2645, ],
[0.9972, 0.9493, ],
[0.3234, 0.5784, ],
[0.0189, 0.8956, ],
[0.3649, -0.9074, ],
[-0.7091, 0.1008, ],
[0.7172, -0.1397, ],
[-0.5371, 0.5265, ],
[-0.7051, 0.4304, ],
[0.4606, 0.2776, ],
[-0.0571, -0.3212, ],
[0.4584, 0.8478, ],
[-0.9381, -0.0340, ],
[0.7378, 0.1568, ],
[0.8922, -0.0013, ],
[0.2186, 0.1335, ],
[0.9410, -0.5896, ],
[-0.3575, 0.1949, ],
[-0.4323, 0.3887, ],
[-1.0000, -0.2238, ],
[0.0197, 0.7448, ],
[-0.1671, -0.0058, ],
[-0.4199, -0.4322, ],
[0.2680, -0.6675, ],
[0.6638, -0.0975, ],
[0.4172, -0.7490, ],
[0.6374, -0.4950, ],
[-0.4867, -0.2380, ],
[-0.1319, -0.4066, ],
[-0.1326, 0.6049, ],
[0.6764, -0.3812, ],
[-0.8524, -0.8868, ],
[-0.5468, -0.0964, ],
[-0.7111, 0.1487, ],
[0.6690, 0.6118, ],
[0.6764, 0.1989, ],
[0.3245, 0.8596, ],


[2.0000, ],
[8.0000, ],
[8.0000, ],
[10.0000, ],
[0.0000, ],
[8.0000, ],
[10.0000, ],
[7.0000, ],
[2.0000, ],
[9.0000, ],
[12.0000, ],
[2.0000, ],
[5.0000, ],
[10.0000, ],
[3.0000, ],
[4.0000, ],
[10.0000, ],
[11.0000, ],
[13.0000, ],
[3.0000, ],
[9.0000, ],
[0.0000, ],
[3.0000, ],
[4.0000, ],
[2.0000, ],
[1.0000, ],
[5.0000, ],
[17.0000, ],
[3.0000, ],
[5.0000, ],
[5.0000, ],
[7.0000, ],
[4.0000, ],
[4.0000, ],
[11.0000, ],
[16.0000, ],
[6.0000, ],
[3.0000, ],
[8.0000, ],
[0.0000, ],
[11.0000, ],
[8.0000, ],
[8.0000, ],
[14.0000, ],
[7.0000, ],
[8.0000, ],
[5.0000, ],
[12.0000, ],
[21.0000, ],
[6.0000, ],
[4.0000, ],
[9.0000, ],
[4.0000, ],
[4.0000, ],
[0.0000, ],
[7.0000, ],
[1.0000, ],
[4.0000, ],
[5.0000, ],
[16.0000, ],
[12.0000, ],
[13.0000, ],
[7.0000, ],
[14.0000, ],
[13.0000, ],
[4.0000, ],
[0.0000, ],
[10.0000, ],
[10.0000, ],
[10.0000, ],
[9.0000, ],
[15.0000, ],
[9.0000, ],
[14.0000, ],
[0.0000, ],
[16.0000, ],
[3.0000, ],
[3.0000, ],
[8.0000, ],
[9.0000, ],
[7.0000, ],
[9.0000, ],
[0.0000, ],
[7.0000, ],
[1.0000, ],
[4.0000, ],
[21.0000, ],
[6.0000, ],
[4.0000, ],
[0.0000, ],
[11.0000, ],
[4.0000, ],
[6.0000, ],
[13.0000, ],
[16.0000, ],
[10.0000, ],
[11.0000, ],
[11.0000, ],
[16.0000, ],
[3.0000, ],


