[ 4,  0,  0,  0,  0,  0,  0,  0,  0,  7,  0,  0,  0,  0,  0,  0,  0,  9,  0,  0,  0,  0,  0,  0, ],
[ 3,  0,  0,  0,  0,  0,  0,  0,  0,  0,  0,  0,  0,  0,  0,  0,  0,  0,  0,  0,  0,  0,  0,  0, ],
[ 0,  0,  0,  0,  0,  0,  0,  0,  0,  2,  6,  0,  0,  0,  0,  0, 13,  0,  0,  3,  0,  0,  0,  0, ],
[ 0,  0,  0,  0,  0,  0,  0,  0,  0,  0,  0,  0,  0,  0,  0, 10,  0,  6,  0,  0,  0,  0,  0,  0, ],
[ 4,  0,  0,  0,  0,  0,  0,  0,  0,  9,  0,  0,  0,  0,  0,  0,  0,  0, 14,  0,  0,  0,  6,  0, ],
[ 0,  0,  0,  0,  0,  0,  4,  0,  0,  6,  0,  0,  0,  0,  9,  0,  0,  0,  0,  0,  0,  0,  0,  7, ],
[ 0,  0,  0,  0,  0,  0, 13,  0,  0,  0,  0,  0,  1,  0,  0,  0,  0,  0,  0,  0,  0,  5,  0,  0, ],
[ 0,  0,  0,  0,  0,  0,  0,  0,  6,  0, 10,  0,  0,  0,  0,  0,  0,  0,  0,  0,  0,  0,  0,  0, ],
[ 0,  0,  0,  0,  0,  0,  0,  0,  0, 13,  0,  0,  0,  0,  0,  0,  0,  0,  0,  0,  0,  0,  0,  0, ],
[ 0,  3,  3,  0,  0,  0,  6,  0,  0,  0,  0,  0,  0,  0,  0,  0,  0,  9,  0,  0,  0,  0,  0,  0, ],
[ 0,  0,  0,  0,  0,  0,  0,  0,  0,  0,  0,  0,  0,  0,  0,  0,  0,  0,  3,  5,  0,  0,  0,  0, ],
[ 0,  0,  0,  5,  0,  0,  5,  0,  0,  0,  0,  0,  0, 14,  1, 13,  0,  0,  0,  0,  0,  0,  0,  0, ],
[ 0,  0,  4,  0,  0,  0,  0,  0, 12,  0,  0,  0,  0,  0,  0,  0,  0,  0,  8,  0,  0,  0,  0,  0, ],
[ 0,  8,  0, 13,  0, 11,  0,  0,  0,  0,  0,  0,  0,  9,  0,  0, 12,  0,  0,  0,  0,  0,  0,  0, ],
[ 0,  0,  0,  0,  0,  0,  0,  0,  0,  5,  0,  0,  0,  0,  0,  0,  0,  0,  4,  0,  0,  0,  0,  0, ],
[ 0,  0,  0,  0,  0, 13,  0,  9,  0, 11,  0,  0,  0,  0,  0,  0,  0,  0,  0,  0,  0,  0,  0,  0, ],
[ 0,  8,  0,  0,  0,  0,  0,  0,  0,  0,  0,  6,  0, 10,  2,  0,  0,  0,  0,  0,  0,  0,  0,  0, ],
[ 0,  0,  0,  0,  0,  0,  0,  0,  0,  0,  1,  6,  0,  0,  0,  0,  0,  0,  0,  0,  0,  0,  0,  0, ],
[ 0,  0,  0,  0,  0,  0,  0,  0,  0,  0,  0,  0,  0,  0,  0,  0,  0,  0,  0,  0,  0,  0,  0,  0, ],
[ 0,  0,  0,  0,  0,  0,  0,  0,  0,  0,  0,  0,  0,  0,  0,  0,  0,  0,  0,  0,  0,  0,  3,  0, ],
[ 0,  0,  0,  0,  0,  0,  0,  0,  0,  0,  0,  0,  0,  0,  0,  0,  0,  0,  0,  0, 14,  0,  0,  0, ],
[ 0,  0,  0,  0,  0,  0,  0,  0,  0,  0,  0,  0,  0, 10,  0,  0,  0,  2,  0,  0,  0,  0,  0,  0, ],
[ 0,  0,  0,  0,  0,  0,  0,  0, 10,  0,  0,  0,  0,  0,  0,  0,  0,  0,  0,  0,  0,  0,  0,  0, ],
[ 0,  0,  0,  0,  0,  0,  0,  0,  0,  0,  0, 14,  5,  0,  0,  0,  0,  5, 12,  0,  0,  0,  0,  0, ],
[ 0,  0,  0,  0,  0,  0,  0,  9,  8,  0,  0,  0,  0,  0,  0,  0,  0,  0,  0,  0,  0,  0,  0,  0, ],
[ 0,  0,  0,  0,  0,  0,  0,  0, 11,  0,  0,  0,  0,  0,  0,  0,  0,  0,  1,  0,  0,  0,  0,  0, ],
[ 0,  0,  0,  0,  0,  0,  0,  0,  0,  8,  0,  0,  0,  0,  3, 13,  0,  0,  0,  0,  0,  0,  0,  8, ],
[ 0,  0,  0,  0,  0,  0,  0,  0,  0,  0,  0,  0,  0,  0,  0,  0,  0,  0,  0, 10,  0,  0,  0,  0, ],
[ 0,  0,  0,  8,  0,  0,  0,  0,  0,  0,  0,  0,  0,  0,  0,  9,  0,  0,  0,  0,  0,  0,  0,  0, ],
[ 0,  0,  0,  0,  0,  0,  0,  0,  0,  0,  0,  0,  0,  0,  0,  0,  0,  0,  0,  7,  0,  0,  0,  0, ],
[ 0,  0,  0,  0,  0,  0,  0,  0,  0,  0,  0,  0,  0,  0,  0,  0,  0,  0,  0,  0,  0,  0,  0,  8, ],
[ 0,  0,  0,  5,  0,  0,  0,  0,  0,  0, 11,  0,  0,  0,  9,  0,  0,  0,  0,  0,  0,  0,  0,  0, ],
[ 0,  0,  0,  0,  0,  0,  0,  0,  0,  0,  0,  0,  0,  0,  0,  0,  0,  0,  0, 13,  0,  0,  0,  0, ],
[ 0,  0,  0, 11,  6,  0,  0,  5,  0,  0,  0,  0,  0,  0,  0,  0,  0,  2,  0,  0,  0,  0,  0,  0, ],
[ 0,  0,  0, 14,  0,  0,  0,  0,  4,  0,  0,  0,  0,  0,  0,  0,  0,  0,  0,  0,  0,  0,  0,  0, ],
[ 0,  0,  0,  0,  0,  0,  3,  0,  0,  0,  0,  0,  0,  0,  0,  0, 10,  1,  0,  0, 11,  0,  0,  6, ],
[ 0,  0,  0,  0,  0,  0,  0,  0,  0,  0,  0,  0,  0,  0,  0,  0,  0,  0,  0,  0,  0,  0,  0,  0, ],
[ 0,  0,  0,  0,  0,  0,  0,  0,  0,  0,  0,  0,  0,  0,  0,  0,  0,  0,  0,  0,  0,  0,  0,  0, ],
[ 0,  0,  0,  1,  0,  0,  0,  0,  0,  0,  0,  0, 13,  0,  0,  0,  0,  0,  1,  0,  5,  0,  0,  0, ],
[ 4,  0,  0,  0, 14,  0,  0,  0,  0,  0,  0,  0,  0,  0,  0,  0,  0,  0,  0,  0,  0,  0,  4,  0, ],
[ 0,  0,  0,  0,  0,  0,  0,  0,  0,  0,  0,  0,  0,  0,  0,  0,  4,  0,  0,  0,  0,  3,  0,  0, ],
[ 0,  0,  0,  0,  0,  0,  0,  0,  0, 10,  0, 10,  0,  0,  0,  0,  0,  0,  0,  0,  0,  0,  0,  0, ],
[ 7,  0,  0,  0,  0,  0,  0,  0,  0,  0,  0,  0,  0,  0,  0,  0,  6,  0,  0,  0,  0,  0,  0,  0, ],
[ 0,  0,  0,  0,  0,  0,  0,  0,  0,  0,  0, 11, 12,  0,  0,  0,  0,  0,  0,  0,  0,  0,  0,  0, ],
[ 8,  0,  0,  0,  0,  0,  0,  0,  0,  6,  0, 13,  0,  0,  0,  0,  0,  0,  7,  0,  0,  0,  0,  0, ],
[ 0,  0,  0,  0,  0,  0,  0,  0,  0,  0,  0,  0,  0,  0,  0,  0,  0,  4,  0,  2,  0,  0,  0,  0, ],
[ 0,  0,  0,  0,  0,  0,  0,  0,  0,  0,  0,  0,  0,  0,  0,  0,  0,  0,  2,  0,  0,  6,  0,  0, ],
[ 0,  0,  0,  0,  0,  0,  0,  0,  0,  0,  0,  0,  0,  0,  4, 10,  0,  0,  0,  0,  0,  0,  0,  0, ],
[10,  0,  0,  0,  0,  0,  9,  0,  0,  0,  0, 12,  0,  0,  0,  0,  0,  0,  0,  0,  0,  0,  0,  0, ],
[ 0,  0,  0,  0,  0,  0,  0,  0,  0,  0,  0,  0,  0,  0,  0,  0,  0,  0,  0,  0,  0,  0,  0,  0, ],
[ 0,  9,  0,  0,  0,  0,  0,  0,  0,  0,  0,  0,  0,  0,  0,  0,  0,  0, 12,  0,  0,  0,  0,  0, ],
[ 0,  0,  0,  0,  0,  0,  0,  0,  0,  0,  0,  0,  0,  0,  0,  0,  0,  3, 12,  0,  0,  0,  0,  0, ],
[ 0,  0,  0,  0,  0,  5,  0,  0,  0,  0,  0,  0,  0,  0,  0,  0,  0,  3,  0,  0,  0,  0,  0,  4, ],
[ 0,  0,  3,  0,  0,  0,  0,  0,  0,  0,  0,  0,  0,  0,  0,  0,  0,  0,  0,  0,  0,  0,  0,  0, ],
[ 5,  0,  0,  0,  1,  0,  0,  0,  0,  0,  0,  0,  0,  0,  0,  0,  9,  0,  0,  0,  0,  0,  0,  0, ],
[ 0,  0,  0,  0,  0,  4,  0,  0, 12,  0,  0,  0,  0,  0,  0,  0,  0,  0,  0,  0,  0,  0,  0,  0, ],
[ 0,  7,  0, 11,  0,  0,  0,  0,  0,  0,  0,  0,  0,  0,  0,  0,  0,  0,  0,  0,  0,  0,  0,  0, ],
[ 0,  0,  0,  0,  0,  0,  0,  0,  1,  0,  0,  0,  0,  0,  0,  0,  0,  0,  0,  0,  0,  0,  0,  0, ],
[ 0,  0,  0,  0,  0,  0,  0,  0,  0,  0,  0,  0,  8,  0,  0,  0,  3,  0,  0,  0,  0,  0,  0,  0, ],
[ 0,  0,  0,  0,  0,  0,  0,  0, 13, 12,  0,  0,  0,  0,  0,  0,  0,  0,  2,  0,  0,  0, 11,  0, ],
[11,  0,  0, 14,  0,  0,  0,  0,  0,  0,  0,  0,  0, 11,  0,  0,  0,  4,  0,  8, 10,  0,  0,  0, ],
[ 0,  0,  0,  0,  0,  0,  0,  0,  0,  0,  0,  0,  0,  0,  0,  0,  0,  0,  0,  0,  0,  0,  0,  0, ],
[ 0,  0,  0,  0,  0,  0,  5, 11,  0,  0,  0,  0,  0,  0,  0,  0, 14, 14,  0,  0,  0,  0, 10,  0, ],
[ 3, 12,  0,  0,  0,  0,  0,  0,  0,  0,  0,  0,  0,  0,  0,  0,  0,  0,  0,  0,  0,  0,  0,  0, ],
[ 0,  9,  0,  0,  0,  7,  0,  0,  0,  1,  1,  0,  0,  0,  0,  0,  0,  0,  0,  0,  0,  0,  0,  0, ],
[ 0,  0,  0,  0,  0,  0,  0,  8,  0,  0,  0,  0,  0,  0,  4,  0,  0,  0,  0,  0,  0,  0,  0,  0, ],
[ 0,  0,  0,  0,  0,  0,  0,  0,  0,  0,  0,  0,  0,  0,  0,  0,  0,  0,  0,  0,  0,  0,  0, 13, ],
[ 0,  0,  0,  0,  0,  0,  0,  0,  2,  0,  0,  0,  0,  0,  0,  8,  0,  0,  0,  0,  0,  0,  0,  0, ],
[ 0, 13,  0,  0,  0, 11, 12,  0,  0, 10,  0,  0,  0,  0,  0,  0,  0,  1,  0,  0,  0,  0,  0,  0, ],
[ 0,  0,  5,  0,  0,  0,  0,  0,  0,  0,  0,  0,  8,  0,  8,  0,  0,  5,  0,  0,  0,  0,  0,  0, ],
[ 0,  0,  0,  1, 11,  0,  0,  0,  0,  0,  0,  0,  0,  0, 14, 11,  0,  0,  0,  0,  0,  0,  0,  0, ],
[ 0,  0, 10,  0,  0,  0,  0, 11,  0,  0,  0,  0,  0,  0,  0,  8,  0,  0,  0,  0,  0, 13,  0,  0, ],
[ 0,  0,  0, 12,  1,  0,  0,  0,  0,  0,  0,  0,  8,  0,  0,  0,  0,  0,  0,  0,  0,  0,  2,  0, ],
[ 0,  0,  0,  0,  0,  0, 11,  0,  0,  0,  0,  0,  0,  0,  0,  0,  6,  0,  0,  0,  9,  0,  0,  0, ],
[ 0,  7,  0,  0,  0,  0,  0,  8,  0,  0,  0,  0,  0,  0,  0,  7,  0,  0,  0,  0,  0,  0,  0,  0, ],
[ 0,  0,  0,  0,  0,  0,  0,  0,  0,  0,  0,  0,  0,  7,  0,  0,  0,  0,  0, 10,  0,  0,  9,  0, ],
[ 0, 14,  0,  0,  0,  0,  0,  0,  8,  8, 13,  0,  0,  6,  0,  0, 13,  0,  0,  0,  0,  0,  0,  0, ],
[ 0,  0,  0,  0,  0,  0,  0,  0,  0,  0,  4,  0,  0,  0,  0,  0,  0,  0,  0,  0,  0,  0,  0,  0, ],
[ 0,  0,  0,  0,  0,  0,  0,  0,  0,  0,  0,  0,  0,  0,  0,  0,  0,  0,  0,  0,  0,  0,  4,  0, ],
[ 0,  0,  0,  0,  0,  0,  0,  0,  0,  0,  0,  0,  0,  0,  0,  0,  1,  0,  0,  5,  0,  0,  0,  0, ],
[ 0,  0,  0,  0,  0,  0,  0,  0,  8,  0,  0,  0,  0,  0,  1,  0,  0,  0,  0,  0,  0,  0,  4,  0, ],
[ 0,  9,  0,  0,  0, 14,  0,  0,  0,  0,  0,  0,  0,  0,  0, 10,  0,  0,  0,  0,  0,  0,  8,  6, ],
[ 0,  0,  0,  0,  0,  0,  0, 11,  0,  0,  0,  0,  0,  0, 11,  0,  0,  0,  0,  0,  0,  0,  0,  0, ],
[ 0,  0,  9,  0,  0,  0,  0,  0,  0,  0,  0,  0,  0,  0,  0,  0,  0,  0,  1,  0,  0,  0,  0,  0, ],
[ 0,  0, 13,  0,  0,  0,  0,  0,  0,  0,  0,  0,  0,  0,  0,  0,  0,  0,  0,  0,  0,  0,  0,  0, ],
[ 0,  0,  0, 13,  0,  9,  0,  0,  0,  3,  0,  0,  0,  0,  0,  0,  0,  0,  0,  0,  0,  0,  0,  0, ],
[ 0,  0,  0,  0,  0,  0,  0,  0,  0,  0,  0,  0,  0,  0,  0,  0,  0,  0,  0,  0,  0,  0,  2,  0, ],
[ 0,  0,  0,  0,  0,  0,  0,  0,  0,  0,  0,  0,  0,  0,  2,  0,  0,  0, 14,  0,  7,  0,  0,  0, ],
[ 0,  0,  0,  0,  0,  0,  1,  0,  0,  0,  0,  0,  0,  0,  0,  0,  0,  0,  0,  0,  0,  0,  0,  0, ],
[ 0,  0, 11,  0,  0,  0,  0,  0,  0,  0,  0,  0,  0,  0,  0,  0,  0,  0,  0,  0,  0,  0,  6,  0, ],
[ 0,  0,  6,  0,  0,  0,  0,  0,  0,  0,  0,  0,  0,  0,  0, 11,  0,  0,  0,  0,  0,  0,  0,  0, ],
[ 1,  0,  0,  0,  0,  0,  0, 13,  0,  0,  0, 13,  0,  0,  0,  0,  0,  0,  0,  0,  0,  0,  0,  0, ],
[ 0,  0,  0,  0,  0,  0,  0,  0,  0,  0,  0,  0,  0,  0,  0,  0,  8,  0,  0,  0,  0,  0,  0,  0, ],
[ 0,  0,  0,  0,  0,  0,  0,  0,  0,  0,  0,  0,  0,  0,  0,  0,  0,  0,  0,  0,  0,  0,  0,  0, ],
[ 0,  0,  0,  0,  0,  0,  0,  5,  7,  0,  0,  0,  0, 14,  0,  0,  0,  0,  0,  0,  0,  0,  0, 11, ],
[ 0,  0,  0,  0,  0,  0,  0,  0,  0,  0,  0,  0,  0,  0,  0,  0,  0,  0,  0,  0,  0,  0,  0,  0, ],
[ 0,  0,  0,  0,  0,  0,  0,  0,  0,  0,  0,  0,  0,  0,  0,  0,  0,  0,  0,  0,  0,  0,  0,  0, ],
[ 0, 12,  5,  0,  0,  0,  9,  0,  0,  5,  0,  0,  0,  0,  0,  0,  0,  0,  0,  0,  0,  0,  0,  0, ],
[ 0,  7,  1,  0,  0,  0,  0,  0,  0,  0,  0,  0,  0,  0,  0,  0,  0,  0,  8,  0,  0,  0,  0,  0, ],
[ 0,  0,  0,  0,  0,  0,  0,  0,  0,  8,  0,  3,  0,  0,  0,  0,  0,  0,  0,  0,  0,  9,  0,  0, ],


[0.9334, -0.1989, ],
[-0.1796, -0.3868, ],
[0.0489, -0.3305, ],
[0.0279, 0.1192, ],
[0.9667, 1.0000, ],
[0.5352, -0.0777, ],
[-0.6841, 0.3886, ],
[0.1491, 0.3203, ],
[-0.1719, -0.6367, ],
[-0.6849, 0.1647, ],
[0.5769, -0.2853, ],
[-0.0702, -0.4003, ],
[-0.5891, -0.9495, ],
[0.7990, 0.1548, ],
[0.5584, 0.5290, ],
[-0.5676, 0.0126, ],
[-0.3382, -0.7492, ],
[-0.3073, 1.0000, ],
[0.7264, -0.0547, ],
[-0.1299, -0.7155, ],
[0.5619, 0.6812, ],
[0.2392, -0.0499, ],
[0.6455, -0.1139, ],
[-0.9830, -0.1321, ],
[0.5010, 0.0218, ],
[-0.6598, -0.0819, ],
[-1.0000, -0.4217, ],
[0.1396, -0.4795, ],
[0.6849, 0.2793, ],
[-0.4102, 0.4644, ],
[-0.7300, -0.3692, ],
[-0.1140, 0.5381, ],
[0.6718, -0.2473, ],
[0.3628, 0.8346, ],
[0.1747, 0.1560, ],
[-0.6984, 0.1971, ],
[0.5469, -0.2111, ],
[-0.4493, -0.3138, ],
[0.9172, 0.9702, ],
[0.1873, 0.5131, ],
[0.5149, -1.0000, ],
[0.0524, 0.2801, ],
[0.4769, 0.4153, ],
[0.3531, -0.9132, ],
[0.8402, -0.2164, ],
[0.0043, 0.8498, ],
[0.3615, -0.2889, ],
[-0.5867, -0.6199, ],
[-0.1486, -0.7344, ],
[0.7722, 0.8791, ],
[0.5296, -0.1310, ],
[0.5166, 0.1803, ],
[0.1836, -0.7870, ],
[-0.4150, -0.5696, ],
[-0.3224, 0.3399, ],
[0.7355, -0.3786, ],
[0.5125, -0.0177, ],
[-0.9179, 0.2034, ],
[-0.6997, 0.3774, ],
[0.2624, -0.4377, ],
[0.6809, 0.2411, ],
[-0.5620, 0.2344, ],
[-0.6916, 0.2063, ],
[0.4357, 0.0676, ],
[1.0000, -0.1129, ],
[0.2442, 0.4499, ],
[0.2930, 0.2439, ],
[0.4961, -0.6031, ],
[0.2666, 0.2234, ],
[0.7419, -0.0360, ],
[0.7492, 0.4810, ],
[0.3286, 0.2872, ],
[-0.3311, 0.3602, ],
[-0.1599, 0.3960, ],
[-0.6199, 0.6899, ],
[-1.0000, -0.2645, ],
[0.8770, -0.4425, ],
[1.0000, -0.0138, ],
[0.2186, 0.1335, ],
[-0.5077, -0.2558, ],
[-0.3575, -0.9138, ],
[-0.0929, 0.4983, ],
[-1.0000, 0.9234, ],
[-0.1479, 0.7693, ],
[-0.2123, -0.1684, ],
[-0.3286, -0.4471, ],
[0.1868, 0.2866, ],
[0.6914, 0.4965, ],
[-0.1857, -0.6102, ],
[0.4963, -0.7751, ],
[-0.4310, -0.3192, ],
[0.0780, 0.9150, ],
[0.0519, -0.4812, ],
[0.3196, 0.2331, ],
[-0.1560, -0.9516, ],
[-0.6353, 0.0807, ],
[-0.7663, 0.0358, ],
[0.6930, -0.4514, ],
[0.6302, 0.3664, ],
[0.2752, 0.8196, ],


[8.0000, ],
[2.0000, ],
[10.0000, ],
[7.0000, ],
[12.0000, ],
[11.0000, ],
[7.0000, ],
[7.0000, ],
[4.0000, ],
[10.0000, ],
[4.0000, ],
[13.0000, ],
[9.0000, ],
[18.0000, ],
[4.0000, ],
[11.0000, ],
[11.0000, ],
[4.0000, ],
[0.0000, ],
[2.0000, ],
[4.0000, ],
[5.0000, ],
[4.0000, ],
[12.0000, ],
[6.0000, ],
[5.0000, ],
[12.0000, ],
[4.0000, ],
[6.0000, ],
[3.0000, ],
[3.0000, ],
[9.0000, ],
[4.0000, ],
[10.0000, ],
[6.0000, ],
[14.0000, ],
[0.0000, ],
[0.0000, ],
[8.0000, ],
[8.0000, ],
[4.0000, ],
[8.0000, ],
[6.0000, ],
[8.0000, ],
[13.0000, ],
[3.0000, ],
[4.0000, ],
[6.0000, ],
[11.0000, ],
[0.0000, ],
[7.0000, ],
[6.0000, ],
[6.0000, ],
[2.0000, ],
[6.0000, ],
[6.0000, ],
[7.0000, ],
[1.0000, ],
[5.0000, ],
[13.0000, ],
[21.0000, ],
[0.0000, ],
[18.0000, ],
[6.0000, ],
[8.0000, ],
[5.0000, ],
[4.0000, ],
[4.0000, ],
[17.0000, ],
[10.0000, ],
[13.0000, ],
[15.0000, ],
[9.0000, ],
[10.0000, ],
[9.0000, ],
[10.0000, ],
[21.0000, ],
[2.0000, ],
[2.0000, ],
[3.0000, ],
[6.0000, ],
[17.0000, ],
[8.0000, ],
[4.0000, ],
[4.0000, ],
[9.0000, ],
[1.0000, ],
[8.0000, ],
[1.0000, ],
[7.0000, ],
[7.0000, ],
[9.0000, ],
[3.0000, ],
[0.0000, ],
[13.0000, ],
[0.0000, ],
[0.0000, ],
[11.0000, ],
[7.0000, ],
[8.0000, ],


