[ 0,  0,  0,  0,  0,  0,  0,  0,  6,  0,  2,  0,  0,  0,  0,  0,  0, 11,  0,  0,  0,  0,  0,  0, ],
[ 0,  0,  0,  0,  4,  0,  0,  0,  0,  0,  0,  0,  0,  0,  0,  0,  0,  0,  0,  0,  0,  9,  0,  0, ],
[ 0,  0,  0,  0,  0,  0,  0,  0,  0,  0,  6,  0,  0,  0,  0,  0,  0,  0,  0,  0,  0,  0,  0,  0, ],
[ 0,  0,  0,  0,  0,  0,  0,  0,  0,  0,  0,  0,  0,  0,  0,  0,  0,  0,  0,  0,  0,  0,  0,  0, ],
[ 0,  0,  0,  0,  0,  0,  0,  0,  0,  0,  0,  0,  0,  0, 13,  0,  0,  0,  0,  0,  0,  0,  0,  0, ],
[ 0,  6,  0,  0,  0,  0,  0,  5,  0,  0,  0,  0,  0,  0,  0,  0,  0,  0,  0,  0,  0,  0,  0,  0, ],
[ 0,  0,  0,  0, 11,  0,  0,  0,  0,  0,  0,  0,  0,  0,  0,  0,  0,  0,  0,  0,  0,  0,  0, 11, ],
[ 0,  0,  0,  0,  0,  0,  0, 10,  0,  0,  0,  3,  0,  0,  0,  0,  0,  0,  0,  5,  0,  0,  0,  0, ],
[ 0,  0,  0,  0,  0,  0,  0,  0,  0,  0,  0,  0,  0,  0,  0,  0,  0,  0,  0,  0,  0,  0,  0,  0, ],
[11,  2,  3,  0,  0,  0,  0,  0,  0,  0,  0,  0,  0,  0,  0,  0,  0,  0,  0,  0,  0,  0,  0,  0, ],
[ 0,  0,  0,  0,  0,  7,  0,  0,  0,  0,  0,  0,  0,  0,  0,  0,  0,  0,  0,  0,  0,  0,  0,  0, ],
[ 0,  0,  0,  0,  0,  0,  0,  0,  0, 11,  0,  0,  0, 13,  0,  0,  0,  0,  0,  0,  0,  0,  0,  0, ],
[ 0,  0,  0,  0,  0,  0,  0,  3,  0,  0,  0,  0,  0,  0,  0,  0,  0,  0,  0,  0,  0,  0,  0,  0, ],
[ 0, 13,  0,  0,  0,  9,  0,  0,  0,  0,  0,  0,  0,  0,  0,  0,  0,  0,  0,  0,  0,  0,  0,  5, ],
[ 0,  0,  0,  0,  0,  0,  0,  0,  0,  0,  0,  0,  0,  0,  0,  0,  0,  0,  4,  0,  0,  0,  0,  0, ],
[ 0,  0,  0,  0,  0,  0,  0,  0,  8,  0,  0,  0,  0,  0,  0,  0,  0,  0,  0,  0,  7,  0,  0,  8, ],
[ 0,  6,  0,  0,  2,  0,  0,  0,  0,  7,  5, 10,  0,  0,  1,  0,  0,  0,  0,  0,  0,  0,  0,  0, ],
[ 0,  0,  0,  0,  0,  0,  0,  0,  0,  0,  0,  0,  0,  0,  0,  0,  0,  0,  0,  0,  0,  0,  0,  0, ],
[ 0,  0,  0,  0,  0,  0,  0,  8,  0,  0,  0, 11,  0,  0,  6,  0,  6,  0,  0,  8,  0,  0,  5,  0, ],
[ 0,  0,  0,  0,  1,  0,  0,  0,  0,  0,  0,  0,  0,  0,  0,  0,  0,  0,  0,  0,  0,  0,  0,  0, ],
[10,  0,  0,  0,  0,  0,  0,  0,  0,  0,  0,  0,  0,  0,  0,  0,  0,  0,  0,  0, 12,  0,  0,  0, ],
[ 0,  0,  0,  0,  0,  0,  0,  0,  0,  0,  0,  0,  0,  0,  0,  0,  1,  0,  0,  0,  0,  0,  0,  0, ],
[ 0,  0,  0,  0,  0, 12,  0,  0,  0,  0,  0,  0,  0,  0,  0,  0,  0,  0,  6,  0,  0,  0,  0,  0, ],
[ 0,  0,  0,  0, 12,  0,  0,  0,  0,  0,  0,  0,  0,  4,  0,  0,  0,  0,  0,  0,  0,  0, 13,  0, ],
[ 0,  0,  0,  0,  0,  0,  0,  0,  0,  0,  0,  0,  0,  0,  0,  0,  0,  0,  0,  0,  0,  0, 11,  8, ],
[ 0,  0,  0,  4,  7,  0,  0,  0,  0,  0,  0,  0,  0,  0,  0,  0,  0,  0,  0,  0,  0,  0,  0,  0, ],
[ 0,  0,  0,  0,  0,  0,  0,  0,  0,  8,  0,  0,  0,  0,  1,  0,  0,  0,  0,  0,  8,  0,  0,  0, ],
[ 0,  0,  0,  0,  0,  9,  0,  0,  0,  0, 13,  0,  0,  0,  0,  0,  0,  0,  0,  0,  0,  0,  0,  0, ],
[ 6, 13,  0,  5,  0,  0,  0,  0, 13,  0,  0,  0,  0,  0,  0,  0,  7,  0,  0,  0,  0,  0,  0,  0, ],
[ 0,  0,  0,  0,  0,  0,  0,  0,  0,  0,  0,  0,  2,  0,  0,  0,  0,  0,  0,  7,  0, 11,  0,  4, ],
[ 0,  0,  3, 10,  0,  0,  0,  0,  0,  0,  0,  0,  0,  0,  0,  0,  0,  0,  0,  0,  0,  0,  0,  0, ],
[ 0,  0,  0,  0,  0,  0,  0,  0,  0,  0,  0,  0,  0,  0,  0,  0,  0,  0,  4,  0,  0,  0,  0,  0, ],
[ 0,  6,  0,  0,  0,  0,  4,  0,  0,  0,  0,  0,  0,  0, 10,  0,  0,  0,  5,  0,  0,  0,  0,  0, ],
[ 0,  0,  0,  0,  0,  0,  0,  0,  0,  0,  0,  0,  0,  0,  0,  0,  0,  0,  0,  0,  0,  0,  0,  0, ],
[ 0,  0, 14,  0,  0,  0,  0,  0,  0,  3,  0,  0,  0,  0,  0,  0,  0,  5,  0,  8, 12, 11,  0,  0, ],
[ 0,  0,  3,  0,  0,  0,  0,  0,  0,  0,  0,  0,  0,  0,  0,  0,  0,  0,  0,  0,  0,  0,  0,  0, ],
[ 0,  0,  0,  0,  0,  0,  0,  0,  0,  0,  0,  0,  0,  0,  0,  0,  0,  0,  0, 13,  0,  0,  0,  0, ],
[ 0,  0,  0,  0,  0,  0,  0,  0,  0,  0,  0,  0,  0,  0,  0,  0,  0,  0, 11,  0,  0,  0,  0,  0, ],
[ 0,  7,  0,  0,  0,  0,  0,  0,  0,  0,  0,  8,  0,  0,  0,  0,  0,  0,  0,  0,  0,  0,  0,  0, ],
[ 0,  0,  0,  0,  0,  0,  0,  0,  0,  0,  0,  0,  0,  0,  0,  0,  0,  0,  0,  0,  0,  0,  0,  0, ],
[ 0,  0,  0,  0,  0, 12,  0,  0,  0, 10,  0,  4,  0,  2,  0,  0,  5,  0,  0,  0,  0,  0,  0,  0, ],
[ 0,  0,  0,  0,  0,  0,  0,  0,  0, 10,  0, 10,  0,  0,  0,  0,  0,  0,  0,  0,  0,  0,  0,  0, ],
[ 0,  0,  0, 12,  0,  0,  0,  0,  6,  0,  0,  0,  0, 11,  0,  0,  6,  0,  0,  0,  0,  0,  0,  0, ],
[ 0,  0,  0,  0,  0,  0,  0,  0,  0, 12,  0,  0,  0,  0,  0,  0,  0,  0,  0,  0,  0,  0,  0,  0, ],
[ 0,  0,  0,  0,  0,  0,  0,  0,  0,  0,  0,  0,  0,  0,  0,  0,  0,  0,  0,  0,  0,  0,  0,  0, ],
[ 0,  0,  1,  0, 13,  0,  0,  0,  0,  0,  0,  0,  0,  0,  0,  0,  0, 10,  0,  0,  0, 14,  5,  0, ],
[ 0,  0,  0,  0,  0,  0,  0,  0,  0,  5,  0,  0,  0,  0,  0,  0,  0,  0,  0,  0, 13,  3,  0,  5, ],
[ 0,  6,  0,  0,  0,  0,  0,  0,  0, 11,  9,  0,  0,  0,  0,  0,  8,  3,  0,  0,  0,  0,  0,  0, ],
[ 0,  0,  0,  8,  8,  0,  0,  0,  0,  0,  0,  0,  0,  0,  0,  0,  7,  0,  0,  1, 14,  0,  0,  0, ],
[ 0,  0,  0,  0,  0, 14,  0,  0,  0,  0,  0,  0,  0,  0,  0,  0,  0,  0,  0,  0,  0,  0, 11,  0, ],
[ 0,  0, 14,  0,  0,  0,  0,  0,  0,  0,  0,  0,  0,  0,  0,  0,  0,  0,  6,  0,  0,  0,  0, 14, ],
[ 0,  0,  0,  2,  0,  0,  0,  0,  0,  0,  0,  0,  0,  0,  0,  0,  0,  0,  0,  0,  0,  0,  0,  0, ],
[ 3,  0,  0,  0,  7,  0,  0,  0,  0,  0,  0,  0,  0,  0,  0,  0,  0,  0,  0,  0,  0, 10,  0,  0, ],
[ 0,  0,  0,  9,  0, 13,  0,  0,  0,  0,  0,  0,  7,  0,  0,  0,  0,  0,  0,  0,  0,  0,  0,  0, ],
[ 0,  0,  0,  0,  0,  0,  0,  0,  0,  0,  4, 12,  0,  0,  0,  0,  9,  0,  0,  0,  0,  0,  0,  0, ],
[ 0, 14,  0,  0,  0,  0,  0,  0,  0,  0,  0,  0, 10,  0,  0,  0,  0,  0,  0,  0,  0,  0,  0,  0, ],
[ 0,  3,  0,  0,  0,  0,  1,  0,  0,  0,  0,  0,  0,  0,  3,  0,  0,  0,  0,  0,  0,  0,  0,  0, ],
[ 0,  0,  0,  0,  0,  0,  0,  0, 10,  0,  0,  0,  0,  0,  0,  0,  0,  0,  0,  0,  3,  0,  0,  0, ],
[ 0,  8,  0,  0,  0,  0,  0,  0,  0,  0,  0,  0,  0,  0,  0,  0,  0,  0,  0,  0,  0,  0,  0,  0, ],
[ 0,  0,  0,  0,  0,  0,  0,  0,  0,  0,  0,  8,  0,  1,  0,  0,  0,  0,  2,  0,  0,  0,  0, 14, ],
[ 0,  0,  0,  0,  0,  0,  0,  0,  0,  0,  0,  0,  0,  0,  0,  0,  0,  0,  0,  0,  0,  0,  0,  0, ],
[ 0,  0,  0,  0,  0,  4,  0,  0,  0,  0,  0,  0,  0,  0, 14,  0,  0,  0,  0,  0,  0,  0,  0, 13, ],
[ 0,  0,  0,  5,  2,  0,  0,  0, 14,  0,  0,  0,  0,  0,  0,  0,  0,  0,  0,  0,  0,  0, 10,  0, ],
[ 0,  0,  0,  0, 10,  0,  0,  0,  0,  0,  0,  0,  0,  0,  0,  0,  0,  0,  0,  0,  0,  0,  0,  0, ],
[ 0,  0,  0,  0,  0,  0,  0,  0,  0,  0,  0,  0,  0,  0,  0,  0,  0,  5,  0,  0,  0,  0,  0, 10, ],
[ 0,  0,  0,  0,  0,  0,  0,  0,  0,  0,  0,  0,  0,  0,  0,  0, 10,  0,  0,  0,  0,  0,  0,  0, ],
[ 0,  0,  0,  0,  0,  0,  0,  0,  0,  0,  0,  0,  0,  0,  0,  0,  0,  3,  0,  0,  0,  0,  0,  0, ],
[ 5,  0,  7,  0,  0,  0,  0,  0,  0,  0,  0,  0,  0,  0,  0,  0,  0,  0,  0,  0,  0,  0,  8,  0, ],
[ 0,  0,  0,  0,  0,  0, 12,  1,  0,  0,  0,  0,  5,  0,  6,  0,  5,  0,  0,  4,  0,  0,  0,  0, ],
[ 0,  0,  0,  0,  0,  0,  0,  0,  0,  0,  0,  1,  0,  0,  0,  1,  0,  0,  0,  0,  8,  0,  8,  0, ],
[ 0,  0,  0,  0,  0,  0,  0,  2,  0,  0,  0,  0,  0,  0,  0,  0,  0,  8,  0,  0,  0,  0,  0,  0, ],
[ 0,  0,  4,  0,  0,  0,  0,  0,  0,  7,  9,  0,  0,  0,  0,  0,  0,  0,  0,  0, 14,  9,  6,  0, ],
[ 0,  0,  0,  0,  0,  0, 14,  0,  0,  0,  0,  0,  0,  0,  0,  0,  0,  0,  0,  0,  0,  0,  0,  0, ],
[ 0,  0,  0,  0,  0,  0,  0,  0,  0,  0,  0,  0,  0,  0,  0,  0,  0,  0,  0,  1, 12,  0,  0,  0, ],
[ 0, 11,  0,  0,  0, 14,  0,  8,  0,  0,  0,  0,  0,  0,  0,  0,  0,  0,  7,  0,  0,  0,  0,  0, ],
[ 0, 11,  0,  0,  0,  0,  0,  0,  0,  0,  0,  0,  0,  0,  0,  0,  0,  0,  2,  0,  1,  0,  0,  0, ],
[ 0,  0,  0,  0,  0,  0,  0,  0,  0,  0,  0,  0,  0,  5,  0,  8,  0,  0,  0,  0,  3,  0,  0,  0, ],
[ 0,  0,  0,  0,  0,  0,  0,  0,  0,  0,  0,  0,  0,  0,  0,  0,  0,  0,  9,  6,  0,  0,  0,  0, ],
[ 0,  0,  0,  0,  8,  0,  0,  0,  0,  0,  0,  0,  0,  0,  0,  0,  0,  0,  0,  3,  0,  0,  4,  0, ],
[ 9,  0,  0,  0,  5,  0,  0,  0,  0,  0,  0,  0,  0,  0,  0,  0,  0,  0,  2,  0,  0,  0,  0,  0, ],
[ 0,  0,  0,  0,  0,  0,  0,  0,  0,  0,  0,  0,  0,  0,  0,  0,  0,  0,  0,  9,  0,  0,  0,  0, ],
[ 0,  0,  4,  0,  0,  0,  0,  0,  0,  0, 14,  0,  0,  0,  0,  6,  0,  0,  0,  0,  0,  0,  0,  0, ],
[ 0,  0,  0,  0,  0,  0,  0,  0,  0,  0,  0,  0,  0,  0,  0,  0,  0,  0,  0,  0,  0,  0,  0,  0, ],
[ 8,  0,  0,  0,  0,  0,  0,  0,  0,  0,  0,  0,  0,  0,  0,  0,  0,  0,  0,  0,  0,  0,  0,  0, ],
[ 0,  0,  0,  8,  0,  0,  0,  0,  0,  0,  0,  0,  0,  0,  0,  0,  0,  5,  0, 10,  0,  0,  0,  0, ],
[ 0,  0, 11,  0,  0,  0,  0,  0,  0,  0,  0,  9,  0,  0,  0,  0,  9,  0,  0,  0,  0,  0,  0,  0, ],
[ 0,  0,  0,  0,  0,  0,  0,  0,  0,  0,  0,  0,  0,  0,  0,  0,  0,  0,  0,  0,  0,  0, 14,  9, ],
[ 4,  0,  0,  0,  0,  0, 10,  0,  0,  0,  0,  0,  0, 14,  0,  0,  0, 11,  0,  0,  0,  0,  0,  0, ],
[ 0,  0,  0,  0,  0,  0,  0,  0, 11,  0,  0,  5,  0,  0,  0,  0,  0,  0,  0,  0,  0,  0,  0,  0, ],
[ 0,  0,  3,  0,  0,  0,  0,  0,  0,  0,  0,  0,  9,  0,  0,  0,  0,  0,  0, 14,  0,  0,  0,  0, ],
[ 0,  0,  0,  2,  6,  0,  0,  0,  0,  0,  0,  0,  0,  0,  0,  0,  0,  0,  0,  0,  0,  0,  0,  0, ],
[ 6,  0,  0,  0,  0,  0,  0,  0,  0,  0,  0,  0,  0,  0,  0,  0,  0, 10,  0,  0,  0,  0,  0,  0, ],
[ 0,  0,  0,  0,  3,  0,  0,  0,  0,  0,  0,  0,  0,  0,  0,  0,  0,  3,  0,  0,  0,  0,  9,  0, ],
[ 0,  0,  0,  0,  0,  0, 13,  0,  0,  0,  0,  0,  0,  5,  0,  0,  0,  0,  0,  0,  0,  0,  0,  0, ],
[ 1,  0,  0,  0,  0,  0,  0,  0,  0,  0,  0,  0,  0,  0,  0,  0, 14,  0,  0,  0, 12,  0,  0,  0, ],
[ 0,  0,  0,  0,  0,  0,  0,  0,  0,  0,  0,  0,  0,  0,  4,  0,  2,  0,  0,  0,  0,  0,  0,  0, ],
[ 0,  0,  0,  0,  0,  0,  0,  0,  0,  0,  0,  2,  0,  0,  0,  0,  0,  0,  0,  0,  0,  0,  0,  0, ],
[ 0, 12, 13,  0,  8,  0,  0,  0,  0,  0,  0,  0,  0,  0,  6,  0,  0,  0,  0, 10,  0,  0,  0,  0, ],
[ 0,  0,  0, 10,  0,  0,  0,  0,  0,  0, 12,  0, 12,  0,  0,  0,  0,  0,  8,  0,  0, 10,  0,  0, ],
[ 0,  0,  0,  3,  0,  0,  0,  0,  0,  0,  0,  0,  0,  0,  0,  0,  0,  0,  0,  0,  0,  0,  0,  0, ],


[0.3274, -0.0447, ],
[0.0609, -0.9108, ],
[-0.0349, 0.4424, ],
[0.9054, -0.3408, ],
[-0.1570, -0.2843, ],
[0.5352, 0.0320, ],
[-0.6841, 0.4012, ],
[0.2706, 0.4931, ],
[0.1699, 0.3354, ],
[0.7322, 0.6284, ],
[0.7398, 0.0189, ],
[-0.1094, -0.3408, ],
[0.2507, 0.5892, ],
[0.5939, 0.3935, ],
[0.1069, 0.4680, ],
[-0.5564, -0.1176, ],
[-0.3817, -0.6248, ],
[-0.1805, 0.7212, ],
[0.7264, 0.4824, ],
[0.5643, -0.6587, ],
[1.0000, 0.9228, ],
[0.4034, -0.5770, ],
[0.7652, 0.0350, ],
[0.4414, -0.4647, ],
[1.0000, -0.1883, ],
[0.0282, 0.2175, ],
[0.4253, 0.5958, ],
[0.1395, -0.5168, ],
[0.4552, -0.0915, ],
[0.7197, 0.4700, ],
[-0.7038, 0.3463, ],
[-0.0235, 0.5525, ],
[0.2607, -0.0081, ],
[0.7120, 0.8679, ],
[0.9256, 0.7824, ],
[-0.7750, 0.0048, ],
[0.4842, -0.5085, ],
[0.3837, 0.0068, ],
[-0.2178, -0.4578, ],
[1.0000, 0.5032, ],
[0.4362, -0.7842, ],
[-0.0324, 0.2379, ],
[0.7551, -0.0696, ],
[0.4204, -0.8741, ],
[0.0539, 0.6710, ],
[0.2646, -0.0402, ],
[-0.5836, -0.2652, ],
[-0.6300, -1.0000, ],
[-0.1486, 0.4464, ],
[0.8479, -0.9017, ],
[0.5296, -0.9003, ],
[0.6566, 0.2209, ],
[0.1137, -0.9378, ],
[0.0187, -0.7771, ],
[0.5487, 0.7822, ],
[0.5071, -0.1318, ],
[0.6639, -0.0223, ],
[0.3906, 0.0300, ],
[-0.5388, 0.4505, ],
[0.0224, -0.7017, ],
[0.6626, 0.1862, ],
[-0.6469, 0.0478, ],
[0.5595, 0.0230, ],
[0.1756, 0.1722, ],
[0.2203, -0.1269, ],
[0.2270, -0.3191, ],
[0.3396, 0.8956, ],
[0.2851, -0.3573, ],
[-0.7166, 0.0154, ],
[0.4827, 0.0407, ],
[-0.6200, 0.5388, ],
[0.1495, 0.4887, ],
[-0.0487, -0.3915, ],
[-0.1767, 0.4162, ],
[0.3423, 0.7188, ],
[-0.6900, -0.2320, ],
[0.0802, 0.3702, ],
[0.9806, 0.9585, ],
[0.0671, 0.1136, ],
[-0.5580, -0.7088, ],
[0.4061, 0.5206, ],
[-0.4109, 0.2958, ],
[-1.0000, 0.0986, ],
[-0.3938, 0.7448, ],
[-0.7607, 0.0184, ],
[-0.4336, -0.3562, ],
[0.0671, 0.5990, ],
[0.9307, 0.0486, ],
[0.5298, -0.6787, ],
[0.1714, -0.2275, ],
[-1.0000, -0.2380, ],
[-0.1667, 0.8647, ],
[-0.0650, -0.4792, ],
[-0.5694, 0.0212, ],
[-0.5336, -0.8868, ],
[-0.4603, -0.3396, ],
[-0.4644, 0.1477, ],
[1.0000, 0.3372, ],
[0.8271, 0.1654, ],
[0.3531, -0.9461, ],


[8.0000, ],
[5.0000, ],
[3.0000, ],
[0.0000, ],
[4.0000, ],
[5.0000, ],
[8.0000, ],
[8.0000, ],
[0.0000, ],
[7.0000, ],
[3.0000, ],
[8.0000, ],
[2.0000, ],
[9.0000, ],
[2.0000, ],
[9.0000, ],
[14.0000, ],
[0.0000, ],
[18.0000, ],
[1.0000, ],
[8.0000, ],
[1.0000, ],
[7.0000, ],
[10.0000, ],
[7.0000, ],
[5.0000, ],
[7.0000, ],
[7.0000, ],
[16.0000, ],
[10.0000, ],
[6.0000, ],
[2.0000, ],
[11.0000, ],
[0.0000, ],
[19.0000, ],
[2.0000, ],
[4.0000, ],
[4.0000, ],
[6.0000, ],
[0.0000, ],
[13.0000, ],
[8.0000, ],
[14.0000, ],
[4.0000, ],
[0.0000, ],
[15.0000, ],
[10.0000, ],
[15.0000, ],
[14.0000, ],
[8.0000, ],
[11.0000, ],
[1.0000, ],
[9.0000, ],
[10.0000, ],
[9.0000, ],
[8.0000, ],
[5.0000, ],
[6.0000, ],
[3.0000, ],
[9.0000, ],
[0.0000, ],
[10.0000, ],
[11.0000, ],
[4.0000, ],
[6.0000, ],
[4.0000, ],
[2.0000, ],
[8.0000, ],
[14.0000, ],
[8.0000, ],
[4.0000, ],
[18.0000, ],
[4.0000, ],
[5.0000, ],
[14.0000, ],
[6.0000, ],
[7.0000, ],
[6.0000, ],
[7.0000, ],
[6.0000, ],
[3.0000, ],
[9.0000, ],
[0.0000, ],
[3.0000, ],
[9.0000, ],
[10.0000, ],
[7.0000, ],
[14.0000, ],
[6.0000, ],
[9.0000, ],
[4.0000, ],
[7.0000, ],
[7.0000, ],
[6.0000, ],
[9.0000, ],
[3.0000, ],
[1.0000, ],
[18.0000, ],
[19.0000, ],
[2.0000, ],


