[ 0,  0,  0,  0,  0,  0,  0,  0,  0,  0,  0,  0,  0,  0,  2,  0,  0,  0,  0,  0,  0,  0,  0,  0, ],
[ 0,  0,  0,  0,  0,  0,  0,  0,  0,  0,  0,  0,  0,  0,  0,  0,  0,  1,  0,  0,  0,  0,  0,  0, ],
[ 0,  0,  3,  0,  2,  0,  0,  0,  0,  0,  0,  0,  0,  8,  0,  0,  0, 14,  0,  0,  0,  0,  0,  0, ],
[ 0,  0,  0,  0,  0,  0,  0,  0,  0,  0,  0,  0,  0,  0,  0,  0,  0,  0, 13,  0,  0,  0,  0,  0, ],
[ 4,  0,  0,  0,  0,  0,  0,  0,  0,  0,  0, 14,  0,  0,  0, 12,  0,  0,  0,  0,  0,  0,  0,  0, ],
[ 0,  0,  0,  0,  0,  0,  0,  0,  0,  0,  0,  0,  0,  0,  0,  0, 13,  0,  0,  0,  1,  0,  0,  0, ],
[ 0,  0,  0,  0,  0,  0,  0,  1,  0,  0,  0,  0,  0,  0,  0,  0,  0,  0,  0,  0,  0,  0,  0,  0, ],
[ 0,  0,  0,  0,  0,  0,  0,  0,  6,  0, 10,  0,  0,  0,  0,  0,  0,  0,  0,  0,  0,  0,  0,  0, ],
[ 0,  0,  0,  0,  0,  0,  0,  0,  0,  0,  0,  0,  0,  0,  0,  0,  0,  0,  0,  0,  0,  0,  0,  0, ],
[ 0,  0,  0,  0,  0,  0,  0,  0,  0,  3,  0,  0,  0,  0,  0,  0,  0,  0,  0,  0,  6,  2,  0,  4, ],
[ 0,  0,  0,  0,  0,  0,  0,  0,  0,  0,  0,  0,  1,  0,  0,  0,  0,  0,  0,  0,  7,  0,  0,  0, ],
[ 0,  0,  0,  0,  0,  0, 13,  0,  0,  0,  0,  0,  0, 14,  1,  0,  0,  0,  2,  0,  0,  0,  0,  0, ],
[ 0,  0,  0,  0,  0,  0,  0,  0,  1,  0,  0,  0,  0,  0,  0, 13,  0,  0,  0,  0,  0,  0,  0,  2, ],
[ 0,  0,  0,  0,  0,  0,  0,  0,  0,  0,  0,  0,  0,  0,  0,  0,  0,  0,  4,  0,  0,  0,  0,  0, ],
[ 0,  0,  0,  0,  0,  0,  0,  0,  0, 13,  0,  0,  0,  0,  0,  0,  0,  0,  0,  0,  0,  0,  0,  0, ],
[ 0,  0,  0,  0,  0,  0,  0,  0,  0,  0,  0,  0,  0,  0,  2,  0,  0,  0,  0,  0,  2,  3,  0,  0, ],
[ 1,  0,  0,  0,  0,  0,  8,  0,  0,  0,  0,  0,  9,  0,  0,  0,  0,  2,  0,  4,  0,  0,  0,  0, ],
[ 0,  0,  0,  0,  0,  0,  0,  0,  0,  0,  0,  0,  0,  0,  0,  1,  0,  0,  0,  0,  0,  0,  7,  0, ],
[ 0,  0,  0,  0,  0,  0,  0,  0,  0,  0,  0,  0,  0,  0,  0,  0,  3,  0,  0,  0,  0,  0,  0,  0, ],
[ 5,  4,  0,  0,  0,  0,  0,  0,  0,  0,  0,  0,  0,  0,  0,  0,  0,  0,  0,  0,  0,  0,  0,  0, ],
[ 0,  0,  0,  0,  0,  0,  0, 10,  0,  0,  0,  0,  0,  2,  0,  0,  0,  0,  0,  0,  0,  0,  0,  0, ],
[ 0,  0,  0,  0,  0,  0,  0,  0,  0,  0,  8,  0,  0,  0,  0,  0,  0,  2,  0,  0,  0,  0,  0,  0, ],
[ 0,  0,  0,  0,  0,  0,  3,  0,  0, 12,  0,  2,  0,  0,  0,  0,  0,  0,  0,  3,  0,  0,  0,  0, ],
[ 6, 13,  8,  0,  0,  3,  0,  0, 14,  0,  5,  0,  0,  0,  0,  0,  0,  0,  0,  0,  0,  0,  0,  0, ],
[ 0,  0,  0,  0,  0,  0,  0,  0,  0,  0,  0,  0,  0,  0,  0,  0,  0,  0,  0,  0,  0,  0,  0,  0, ],
[ 0,  0,  0,  0,  0,  0,  0,  0,  0,  0,  2,  0,  0,  0,  0,  0,  0,  0,  0,  0,  0,  0,  0,  0, ],
[ 0,  9,  0,  0,  0,  0,  8,  0,  0,  0,  0,  0,  0,  0,  0,  0,  0,  0,  0,  0, 13, 12,  0,  0, ],
[ 0,  0,  0,  0,  9,  0,  0,  0,  0,  0,  0,  0,  0,  0, 12,  0,  0,  0, 11,  0,  0,  0,  0,  0, ],
[ 6,  0,  0,  0,  0,  0,  0,  0, 13,  0,  0,  0,  0,  0,  0,  0,  0,  0,  0,  0,  0,  0,  0,  0, ],
[ 0,  0,  0,  0,  0,  0,  0,  0,  0,  0,  0,  0,  0,  0,  1,  0,  0,  0,  0,  0,  0,  0,  0,  0, ],
[ 4,  0,  0,  0,  0,  0,  0,  0,  0,  0,  0,  0,  0,  0,  0,  0,  0,  0,  0,  0,  0,  0,  0, 14, ],
[ 0,  0,  0,  5, 14,  0,  0,  0,  0,  0,  0,  0,  0,  2,  0,  0,  6,  0, 11, 14,  0,  0,  0,  0, ],
[ 0,  0,  0,  0,  0,  0,  0,  0,  9,  0,  0,  0,  0,  0, 10,  0,  0,  2,  0,  0,  0,  0,  0,  3, ],
[ 0,  0,  0,  0,  0,  0,  0,  0,  0,  0,  0,  0,  0,  0,  0,  0,  0,  0,  0,  4,  0,  0,  0,  0, ],
[ 0,  0,  0,  0,  0,  0, 11,  0,  0,  0,  0,  0,  0,  0,  0,  0,  0,  8, 11,  0,  0,  0,  0,  0, ],
[ 0,  0,  4,  0,  0,  0,  9,  0,  0,  0,  0,  0,  0,  0,  8,  0,  0,  0,  2,  0,  0,  0,  0,  0, ],
[ 0,  0,  0,  0,  0,  8,  0,  0,  0,  0,  0,  0,  0,  0,  0,  2,  0,  0,  0,  0,  0,  0,  0,  0, ],
[12,  0,  0, 11,  0,  0,  0,  0,  0,  0,  7,  0, 10,  0,  0,  0,  0,  0,  0,  0,  0,  0,  0,  0, ],
[ 0,  0,  0,  0,  0,  0,  0,  0,  0,  0,  0,  0,  0,  0,  0,  0,  0,  0,  0,  0,  0,  0,  0,  0, ],
[ 0,  0,  0,  0,  0,  0, 14,  0, 14,  0,  4,  0,  0,  1,  0,  0,  0,  0,  0,  0,  0,  0,  0,  0, ],
[ 0,  0, 14,  0,  0,  0,  0,  7,  0,  6,  0,  0,  0,  0,  0,  0,  0,  2,  0,  0,  0,  0,  0,  0, ],
[ 0,  0,  0,  0,  0,  0,  0,  0,  0,  0,  0, 10,  0,  0,  0,  0,  0,  0,  0,  0,  0,  0,  0,  0, ],
[ 0,  0,  0,  0,  0,  0,  0,  0,  0,  0,  0,  0,  0,  0,  0,  0,  0,  0,  0,  0,  0,  0,  0,  0, ],
[ 0,  0,  0,  0,  0,  0,  0,  0,  0,  0,  0,  0,  0,  0,  0,  0,  0,  0,  0,  0,  0,  0,  0, 14, ],
[ 0,  0,  0,  0,  0,  0,  0,  0,  0,  0,  0,  0,  0,  4,  0,  0,  0,  0,  0,  0,  0,  0,  0,  0, ],
[ 0,  0,  0,  0,  0, 12,  0,  8,  0,  0,  0,  0,  0,  0,  0,  0,  4, 10,  0,  0,  0,  0,  3,  0, ],
[ 0, 10,  4,  0,  0,  0,  0,  0,  0,  0,  0,  0,  0,  0,  0,  0,  0,  3,  0,  2,  0,  0,  0,  0, ],
[ 0,  0,  0,  0,  0,  0,  0,  0,  0,  0,  0,  8,  0,  0,  0,  0,  0, 10,  0,  0,  2,  0,  0, 12, ],
[ 0,  5,  8,  0,  0,  0,  0,  0,  0,  0,  0,  0,  4,  8,  0,  0, 12,  0,  0,  0,  0,  0,  0,  1, ],
[ 0,  0,  0,  0,  5,  0,  0,  1,  0,  0,  0,  0,  0,  0,  0,  0,  0,  0,  0,  0,  0,  0, 13,  0, ],
[ 0,  0,  0, 14,  0,  0,  0,  0,  0,  0,  0,  0,  0,  0,  0,  0,  0,  0,  0,  0,  0,  0,  0,  0, ],
[ 0,  0,  0,  0,  0, 10,  0,  0,  0,  0,  0,  2,  0,  0,  0,  0,  0,  0,  0,  0,  0,  7,  0,  0, ],
[ 0,  0,  0,  0,  0,  0,  0,  0,  0,  0,  0,  0,  0,  0,  0,  0,  0,  0,  0,  0,  5,  0,  0,  0, ],
[ 0,  0,  0,  0, 14,  0,  0,  0,  0,  0,  0,  0,  0,  0,  0,  0,  0,  0,  0,  7,  0,  0,  0,  0, ],
[12,  0,  0,  0, 11,  0,  0,  0,  0,  0,  0,  0,  0,  0,  2,  0,  0, 11,  0,  0, 10,  0,  0,  0, ],
[ 0,  0,  0,  0,  0,  0,  0,  0,  0,  0,  0,  0,  0,  0,  0,  0,  0,  0,  0,  0,  0,  0,  0,  0, ],
[ 0,  0,  0,  0,  0,  0,  0,  0,  0,  0,  0,  3,  0,  0,  0,  0,  0,  0,  0,  0,  0,  0,  0,  0, ],
[ 0,  0,  0,  0,  0,  0,  0,  0,  0,  0,  0,  0,  0,  0,  0,  0,  0,  0,  0,  0,  0,  0,  0,  0, ],
[ 0,  0,  0,  0,  0,  0,  5,  0,  0,  0,  0,  0,  0,  0,  0,  0,  0,  0,  0,  0, 11,  0,  0,  0, ],
[ 0,  0,  0,  0,  0,  0,  0,  5, 13,  0,  0,  0,  0,  0,  0,  0,  0,  0,  0,  0,  0,  0, 11, 12, ],
[ 0,  0,  0,  0,  0,  0,  0,  0,  0,  0,  0,  0,  0,  0,  0,  0,  6,  0,  0,  0,  0,  0,  0,  0, ],
[ 0,  0,  0,  0,  0,  0,  0,  0,  0,  0,  9,  0,  0,  0,  0,  0,  0,  0,  0,  0,  0,  0,  0,  8, ],
[ 0,  0,  0,  6,  0,  0,  0,  0,  0,  0,  0,  0,  0,  0,  0,  0,  0,  0,  0,  0,  0,  0,  0,  0, ],
[ 0,  0,  0, 12,  0,  0,  0,  0,  0,  3,  4,  0,  0,  0,  0,  0,  0,  0,  0,  0,  0,  0,  7,  0, ],
[ 0,  0,  0,  0,  0,  0,  0,  0,  0,  0,  8,  0,  0,  0,  0,  2,  0,  0,  0,  0,  0,  0,  0,  0, ],
[ 0,  0,  0,  0,  0,  0,  0,  0,  0,  0,  7,  0, 13,  0,  0,  0,  0,  0,  0,  0,  0,  0,  0,  0, ],
[ 0,  0,  0, 13,  0,  0,  0,  0,  0,  0,  0,  0,  0,  0,  0,  0,  0,  0,  0,  0,  0,  0,  0,  0, ],
[ 0,  2,  0,  0,  0,  0,  0,  0,  2,  0,  0,  0,  0,  0,  0,  0,  0,  0,  0,  0,  1,  0,  0,  0, ],
[ 0,  0,  0,  0,  0,  0,  0,  0, 14,  0,  0,  0,  0,  1,  0,  0,  0,  0,  0,  0,  0,  0,  0,  0, ],
[ 0,  0,  5,  0,  0,  0,  0,  0, 13,  0,  0,  0,  0,  0,  0,  0,  0,  0,  0,  0,  0,  0,  0,  0, ],
[ 0,  0,  0,  0, 11, 14,  0,  0,  0,  0,  0,  0,  0,  0,  0, 11,  0,  9, 11,  0,  0,  0,  0,  0, ],
[ 0,  0,  0,  0,  0,  0,  0,  0,  0,  0,  0,  0,  0,  0,  0,  8,  0,  0,  0,  0, 14,  0,  0,  0, ],
[ 0,  0,  0,  0,  0, 12,  0,  0,  0,  0,  0,  0,  0,  0,  0,  0,  0,  0,  0,  0,  0,  0,  0,  0, ],
[ 0,  0,  0,  0,  0,  0,  0,  0,  0,  0,  5,  0,  0,  0,  0,  0,  0,  0,  0,  0,  0,  0,  0,  0, ],
[ 0,  0,  0,  0,  0,  0,  0,  0,  0,  0,  0,  0,  0,  0,  0,  0,  0,  0,  0,  0,  0,  0,  0,  0, ],
[ 0,  0,  0,  0,  0,  6,  0,  4,  2,  0,  7,  0,  4,  7,  0,  0,  0,  0,  0,  0,  0,  0,  0, 13, ],
[ 0,  0,  0,  0,  0,  0,  0,  0,  8,  2,  9,  0,  3,  0,  0,  0,  0,  0,  0,  0,  0,  0,  0,  0, ],
[ 0,  0,  0,  0,  0,  0,  0,  0,  0,  0,  0,  8,  0,  5,  0,  0,  0,  0,  0,  0,  0,  0,  0,  0, ],
[ 0,  0,  0,  0,  0,  0,  0,  0,  0,  0,  0,  0,  0,  3,  0,  0,  0,  0,  0,  0,  0,  0,  0,  0, ],
[ 0,  0,  0, 14,  0,  5,  4,  0,  0,  0,  0,  0,  0,  0,  0,  0,  0,  0,  0,  0,  0,  0,  0,  0, ],
[ 0,  0,  0,  0,  0,  0,  0,  0,  0,  0,  0,  0,  0,  0,  0,  0,  0,  0,  0,  0,  0,  0,  0,  0, ],
[ 0,  0,  0,  0,  0,  0,  0,  0,  0,  5,  0,  9,  0,  0,  0, 10,  0,  0,  0,  0,  0,  0,  0,  0, ],
[ 0,  0,  0,  0,  0,  9,  0,  0,  0,  0,  0,  0, 10,  0,  0,  0,  0,  0,  0,  0,  0,  0,  0, 12, ],
[ 0,  0,  0,  0,  0,  0,  0,  0,  8,  0,  0,  0,  0,  0,  0,  0,  0,  0,  0,  0,  0,  0, 11,  0, ],
[ 0,  0,  0,  0,  0,  0,  0,  0,  0,  0,  0,  0,  0,  0,  0,  0,  1,  0,  0,  0,  0,  0, 13,  0, ],
[ 0, 11,  0,  0, 14,  0,  0,  0,  0,  0,  1,  0,  0,  0,  0,  0,  0,  0,  0,  0,  0,  1,  0,  9, ],
[ 0,  0,  0,  0,  0,  0,  0,  0,  0,  0,  0,  0,  0,  0,  0,  1,  4, 12,  0,  0,  0,  0,  0,  3, ],
[ 0,  0,  0,  0,  0, 13, 11,  2,  0,  0,  0,  0,  0,  0,  2,  0,  0,  0,  0,  0,  6,  0,  0,  0, ],
[ 0,  0,  0,  0,  0,  0,  0,  0,  0,  0,  0,  0,  0,  0,  5,  0,  0,  0,  0,  0,  0,  0,  0,  0, ],
[ 3,  0, 11,  0,  7,  0,  0,  0,  0,  0,  0,  0,  0,  0,  0,  0,  0,  0,  0,  0,  0,  0,  0,  0, ],
[ 0,  0,  0,  0,  0,  0,  0,  0,  0,  0,  0,  0,  0,  0,  0,  0,  0,  0,  0,  0,  0,  0,  0,  0, ],
[ 0,  0, 13,  0,  0,  0,  0,  0,  0,  0, 12, 12,  0,  0,  4,  0,  0,  0,  0,  8,  0,  0,  0,  0, ],
[ 0,  0,  0,  0,  0,  7,  0,  0,  0,  0,  0,  0,  0,  0,  0,  0,  0,  0,  0,  0,  0,  0,  0,  0, ],
[ 0,  0,  0,  0,  4,  0,  0,  0,  0,  0,  0,  0,  0,  0,  0,  0,  0,  0,  0,  0,  0,  0,  0,  9, ],
[ 0,  0,  0,  0,  8,  0,  0,  0,  0,  0,  0,  0,  0,  0,  0,  0,  0, 14,  0,  0,  0,  0,  0,  0, ],
[ 9,  0,  0,  0,  0,  0,  0,  0,  0,  0,  0,  0,  0, 12,  0,  0,  0,  0,  0,  0,  0,  0,  0,  0, ],
[ 0,  0,  0,  0,  0,  0, 13,  0,  0,  0,  0,  2,  0,  0,  0,  8,  0,  2,  0,  0,  0,  0,  0,  0, ],
[ 0, 12,  0,  0,  0,  0,  0,  0,  0,  0,  0,  0,  0,  0,  0,  0,  0,  0,  0,  0,  0,  0,  0,  0, ],
[ 0,  0,  0,  0,  0,  0,  0,  0,  0,  0,  0,  0,  6,  0,  0,  0,  0,  0,  0,  0,  0,  0,  0, 13, ],
[ 0,  0,  0,  0,  0,  0,  0,  0,  0,  0,  0,  0,  0,  0,  0,  0,  0,  0,  0,  5,  0,  0,  0,  0, ],


[0.7828, -0.1540, ],
[-0.0574, -0.3868, ],
[-0.0349, -0.4578, ],
[0.9179, 0.2335, ],
[-0.2820, 0.9738, ],
[0.5352, -0.9135, ],
[-0.5738, 0.3886, ],
[0.0757, 0.2455, ],
[-0.0216, -0.6367, ],
[-0.6910, 0.2671, ],
[-0.9564, -0.0115, ],
[0.0066, -0.4763, ],
[-0.6282, -0.8181, ],
[-0.9457, 0.2255, ],
[0.5748, 0.5918, ],
[-0.5962, -0.1563, ],
[-0.3817, -0.9050, ],
[-0.0578, 0.6922, ],
[0.5040, 0.4461, ],
[0.3889, -0.8145, ],
[0.6977, 0.5017, ],
[0.0790, -0.0173, ],
[0.7509, 0.0636, ],
[0.9756, -0.4539, ],
[0.8457, 0.0218, ],
[-0.7037, -0.0819, ],
[-0.3995, -0.4217, ],
[0.1512, -0.4322, ],
[0.1570, 0.3133, ],
[-0.6089, -0.5533, ],
[-0.7555, -0.2000, ],
[-0.0150, 0.5525, ],
[-0.7864, -0.1235, ],
[0.7120, 0.7070, ],
[0.1747, 0.6937, ],
[0.0769, 0.8952, ],
[-0.7749, -0.2111, ],
[-0.4364, -0.3138, ],
[-0.2004, 0.9702, ],
[0.1429, -0.7491, ],
[0.5101, 0.8597, ],
[-0.0324, 0.3213, ],
[0.3320, 0.5352, ],
[0.8109, -0.9942, ],
[0.7378, -0.2059, ],
[0.2646, -0.1462, ],
[0.1876, 0.2164, ],
[-0.5838, 0.5157, ],
[-0.8495, -0.7344, ],
[0.8295, 1.0000, ],
[0.7103, -0.0591, ],
[0.3873, -0.4706, ],
[-0.1969, -0.8603, ],
[-0.3355, -0.6102, ],
[-0.3224, 0.3399, ],
[0.5846, 0.2264, ],
[-0.7724, -0.0185, ],
[-0.6668, -0.0028, ],
[-0.7450, 0.3774, ],
[0.2591, -0.3484, ],
[0.6410, 0.1864, ],
[0.2246, 0.0478, ],
[-0.6715, -0.0738, ],
[0.3405, -0.4916, ],
[1.0000, 0.9493, ],
[0.4571, -0.8109, ],
[0.2930, 0.4632, ],
[0.3293, -0.5500, ],
[0.3206, 0.1330, ],
[0.7419, -0.1476, ],
[0.8359, 0.4060, ],
[0.1179, 0.1778, ],
[-0.2896, 0.2776, ],
[-0.1339, -0.3212, ],
[-0.7082, 0.6899, ],
[-1.0000, -0.2367, ],
[1.0000, 0.4074, ],
[0.2767, -0.1111, ],
[0.2186, 0.0932, ],
[0.9410, -0.2558, ],
[-0.3575, 0.6644, ],
[-0.4323, 0.6045, ],
[-0.9976, 0.8628, ],
[-0.1309, 0.6315, ],
[-0.2813, -0.0491, ],
[-0.3286, -0.8338, ],
[0.0671, 0.4975, ],
[0.8345, 0.2591, ],
[0.5298, -0.7619, ],
[-0.4757, -0.4950, ],
[-0.3540, -0.7485, ],
[-0.1000, -0.4176, ],
[-0.1894, -0.2645, ],
[0.8583, -0.0832, ],
[-1.0000, 0.8860, ],
[0.0713, 0.2009, ],
[-0.7111, 0.5193, ],
[0.7287, 0.3506, ],
[0.6764, 0.4626, ],
[0.3451, 0.0935, ],


[1.0000, ],
[1.0000, ],
[10.0000, ],
[4.0000, ],
[10.0000, ],
[5.0000, ],
[1.0000, ],
[7.0000, ],
[0.0000, ],
[8.0000, ],
[4.0000, ],
[10.0000, ],
[6.0000, ],
[2.0000, ],
[4.0000, ],
[4.0000, ],
[10.0000, ],
[4.0000, ],
[2.0000, ],
[4.0000, ],
[5.0000, ],
[4.0000, ],
[9.0000, ],
[18.0000, ],
[0.0000, ],
[1.0000, ],
[14.0000, ],
[11.0000, ],
[7.0000, ],
[1.0000, ],
[6.0000, ],
[18.0000, ],
[10.0000, ],
[2.0000, ],
[11.0000, ],
[9.0000, ],
[4.0000, ],
[15.0000, ],
[0.0000, ],
[11.0000, ],
[11.0000, ],
[4.0000, ],
[0.0000, ],
[4.0000, ],
[2.0000, ],
[15.0000, ],
[9.0000, ],
[12.0000, ],
[15.0000, ],
[7.0000, ],
[4.0000, ],
[8.0000, ],
[2.0000, ],
[7.0000, ],
[17.0000, ],
[0.0000, ],
[2.0000, ],
[0.0000, ],
[6.0000, ],
[14.0000, ],
[3.0000, ],
[6.0000, ],
[3.0000, ],
[11.0000, ],
[4.0000, ],
[7.0000, ],
[4.0000, ],
[3.0000, ],
[5.0000, ],
[6.0000, ],
[19.0000, ],
[7.0000, ],
[4.0000, ],
[2.0000, ],
[0.0000, ],
[18.0000, ],
[9.0000, ],
[5.0000, ],
[2.0000, ],
[8.0000, ],
[0.0000, ],
[9.0000, ],
[11.0000, ],
[7.0000, ],
[5.0000, ],
[13.0000, ],
[9.0000, ],
[13.0000, ],
[2.0000, ],
[9.0000, ],
[0.0000, ],
[17.0000, ],
[3.0000, ],
[5.0000, ],
[7.0000, ],
[7.0000, ],
[9.0000, ],
[4.0000, ],
[7.0000, ],
[2.0000, ],


