[ 0,  0,  0,  0,  0,  0,  0,  2,  0,  0,  0,  0,  0,  0,  0,  0,  0, 13,  0,  0,  0,  0,  0,  0, ],
[ 0,  0,  8,  0,  0,  0,  0,  0,  0,  0,  0,  0,  8,  0,  0,  0,  0,  0,  0,  8,  0,  5,  0,  0, ],
[ 0,  0,  0,  0,  0,  0,  0,  0,  0,  0,  0,  0, 12,  0,  0,  0,  0,  0,  0,  0,  0,  0,  0,  0, ],
[ 0,  0,  0,  0,  0, 11,  0,  0,  0,  0,  0,  0,  0,  0,  0,  6,  0,  0,  0,  0,  0,  0,  0,  0, ],
[ 0,  0,  0,  0,  0,  0,  0,  0,  0,  0,  0, 11,  0,  0,  0,  0,  0,  0,  0,  0,  2,  9,  0,  0, ],
[12,  0,  0,  0,  0,  7,  0,  0,  0,  0,  0,  0,  0,  1,  0,  0,  0,  0,  0,  2,  0,  0,  0,  0, ],
[ 0,  0,  0,  0,  0,  0,  0,  0,  0,  0, 10,  0,  0,  0,  0,  0,  0,  0,  0,  0,  0,  0, 10,  0, ],
[ 0,  0,  8,  0,  0,  0,  0,  0,  0,  0,  0,  0,  0,  0, 14,  0,  0,  0,  0,  0,  0,  0,  0,  4, ],
[ 0,  0,  0,  0,  0,  0,  0,  0,  0,  0,  0,  0,  0,  0,  0,  0,  0,  0,  0,  0,  0,  0,  0,  0, ],
[ 0,  0,  0,  0,  0,  0,  0,  0,  0,  0,  0,  0,  0,  0,  0,  0,  0,  0,  0,  0,  0,  0,  0,  0, ],
[ 0,  0,  0,  0,  0,  0,  0,  0,  0,  0,  0,  0,  0,  0,  0,  0,  0,  0,  0,  0,  0,  0,  0,  0, ],
[ 0,  0,  0,  0,  0,  0,  1,  5,  4,  0,  7,  0,  0,  0,  0,  0,  0,  0,  0,  0,  0,  0,  0,  0, ],
[ 0,  0,  0,  0,  0,  0, 10,  0,  0,  0,  0,  0,  0,  0,  0,  0,  0,  0,  0,  0,  0,  0,  0,  0, ],
[ 0,  0,  0,  0,  0,  0, 10,  0,  0,  0,  1,  0,  0,  0,  0,  1,  0,  0,  0,  7,  0,  0,  0, 13, ],
[ 0,  5,  0,  2,  9,  0,  0,  0,  0,  0,  0,  0,  0,  0,  0,  0,  0,  0, 11,  0,  0,  2,  0,  0, ],
[ 0, 13,  0,  0,  0,  0,  0,  0, 14,  0,  0,  0,  0,  0,  0,  0,  0,  0,  0,  0, 12,  0,  0,  0, ],
[ 0,  0,  0,  0,  0,  0,  0,  0,  0,  0,  0,  0,  0,  0,  0,  0,  0,  0,  0,  0,  0,  0,  0,  0, ],
[ 0,  0, 13,  0,  0,  0,  0,  0,  0,  0,  0,  0,  0,  0,  0,  0, 14,  0,  0,  0,  0,  2,  0,  0, ],
[ 0,  2,  0,  8,  0,  0,  0,  0,  0,  0,  0,  0,  0,  5,  0,  0,  0,  0,  0,  7,  0,  0,  0, 13, ],
[ 0,  7,  0,  0,  0,  0,  0,  0,  0,  0,  0,  0,  0,  0,  0,  0,  0,  0,  0,  0,  0,  0,  0,  0, ],
[ 0,  0,  0,  0,  0,  0,  0,  0,  0,  0,  0,  0,  0,  0,  0,  0,  4,  0,  0,  0,  0,  0,  0,  0, ],
[ 0,  9,  0,  0,  0,  0,  0,  0,  0,  0, 11,  0,  0,  0,  0,  0,  0,  0,  0,  0,  0,  0,  0,  0, ],
[ 0,  0, 12,  0,  0,  0,  0,  0,  0,  0,  0,  0,  0,  0,  0,  0, 14,  0,  0,  0,  0,  0,  0,  8, ],
[ 0,  0,  0,  0,  0,  0,  0,  0,  0,  0,  0,  0,  0,  0,  0,  0,  0,  0,  1,  0,  0,  0,  0,  0, ],
[ 0,  8, 10,  0,  0,  0,  0,  0,  1,  0,  0,  0,  0,  0,  0,  0,  0,  0,  0,  0,  1,  0,  0,  0, ],
[ 9,  0,  0,  0,  1,  0,  0,  0,  0,  0,  2,  0,  0,  0,  0,  0,  0,  0,  0,  0,  0,  0,  0,  0, ],
[ 9,  0,  0,  0,  0, 13,  0,  0,  0,  0,  0,  0,  0,  0,  0,  0,  0,  0,  0,  0,  0,  7,  0,  0, ],
[ 0,  0,  0,  0,  0,  7,  0,  0,  0,  0,  5,  0,  0,  0,  0,  0,  0,  0,  0,  0,  0,  6,  2,  0, ],
[ 0,  0,  0,  0,  0,  0,  6,  0,  0,  0,  0,  0,  0,  0,  0,  0,  0,  7,  5,  0,  0,  0,  0,  0, ],
[ 0,  0,  0,  0,  3,  0,  0,  0,  0,  0,  0,  0,  8,  0,  0,  0,  0,  0,  0,  0,  0,  0,  0,  0, ],
[ 0,  0,  0,  0,  0,  8,  3,  2,  0,  0,  0,  0,  0,  0,  0,  0,  0,  0,  0,  0,  7,  0,  0,  0, ],
[ 0,  0,  0,  0,  0,  3,  0,  0,  0,  0,  0,  7, 11,  0,  0,  0,  0,  0,  0,  0,  0,  0,  0,  0, ],
[ 0,  0,  0,  0,  0,  0,  0,  0,  0,  0,  0,  0, 13,  0,  0,  1,  0,  0,  0,  0,  0,  0,  0,  6, ],
[ 0,  0,  0,  0,  0,  0,  0,  0,  0,  0,  0,  0,  0,  0,  0,  0,  0,  0,  0,  0,  0,  0,  0,  0, ],
[ 0,  0,  0,  9,  8,  0,  0,  0,  0,  0,  0,  0,  0,  0,  0,  0,  0,  0,  0,  0,  0,  0,  0,  0, ],
[ 0,  9,  0, 14,  0,  0,  8,  0,  0,  0,  0,  0,  0, 14,  0,  0,  0,  0,  0,  0,  0,  5,  0,  0, ],
[ 0,  0,  0,  0,  0, 11,  0,  0,  0,  0,  0,  0,  0,  0,  0, 10,  0,  0,  0,  0,  0,  0,  0,  0, ],
[ 0,  0,  0,  0,  0,  0,  0,  9,  0,  0,  0,  0,  0,  0,  0,  0,  0,  0, 12,  0,  0,  0,  0,  0, ],
[ 0,  0,  0,  0,  0,  0,  0,  0,  0, 11,  0,  0,  0,  0,  0,  0,  0,  0,  0,  0,  0,  0,  0,  0, ],
[ 0,  0,  5,  0,  0,  0,  0,  0,  0,  0,  0,  0,  0,  0,  0,  0,  0,  0,  0,  0,  0, 13,  0, 11, ],
[ 0,  0,  0,  0,  0,  0,  0,  0,  0,  0,  0, 11,  0,  0,  0,  0,  0,  0,  0,  0,  0,  0,  0,  0, ],
[ 0,  0,  0,  0,  0,  0,  0,  0,  0,  0,  0,  7,  0,  0,  0,  0,  0,  0,  0,  0,  0,  0,  0,  0, ],
[ 0,  0,  0,  0,  0,  0,  0,  0,  0,  0,  0,  0,  0,  0,  0, 13,  0,  0,  0,  0,  0,  0,  0,  0, ],
[ 0,  0,  0,  0,  0,  0,  0,  7,  0,  0,  0,  0,  5,  0,  0,  0,  0,  0,  0,  0,  0,  0,  0,  0, ],
[ 0,  0,  0,  0,  0,  7,  0,  0,  0,  0,  0,  0,  0,  0,  0,  0,  0,  0,  0,  0,  4,  4,  0,  0, ],
[ 0, 14,  0,  0,  0,  0,  0,  0,  0,  0,  0,  0,  0,  5,  0,  0,  0,  0,  0,  1,  0, 12,  0,  0, ],
[ 0,  0,  0,  0,  0,  0,  0,  0,  0,  0,  0,  0,  0,  0,  0,  0,  0,  0,  0,  0,  0,  0,  0,  0, ],
[ 0,  0,  9,  0,  0,  0,  0,  0,  0,  0,  3,  0,  0,  0, 11,  0,  0,  0,  0,  0,  2,  0,  0,  0, ],
[ 0,  0,  0,  0,  0,  0,  0,  0,  0,  0,  0,  0,  0,  0,  2,  0,  0,  0,  0,  0,  0,  7,  0,  0, ],
[ 6,  1,  3,  0,  0,  0,  0, 13,  0,  0,  0,  0,  0,  0,  0, 12,  0,  0,  0,  0,  0,  0,  0,  0, ],
[13,  2,  0,  0, 10,  0,  4,  0,  0,  0,  0,  0,  0,  0,  0,  5,  0,  0,  0,  0,  0,  0,  0,  0, ],
[ 0,  0,  0,  0,  0,  0,  0,  0,  0,  0,  0,  0,  0,  0,  0,  0,  0,  0,  0,  0,  0,  0,  0,  0, ],
[ 0,  0,  0,  0,  0,  0,  0,  0,  0,  0,  0,  0,  0,  0,  0,  0,  2,  0,  0,  0,  0,  0,  0,  0, ],
[ 0,  0,  0,  0,  0,  0,  0,  0,  0,  6,  4,  0,  0,  0,  0,  0,  0,  0, 14,  0,  0,  0,  0,  0, ],
[ 0,  0,  0,  0,  0,  0,  0,  0,  0, 11,  0, 14,  0,  0,  0,  0,  0,  0,  0,  0, 11,  0,  0,  0, ],
[ 0,  0,  0,  1,  0,  0,  0,  0,  0,  0,  0, 11,  0,  0,  0,  0,  0,  0,  0,  0,  0,  0,  0,  0, ],
[ 0,  0,  0,  0,  0,  0,  6,  0,  0,  0,  0,  0,  0,  0,  0,  0,  0,  0,  0,  0,  0,  0,  0,  0, ],
[ 0,  0,  0,  0,  0,  0,  9,  0,  0,  0,  0,  0,  0,  0,  1,  0,  0,  0,  0,  0,  0,  0,  0,  0, ],
[ 0,  1,  0,  0,  0,  0,  0,  0,  0,  0,  0,  0,  1,  0,  0,  4,  0,  0,  0,  0,  0,  0, 12,  0, ],
[ 0,  0,  0,  0,  0,  7,  0,  0,  0,  0,  0,  0,  0,  0,  0,  0,  0,  0,  0,  0,  0,  0,  2,  0, ],
[ 0,  0,  0,  8,  0,  0,  0,  0,  0,  0,  0,  0,  0,  0,  0,  0,  0,  0,  0,  0,  0,  0,  0,  0, ],
[ 0,  0,  0, 14,  0,  0,  0,  0, 12,  0,  3,  0,  0, 10,  0,  0,  0,  0,  0,  0,  0,  0,  0,  0, ],
[ 0,  0,  0,  8,  9,  0,  0,  0,  0,  0,  0,  0,  0,  0,  0,  0,  0,  8,  0,  0,  0, 12,  0,  0, ],
[ 0,  0,  0,  0,  0,  0,  0,  0,  0,  0,  0,  0,  0,  0,  0,  0, 13,  9,  0,  0,  0,  6,  0,  0, ],
[ 0,  0,  0,  0,  0,  0, 13, 12,  0,  0,  0,  0,  0,  0,  0,  0,  8,  0,  0,  0,  0, 11,  0,  0, ],
[ 0,  0,  0,  0,  0,  0,  0,  0,  0,  0,  0,  0,  0, 10,  0,  0,  0,  0,  0,  0,  0, 11,  0,  0, ],
[ 0,  0,  0,  0,  0,  0,  0,  0,  8,  0, 11,  0,  0,  0,  0,  0,  0,  0,  0,  0,  0,  0,  0,  0, ],
[ 0,  0,  0,  0,  6,  0,  0,  0,  0,  0,  0,  0,  0,  0,  0,  0,  0,  0,  0,  0,  0, 11,  9,  0, ],
[ 0,  0,  0,  0,  0,  0,  0,  0,  0,  0,  0,  0,  0,  4,  0,  9,  0,  0,  0,  0,  0,  0,  6,  0, ],
[ 0,  0,  0,  0,  0,  0,  0,  0, 13,  0, 11,  9,  0,  0,  0,  0,  0,  0,  0,  0,  0,  0,  0,  0, ],
[ 0,  0,  0,  0,  0,  0,  0,  8,  0,  0,  0,  0,  0,  0,  0,  0,  0,  0,  0,  0,  0,  0,  0,  0, ],
[ 0,  0,  0,  0,  0,  0,  0,  0,  0,  0,  0,  0,  0,  0,  0,  0,  0,  0,  0,  0, 11,  0,  0,  0, ],
[ 0,  0,  0,  0,  0,  0,  0,  0,  7,  0,  0,  8, 14,  0,  0, 14,  0,  0,  0,  0,  0,  0,  0,  0, ],
[ 0,  0,  0,  0,  0,  0,  0,  0,  0,  0,  0,  0,  0, 13,  0,  0,  0,  0,  0,  0,  9,  0,  0,  0, ],
[ 0,  0,  0,  0,  0,  9,  0,  0,  0,  4,  0,  0,  0,  0,  0,  0,  0,  0, 12,  0,  0,  0,  0,  0, ],
[ 0,  0,  0,  0,  0,  8, 12,  0,  0,  0,  0,  0,  0,  0,  0,  4,  0,  2,  9,  0,  0,  0,  0,  0, ],
[ 0,  0,  0,  0,  0,  0,  0,  0,  0,  0,  0,  0,  0,  0,  0, 10,  0,  0,  0,  0,  0,  0,  0,  0, ],
[ 0, 10,  0,  0,  0,  0,  0,  0,  0,  1,  0,  0,  0,  0,  0,  0,  0,  0,  0,  0,  0,  0,  0,  0, ],
[ 0,  0,  0,  0,  0,  0,  0,  0,  0,  0,  0,  0,  0,  0,  0,  0,  0,  0,  0,  5,  5,  0,  0,  0, ],
[ 0, 11, 12,  0,  0,  0,  0,  0,  0,  6,  0,  0,  0,  0,  4,  0,  0,  0,  0,  0,  0,  0,  0,  0, ],
[ 0,  0,  0,  0,  0,  0,  0,  0,  0, 11,  0,  0,  0,  0,  0,  0,  0,  0,  0,  9,  1,  0,  0,  0, ],
[ 0,  0,  0,  0, 13,  0,  0,  0, 11,  0,  0,  0,  0,  0,  0,  0,  0,  0,  0,  0,  0,  0,  0,  0, ],
[ 0,  0,  0,  0,  0,  8,  0,  0,  0,  0,  0,  0,  0,  0,  0,  0, 14,  0,  0,  8,  0,  0,  0,  0, ],
[ 0,  0,  0,  0,  7,  0,  0,  0,  0,  0,  0,  0,  0,  0,  0,  0,  0,  0,  0,  0,  0,  0,  0,  0, ],
[ 0,  0,  0,  0,  0,  0,  0,  0,  0, 11,  0,  0,  0,  0,  0,  0,  0,  0,  0,  0,  0,  0,  0,  0, ],
[ 0,  9,  0,  0,  0,  0,  0,  0,  0,  0,  0,  0,  0,  0,  0,  0,  0,  0,  0,  0,  0,  0,  0,  0, ],
[ 0,  0,  0,  0,  0,  0,  0,  0,  0,  0,  0,  0,  0,  0,  0,  0,  3,  0,  0,  0,  0,  7,  0,  0, ],
[ 0,  0,  0,  0,  0,  0,  0,  0,  0,  0,  0,  0,  0,  0,  0,  0,  0,  0,  0,  0,  0,  0,  0,  9, ],
[ 8,  0,  0,  0,  0,  0,  0,  0,  0,  1,  0,  0,  0,  0,  0,  0,  0,  0,  0,  0,  0,  0,  0,  0, ],
[ 0,  0,  0,  0,  0,  0,  0,  0,  0,  4,  0,  0,  0,  0, 10,  0,  0,  0,  0,  0,  0,  0,  0,  0, ],
[ 0,  0,  0,  0,  0,  0,  0,  0,  0,  0,  0,  0,  0,  0,  0,  0,  5,  0,  5,  0,  7,  0,  0,  0, ],
[ 0,  0,  0,  5,  0,  0,  0, 10,  8,  0,  4,  0, 13, 13,  0,  0,  0,  0,  0,  0,  0,  0,  0,  0, ],
[ 0,  3,  0,  0,  0,  0,  0,  0,  0,  0,  0,  0,  0,  0,  0,  0,  0,  0,  0,  0,  0,  6,  0,  0, ],
[ 0,  0,  0,  0,  0,  0,  0,  0,  0,  0,  0, 14,  0,  0,  0,  0,  0, 11,  0,  0, 14,  0,  0,  0, ],
[ 0,  0,  0,  0,  0,  0,  0,  0,  0,  0,  0,  0, 10,  0,  0,  0,  4,  0,  0, 13,  0,  0,  0, 14, ],
[ 1,  0,  0,  0,  0,  0,  0,  0,  6,  0,  0,  0,  0,  0,  0,  0,  0,  0,  0, 13,  0,  0,  0,  0, ],
[ 0,  0,  0,  0,  0,  0,  0,  0,  0,  0,  0,  0,  0,  0,  0,  0,  0,  0,  9,  0,  0,  0,  5,  0, ],
[ 2,  0,  0,  0,  0,  0,  0,  0,  0,  0,  0,  0,  0,  0,  0,  0,  0,  0,  0,  0,  0,  0,  0,  0, ],
[ 0,  0,  0,  0,  0,  0,  0,  0, 10,  0,  0,  0,  0,  0,  0,  0,  0,  0,  0,  0,  0,  0,  0,  0, ],
[ 0,  0,  0,  0,  0,  0,  0,  0,  0,  0,  9, 14,  0,  0,  0,  0,  0,  0,  0,  0,  0,  1,  0,  0, ],


[-0.2587, 0.7756, ],
[-0.4234, 0.8683, ],
[-0.4792, 0.4941, ],
[-0.9517, -0.8079, ],
[-0.9315, -0.0019, ],
[-0.7482, -0.1307, ],
[0.4362, 0.1666, ],
[-0.3348, 0.1648, ],
[0.2450, 0.9711, ],
[-0.5328, -0.9511, ],
[-0.1447, 0.4995, ],
[-0.5493, -0.1448, ],
[-0.0193, -0.6619, ],
[0.4933, -0.9693, ],
[0.1457, 0.8541, ],
[-0.4610, -0.4380, ],
[-0.5472, 0.2964, ],
[-0.1988, 0.3640, ],
[-0.5552, 0.4281, ],
[0.1636, 0.9811, ],
[-0.7522, 0.9736, ],
[-0.1865, -0.3555, ],
[-0.0379, 0.1289, ],
[-0.0124, 0.7199, ],
[-0.3537, 0.3192, ],
[-0.3093, 0.2948, ],
[0.3897, 0.4266, ],
[-0.6605, -0.5443, ],
[-0.4132, -0.7037, ],
[0.8267, -0.4441, ],
[-0.2636, -0.4643, ],
[0.2631, 0.5813, ],
[0.5511, -0.5209, ],
[0.7645, 0.6415, ],
[0.6326, -0.7520, ],
[0.2734, -0.7668, ],
[0.5388, 0.2469, ],
[-0.3478, 0.3832, ],
[0.1292, 0.8938, ],
[0.3333, -0.7733, ],
[-0.5030, 0.8623, ],
[-0.8878, -0.4050, ],
[-0.8135, 0.7363, ],
[0.2202, -0.0343, ],
[0.4532, 0.7671, ],
[-0.4661, -0.9704, ],
[-0.2301, -0.2085, ],
[-0.2695, -0.4385, ],
[0.4335, 0.1269, ],
[0.5490, -0.2026, ],
[-0.7100, -0.6164, ],
[-0.9995, 0.2081, ],
[-0.1336, 0.0950, ],
[0.0591, -0.3626, ],
[-0.2470, 0.1408, ],
[-0.6251, -0.9664, ],
[-0.8008, -0.5915, ],
[-0.4981, -0.2210, ],
[0.8845, 0.3461, ],
[-0.9136, 0.6861, ],
[-0.5784, 0.1488, ],
[0.0229, 0.5986, ],
[-0.2651, 0.6095, ],
[0.4365, -0.7846, ],
[0.7112, -0.9195, ],
[0.6790, 0.1552, ],
[0.3547, -0.8740, ],
[-0.5529, 0.2177, ],
[0.9533, 0.6509, ],
[0.8526, 0.3259, ],
[-0.6591, -0.0211, ],
[0.0957, -0.5202, ],
[0.3062, 0.5546, ],
[-0.5258, 0.1025, ],
[-0.4011, -0.9314, ],
[-0.1448, -0.4893, ],
[-0.4209, 0.7248, ],
[0.7446, 0.2949, ],
[0.6032, 0.9265, ],
[-0.9993, 0.1560, ],
[-0.3791, -0.4008, ],
[-0.3964, -0.4886, ],
[-0.8650, 0.2923, ],
[-0.3829, -0.4470, ],
[-0.2500, -0.4105, ],
[0.3549, -0.7743, ],
[0.5857, -0.5269, ],
[0.4587, 0.8740, ],
[0.8979, 0.8857, ],
[0.3272, 0.0130, ],
[0.1321, -0.6672, ],
[0.2401, -0.5604, ],
[-0.1343, -0.7804, ],
[0.2591, -0.6541, ],
[-0.4900, -0.3932, ],
[0.0793, -0.4987, ],
[0.1670, 0.7192, ],
[0.1096, -0.9389, ],
[0.0052, 0.3981, ],
[0.1152, -0.4053, ],


[5.0000, ],
[11.0000, ],
[4.0000, ],
[7.0000, ],
[8.0000, ],
[9.0000, ],
[8.0000, ],
[9.0000, ],
[0.0000, ],
[0.0000, ],
[0.0000, ],
[8.0000, ],
[4.0000, ],
[13.0000, ],
[11.0000, ],
[12.0000, ],
[0.0000, ],
[9.0000, ],
[13.0000, ],
[3.0000, ],
[2.0000, ],
[7.0000, ],
[11.0000, ],
[1.0000, ],
[9.0000, ],
[5.0000, ],
[10.0000, ],
[9.0000, ],
[8.0000, ],
[5.0000, ],
[9.0000, ],
[9.0000, ],
[8.0000, ],
[0.0000, ],
[6.0000, ],
[16.0000, ],
[8.0000, ],
[7.0000, ],
[4.0000, ],
[10.0000, ],
[4.0000, ],
[3.0000, ],
[4.0000, ],
[5.0000, ],
[7.0000, ],
[11.0000, ],
[0.0000, ],
[10.0000, ],
[4.0000, ],
[14.0000, ],
[13.0000, ],
[0.0000, ],
[1.0000, ],
[9.0000, ],
[12.0000, ],
[5.0000, ],
[3.0000, ],
[4.0000, ],
[8.0000, ],
[4.0000, ],
[3.0000, ],
[14.0000, ],
[13.0000, ],
[10.0000, ],
[15.0000, ],
[8.0000, ],
[7.0000, ],
[10.0000, ],
[8.0000, ],
[11.0000, ],
[3.0000, ],
[4.0000, ],
[14.0000, ],
[7.0000, ],
[9.0000, ],
[13.0000, ],
[4.0000, ],
[5.0000, ],
[4.0000, ],
[13.0000, ],
[8.0000, ],
[8.0000, ],
[10.0000, ],
[3.0000, ],
[4.0000, ],
[3.0000, ],
[5.0000, ],
[3.0000, ],
[4.0000, ],
[6.0000, ],
[7.0000, ],
[19.0000, ],
[5.0000, ],
[12.0000, ],
[14.0000, ],
[8.0000, ],
[5.0000, ],
[1.0000, ],
[4.0000, ],
[8.0000, ],


