[ 0, 12,  0,  0,  0, 12,  0, 11,  0, 13,  0,  0,  0,  0,  0,  0,  0,  0,  0,  0,  0,  0,  0,  0, ],
[ 0,  0,  0,  0,  0,  0,  0,  0,  0,  0,  0,  0,  7,  0,  0,  0,  0,  8,  0,  0,  0,  0,  0,  0, ],
[ 0,  0, 12,  0,  0,  0,  0,  0,  0,  0,  0,  0,  0,  0,  0,  0,  0,  0,  0,  0,  0,  0,  0,  0, ],
[ 0,  0,  0,  2,  0,  0,  0,  0,  0,  0,  0,  0,  0,  0,  2,  0,  0,  0,  0,  0,  0,  0,  0,  0, ],
[ 0,  0,  0,  0,  0,  0,  0,  0,  0,  0,  0,  0,  0,  0,  0,  0,  0,  0,  0,  0,  0,  0,  0, 14, ],
[ 0,  0,  0,  0,  0,  0,  0,  0,  0,  0, 11,  0,  0,  0,  0,  0,  0,  0,  0,  0,  0,  0,  0,  0, ],
[ 0,  0,  0,  0,  0,  0,  0,  0,  0,  0,  0,  0,  0,  0,  0,  5,  0,  0,  0,  0,  2,  0,  8,  0, ],
[ 0,  0,  0,  0,  0,  0,  0,  0,  0,  0,  0,  0,  0,  0,  0,  0,  0,  0,  0,  0,  0,  0,  0,  0, ],
[ 0,  0,  4,  0,  0,  0,  0,  0,  0,  0,  0,  0,  0,  0,  0,  0,  0,  0,  0,  0,  2,  0,  3, 14, ],
[ 0,  0,  0,  0,  0,  0,  0,  0,  0,  0, 11,  0,  0,  0,  0,  0,  0,  0,  0,  0,  0,  0,  0,  0, ],
[ 0,  0,  0,  0,  0,  0,  0,  0,  0,  6,  0,  0,  0,  0,  0,  9, 11,  0,  0,  0,  0,  8,  0,  0, ],
[ 0,  0,  0,  0,  0,  0,  0,  0,  0,  0,  0,  0, 14,  0,  8, 11,  0,  0, 11,  0,  0,  0,  0,  0, ],
[ 0,  1,  0,  2, 12,  0,  0,  0,  0,  0,  0,  0,  0,  0,  0,  0,  0,  0,  8,  5,  0,  0,  0,  0, ],
[ 0,  0,  0,  0,  0,  0,  0,  0,  0,  0,  0,  0,  0,  0,  0,  0,  0,  0,  0,  0,  0,  6,  0,  0, ],
[ 0,  0,  0,  0,  0,  1,  0,  0,  0,  0,  0,  0,  0,  0,  0,  0,  0,  0,  0,  0,  0,  7,  0,  0, ],
[ 0,  0,  0,  2,  0,  0,  0,  0,  8,  0,  0,  0,  0,  0,  0,  0,  0,  0,  0,  0,  1,  0,  9,  0, ],
[ 0,  0,  0,  0,  0,  0,  0,  1,  0,  0,  0,  0,  9,  0,  3,  0,  0,  0,  0,  0,  0,  0,  4,  7, ],
[ 0,  0,  0,  0,  0,  0,  0,  0,  0,  0,  0,  4,  0,  0,  0,  0,  0, 11,  0,  0,  0,  0,  0,  0, ],
[ 0,  0,  0,  0,  0,  0,  0,  0,  0,  0,  0, 14,  0,  3,  0,  0,  0,  0,  1,  0,  0,  0,  0,  0, ],
[ 8,  0,  0,  0,  0,  0,  0,  0,  0,  8,  0,  0,  0,  0,  0,  0,  0,  0,  0,  0,  0,  0,  0,  0, ],
[ 0,  0,  0,  0,  0,  0,  0,  0,  0,  0,  0,  0, 13,  1,  0,  0,  0,  0,  0,  0,  0,  0,  7,  0, ],
[ 0,  0,  0,  0,  0,  0,  0,  0,  0,  0,  0,  0,  0,  0,  0,  0,  0,  0,  0,  0,  0,  0,  0,  0, ],
[ 0,  0,  0,  0,  0,  3,  0,  0,  0,  0,  0,  0,  0,  0,  0,  0,  0,  0,  0,  0,  0,  0,  0,  0, ],
[ 0,  0,  0,  0,  3,  9,  0,  0,  0,  0,  0,  0,  0,  0,  0,  0,  0,  0,  0,  0,  0,  0,  0,  0, ],
[ 0,  0,  0,  0,  0,  8,  0,  0,  0,  0,  0,  0,  0,  0,  0,  0,  0,  0,  0,  0,  0,  0,  0,  0, ],
[ 0,  0,  0,  0,  0,  0,  0,  0,  0,  0,  0,  0,  0,  0,  0,  0,  0,  0,  0, 12,  0,  0,  0,  0, ],
[ 0,  0,  0,  0,  0,  0,  0,  0,  0,  8,  0,  0,  0,  0,  1,  0,  0,  0,  0,  0,  0,  0,  0,  0, ],
[ 2,  0,  0,  0,  1,  0,  0,  0,  0,  0,  0,  0,  0,  0,  9, 11,  0,  0,  0,  0,  0,  0,  0,  0, ],
[ 2,  0,  0,  0,  0,  0,  0,  0,  0,  0,  0,  0,  0,  0,  0,  0,  0,  0,  0,  0,  0,  0,  0,  0, ],
[ 0,  0,  0,  0,  0,  0,  0,  0,  0,  4,  0,  0, 13,  0,  0,  6,  0,  0,  0,  0,  0,  0,  0,  0, ],
[ 0,  0,  0,  0,  0,  0,  0,  0,  0,  0,  0,  0, 11,  0,  0,  0, 13,  0,  0,  0,  0,  0,  0,  0, ],
[ 0,  0,  0,  0,  0,  0,  0,  0,  6,  0,  0,  0,  0,  0,  0,  0,  0,  0,  0,  0,  0,  0,  0,  0, ],
[ 9,  0, 12,  0,  0,  0, 10,  0,  0, 11,  0,  0,  0,  0,  0,  0,  0,  0,  0,  0,  0,  0,  0,  0, ],
[ 0,  0,  5,  0,  0,  0,  0,  5,  0,  0,  0,  0,  0,  0,  0,  0,  0,  0,  0,  0,  0,  0,  0, 12, ],
[ 0,  0,  0,  0,  0,  0,  0,  0,  2,  0,  0,  0,  0,  0,  0,  0,  0,  0,  0,  0,  0,  0,  0,  0, ],
[ 0,  0,  0,  0,  0,  0,  0,  5,  0,  0,  0,  0,  0,  0,  0,  0,  0,  1,  0,  0,  0,  0,  0,  0, ],
[ 0, 13,  0,  1,  0,  8,  0,  0,  0,  0,  0,  0,  0,  6,  0,  0,  0,  0,  0,  0,  0,  0,  0,  0, ],
[ 2,  1,  0,  0,  0,  0,  0,  0,  0,  0,  0,  0,  0,  0,  0,  0,  0,  0,  6,  0,  0,  0,  0,  0, ],
[ 0,  0,  0,  0,  0,  0, 14, 11,  0,  0,  0,  0,  0,  0,  0,  8,  0,  0,  0,  0,  0,  0,  0,  0, ],
[ 0,  0,  0,  0,  0,  0,  0,  0,  0,  0,  0,  0,  0,  0,  0,  0,  0,  0,  8,  0,  9,  0,  0,  0, ],
[ 0,  0,  0,  0,  0,  0,  0,  0, 10,  0,  0,  0,  0,  0,  0,  0,  1,  0,  0, 12,  0,  0, 13,  0, ],
[ 0,  0,  0,  8,  0,  0,  9,  0,  0,  0,  1,  0,  0,  0,  0,  0,  0,  0,  0,  0,  0,  0,  0,  0, ],
[ 0,  0,  0,  4,  0,  0,  0,  0,  0,  0,  0,  0,  0,  0,  0,  4,  0,  0,  0,  0,  0,  0,  0,  0, ],
[ 0,  0,  0,  0,  0,  0,  0,  0,  0,  0,  0,  0,  0,  0,  0,  0,  0,  0,  0,  0,  0,  0,  0,  0, ],
[ 3,  0,  0,  0,  0,  0,  0,  0,  0,  0,  0,  0,  0,  0,  0,  0,  0,  0,  0,  0,  0,  0,  0,  0, ],
[ 0,  0,  0,  0,  0,  4,  0,  0,  0,  0,  0,  0, 13,  0,  0,  0,  0,  0,  0,  0,  0,  0,  0,  0, ],
[ 0,  0,  4,  0,  0,  0, 10,  8,  2,  2,  0,  0,  0,  0,  0,  0,  0,  0, 14,  0,  0,  0,  0,  9, ],
[12,  0,  0,  0,  0,  0,  0,  0,  0,  0,  0,  0,  0,  0,  0,  1,  0,  0,  0,  0,  0,  0,  0,  0, ],
[ 0,  0,  0,  0,  0,  0,  0,  0,  0,  0,  0, 10,  0,  0,  0,  0,  0,  2,  0,  0,  0,  0,  6,  0, ],
[ 0,  0,  0,  2,  0,  0,  0,  0,  0,  0,  0, 14,  0,  0,  0,  0,  0,  3,  0,  0,  0,  0,  0,  0, ],
[ 0,  0,  0,  0,  0,  0,  0,  0,  0,  0,  0,  0,  0,  0,  0,  0,  0,  2,  0,  0,  0,  0,  0,  0, ],
[ 0,  0,  0,  0,  0,  0,  0,  0,  6,  0,  0,  0,  0,  0,  0,  0,  0,  0,  0,  3,  0, 11,  0,  9, ],
[ 0,  0,  0,  0,  0,  0,  0,  0,  0,  0,  0,  0,  0,  0,  0,  0,  0,  0,  0,  0,  0,  0,  0,  0, ],
[ 0,  0, 12,  0,  0,  0,  0, 14,  0,  0,  0,  0,  0,  0,  0,  0, 12,  9,  0,  0,  0,  0,  0,  0, ],
[ 0,  0,  0,  0,  0,  0,  0,  0,  0,  0,  0,  0, 13,  0,  0,  0,  0,  0,  0,  0,  0,  0,  0, 14, ],
[ 0,  0,  0,  0,  3,  0,  0,  0,  0,  0,  0,  0,  0,  0,  5,  0,  0,  0,  0,  0,  0,  0,  0,  0, ],
[ 0,  8,  0,  0,  0,  0,  1,  0,  0,  0,  0,  0,  0,  0,  0,  0,  0,  0,  0,  0,  0,  0,  0,  0, ],
[ 0,  0,  0,  0, 12,  0,  0,  0, 12,  0,  0,  9,  0,  0,  0,  0,  0,  0,  0,  0,  0,  0,  0,  0, ],
[ 0,  0,  0,  0,  0,  0,  1,  0,  0,  9,  0,  0,  0,  7,  0,  0,  0,  0,  0,  6,  0,  0,  0, 12, ],
[ 0,  0,  0,  0,  0,  0,  0,  0,  0,  0,  0,  0,  0,  0,  0,  0,  0,  0, 14,  0,  0,  0, 12,  7, ],
[ 0,  4,  0,  0,  0,  0,  0,  0,  0,  0,  0,  0,  0,  0,  0,  8,  0,  0, 12,  0,  0,  4,  0,  0, ],
[ 0,  0,  0,  0,  0,  0,  0,  0,  0,  0,  9,  0,  0,  0,  0,  0,  0,  0,  0,  0,  0,  0,  0,  0, ],
[ 0,  0,  0,  0,  0,  0,  0,  0,  0,  0,  0, 14,  0,  0,  0,  0,  0,  0,  0,  0,  0,  0,  0,  0, ],
[ 0,  0,  0,  0,  0,  0,  0,  0,  0,  0,  0,  0,  2,  0,  0,  0,  0,  0,  0,  0,  0,  0,  0,  0, ],
[ 0,  0,  0,  0,  2,  0,  0,  0,  0,  0,  0,  0,  0,  0,  0,  7, 12,  0,  9,  0,  0,  0,  0,  0, ],
[ 0,  0,  0,  0,  0,  0,  0,  0,  0,  0,  0,  0,  0,  0,  5, 14,  0,  0,  0,  0,  0,  0,  0,  0, ],
[ 0,  0,  0,  0,  0,  0,  0,  0,  0,  0,  0,  0,  0,  0,  0,  0,  0,  0,  0, 11,  0,  1,  0,  0, ],
[ 0,  0,  0,  0,  0,  0,  0,  0,  0,  0,  0,  0,  0,  0,  0,  0,  0,  0,  0,  0,  0,  0,  0, 10, ],
[ 0,  0,  0,  0,  0,  0,  0,  0,  0,  0,  0,  0,  0,  0,  0,  0,  0,  0,  0,  0,  0,  0,  0,  0, ],
[ 0,  7,  0,  0,  0,  0,  0,  0,  3,  4,  0,  0,  0,  0,  0, 10,  0,  2,  0,  0,  0,  0,  0,  0, ],
[ 0,  0,  0,  2,  0,  0,  0,  0,  7,  0,  0,  0,  0,  0,  5,  0,  0,  0,  0,  0,  0,  0,  0,  8, ],
[ 0,  0,  0,  0,  0,  0,  0,  0,  0, 10,  0,  2,  0,  0,  0,  0,  0,  0,  0,  0,  0,  0,  0,  9, ],
[ 0,  0,  0,  0,  0,  3,  0,  0,  1, 11,  0,  0,  0,  0,  6,  0,  0,  0, 11,  0,  0,  0,  0,  0, ],
[ 0,  0,  0,  0,  0,  0,  0,  0,  0,  0,  0,  9,  0,  0,  0,  0,  0, 13,  0,  0,  0,  0,  0,  0, ],
[ 0,  2,  0,  0,  0,  0,  0,  8,  0,  0,  0,  0,  0,  0,  0,  0,  0,  0, 11, 10,  0,  0,  0,  0, ],
[ 0,  0,  0,  0,  1,  0,  0,  0,  0,  0, 11,  0,  1,  0,  0,  0,  0,  7,  0,  0,  0,  0,  0,  0, ],
[ 0,  0,  0,  0,  0,  0,  0,  0,  0,  0,  0,  0,  0,  0,  0,  0,  0, 11,  0,  8,  0,  0,  0,  0, ],
[ 0,  0,  0,  0,  0,  0,  0,  0,  0,  0,  0, 12,  0,  0, 12,  0,  0,  0,  0,  0,  0,  0,  0,  0, ],
[ 0,  0,  0,  0,  0,  0, 13,  0,  0,  0,  0,  0,  0,  0,  0,  5,  0,  0,  0,  0,  0,  0,  4,  0, ],
[ 0,  3,  0,  0,  0,  0,  0,  0,  0,  0,  0,  0,  0,  0,  0, 14,  0,  0,  0,  0,  0,  0,  0,  0, ],
[ 0,  0,  0,  0,  5,  0,  0,  0,  0,  0, 10,  0,  0,  3,  2,  0,  0,  0,  0,  0,  0,  0,  0,  1, ],
[ 0,  0,  0,  0,  0,  0,  0, 11,  0,  0,  0,  0,  0,  0,  0,  0,  5,  0,  0, 10,  0,  0,  4,  0, ],
[ 0,  0,  0,  0,  0,  0,  0,  6, 12,  5,  0,  0,  0,  0,  0,  0,  0,  0,  0,  0,  0,  0,  0,  0, ],
[ 0,  0,  0,  0,  0,  0,  0,  0,  0,  0,  0,  0,  0,  0,  0,  0, 13,  0,  0,  0,  0,  0,  0,  0, ],
[ 0,  0,  0,  4,  7, 14,  0,  1,  0,  0,  0,  0,  0,  0,  0,  0,  0,  0,  0,  0,  0,  0,  0,  0, ],
[ 0,  0,  0,  0,  0,  0,  0,  0,  0,  0,  0,  0,  0,  0,  0,  9,  0,  0,  0,  0,  0,  0,  0,  0, ],
[ 0,  0,  0,  0,  0,  0,  0,  0,  0,  0,  0,  0,  0, 12,  0,  0,  0,  0,  0,  0,  0, 14,  0,  0, ],
[ 0,  0,  0,  3,  0,  0,  0,  0,  0,  0,  0,  0,  0, 12,  0,  0,  0,  0,  0,  1,  0,  0,  0,  5, ],
[ 0,  0,  0,  0,  0, 14,  9,  1,  0,  0,  0,  0,  0,  0,  0,  0,  0,  0,  0,  0,  0,  0,  0,  0, ],
[ 0,  0,  0,  7,  0,  0,  0,  0,  7,  0,  0,  0,  0,  0,  0,  0,  0,  0,  0,  0,  0,  0,  0,  0, ],
[ 0,  0,  4, 13,  0,  0, 10,  0,  0,  0,  0,  0,  0,  0,  0,  0,  0,  0,  0,  0,  0,  0,  0,  0, ],
[ 0,  0,  0,  0,  0,  0,  0,  5,  0,  0,  0,  0,  0,  0,  7,  0,  0,  0,  8,  0,  0,  0,  0,  5, ],
[ 0,  0,  0,  0,  0,  0,  0, 11,  0,  0,  0,  0,  0,  0,  7,  0,  0,  0,  0,  0,  1,  0,  0,  0, ],
[ 0,  0,  0,  0,  0,  0,  0,  0,  0,  0,  0,  0,  0,  0,  0,  0,  0,  0,  0,  0,  9, 11,  0,  0, ],
[ 5,  0,  0,  0,  0,  0,  0,  0,  0,  0,  0,  0,  0,  0,  0,  0,  0,  0,  0,  0,  6,  0,  0,  0, ],
[ 0,  0,  0,  0,  0,  0,  0,  0,  1,  0,  0,  0,  6,  0,  8,  0,  0,  0,  0,  0,  0,  0,  0,  0, ],
[ 0,  0,  0,  8,  0,  0,  0,  0,  0,  0,  0,  0,  0,  0,  0,  0,  0,  0,  0,  0,  0,  0,  0,  0, ],
[ 0,  0,  0,  0,  0,  0,  0,  0,  0,  0,  0,  0,  0,  0,  0,  0,  0,  0,  0,  0,  0,  0,  0,  0, ],
[ 0,  0,  0,  0,  0,  0,  0,  7,  0,  0,  9,  0,  0,  0,  0,  0,  0,  0,  0,  0,  0,  0,  0,  0, ],
[ 0,  0,  0,  0,  0,  0,  0,  0,  0,  0,  0,  9,  0,  5, 13,  0,  0,  0,  0,  0,  0,  0,  0,  0, ],


[-0.9393, 0.3125, ],
[0.2472, 0.3973, ],
[0.6615, -0.4079, ],
[0.5553, 0.2179, ],
[-0.5196, -0.8213, ],
[-0.7050, 0.7068, ],
[0.0051, 0.2522, ],
[0.9827, -0.7422, ],
[-0.7275, 0.9897, ],
[-0.4828, -0.2722, ],
[0.9982, 0.2542, ],
[0.7533, -0.0802, ],
[0.0720, -0.4126, ],
[-0.9166, 0.7920, ],
[-0.3033, -0.1170, ],
[0.2738, 0.4894, ],
[0.8364, -0.7033, ],
[-0.4903, -0.7316, ],
[-0.3001, 0.0828, ],
[0.3889, -0.4715, ],
[0.0821, -0.4615, ],
[-0.6010, 0.2884, ],
[0.1043, 0.0350, ],
[0.8185, 0.4026, ],
[0.3053, 0.4937, ],
[0.3378, -0.6409, ],
[0.3721, 0.6768, ],
[0.1718, -0.1733, ],
[0.2049, -0.9918, ],
[-0.7196, -0.4660, ],
[-0.5054, 0.5705, ],
[0.0429, 0.0868, ],
[-0.6520, -0.0934, ],
[0.4737, -0.8797, ],
[0.4616, 0.7562, ],
[0.1407, 0.2107, ],
[0.1570, 0.2094, ],
[0.6629, 1.0000, ],
[0.3115, -0.5597, ],
[-0.1217, -0.1536, ],
[-0.2164, 0.0109, ],
[0.4090, -0.7676, ],
[-0.3353, 0.8899, ],
[0.6920, -0.8519, ],
[1.0000, -0.5946, ],
[-0.3262, -0.1357, ],
[-0.4413, -0.3325, ],
[-0.1635, 0.8729, ],
[-0.1974, -0.2438, ],
[-0.8853, 0.8816, ],
[-0.2043, 0.8468, ],
[0.8468, 0.0150, ],
[0.8674, 0.7512, ],
[-0.5320, 0.5664, ],
[-0.7482, -0.6879, ],
[0.1216, -0.3927, ],
[-0.4846, 0.5332, ],
[0.8692, 0.4849, ],
[-0.8320, 0.9950, ],
[0.5103, -0.6961, ],
[0.0691, 0.4027, ],
[0.9295, -0.1291, ],
[0.9134, 0.1883, ],
[0.4113, 0.3298, ],
[-0.7632, -0.4297, ],
[-0.9500, -0.7702, ],
[0.3031, -1.0000, ],
[-0.1772, 0.1965, ],
[-0.6948, -0.9175, ],
[0.5534, 0.3329, ],
[0.8670, -0.1288, ],
[0.4691, 0.9926, ],
[-0.6946, -0.4942, ],
[0.8853, -0.0050, ],
[0.8347, -0.6747, ],
[0.3909, 0.9512, ],
[0.4082, -0.3199, ],
[0.0971, -0.3893, ],
[-0.0079, -0.7460, ],
[0.0828, 0.0610, ],
[-0.4797, 0.6021, ],
[0.3747, 0.0721, ],
[0.0604, -0.5464, ],
[-0.2819, 0.4880, ],
[-0.5743, 0.0184, ],
[0.9448, 0.5785, ],
[-0.2862, -0.5163, ],
[0.7668, 0.2591, ],
[-0.6310, -0.6138, ],
[-0.0613, 0.4399, ],
[-0.8348, 0.3504, ],
[-0.6758, -0.7829, ],
[0.8661, 0.3853, ],
[0.8028, 0.7118, ],
[0.1494, -0.6177, ],
[-0.5605, 0.6077, ],
[-0.5693, -0.3166, ],
[-0.0906, -0.0959, ],
[-0.0030, 0.4121, ],
[0.0151, 0.2410, ],


[16.0000, ],
[6.0000, ],
[4.0000, ],
[2.0000, ],
[4.0000, ],
[4.0000, ],
[6.0000, ],
[0.0000, ],
[9.0000, ],
[4.0000, ],
[13.0000, ],
[15.0000, ],
[11.0000, ],
[3.0000, ],
[4.0000, ],
[8.0000, ],
[11.0000, ],
[6.0000, ],
[7.0000, ],
[6.0000, ],
[8.0000, ],
[0.0000, ],
[2.0000, ],
[5.0000, ],
[3.0000, ],
[4.0000, ],
[4.0000, ],
[9.0000, ],
[1.0000, ],
[9.0000, ],
[8.0000, ],
[3.0000, ],
[15.0000, ],
[8.0000, ],
[1.0000, ],
[3.0000, ],
[11.0000, ],
[5.0000, ],
[11.0000, ],
[6.0000, ],
[13.0000, ],
[7.0000, ],
[4.0000, ],
[0.0000, ],
[2.0000, ],
[6.0000, ],
[18.0000, ],
[5.0000, ],
[8.0000, ],
[7.0000, ],
[1.0000, ],
[12.0000, ],
[0.0000, ],
[15.0000, ],
[8.0000, ],
[4.0000, ],
[4.0000, ],
[11.0000, ],
[14.0000, ],
[11.0000, ],
[11.0000, ],
[3.0000, ],
[4.0000, ],
[1.0000, ],
[11.0000, ],
[6.0000, ],
[5.0000, ],
[4.0000, ],
[0.0000, ],
[12.0000, ],
[9.0000, ],
[8.0000, ],
[14.0000, ],
[7.0000, ],
[12.0000, ],
[9.0000, ],
[7.0000, ],
[8.0000, ],
[8.0000, ],
[6.0000, ],
[10.0000, ],
[12.0000, ],
[9.0000, ],
[4.0000, ],
[10.0000, ],
[3.0000, ],
[8.0000, ],
[9.0000, ],
[8.0000, ],
[6.0000, ],
[10.0000, ],
[10.0000, ],
[8.0000, ],
[7.0000, ],
[5.0000, ],
[7.0000, ],
[3.0000, ],
[0.0000, ],
[6.0000, ],
[9.0000, ],


