[ 0,  0,  0,  0,  0,  0,  2, 11,  0,  5,  0,  0,  0,  0,  0,  0,  0,  0,  0,  0,  0,  0,  0,  0, ],
[ 0,  0,  0,  0,  0,  0,  0,  0,  0,  0,  0,  0,  0, 13,  0,  0,  0,  0,  0,  0,  0,  0,  0,  0, ],
[ 0,  8,  0,  1,  0,  0,  0,  0,  0,  0,  0,  0,  0,  0,  0,  2,  0,  0,  0,  1,  0,  0,  0,  0, ],
[ 0, 13,  0,  0,  0,  0,  0,  0,  0,  0,  0,  0,  0,  0,  0,  0,  0,  0,  0,  0,  0,  0,  0,  0, ],
[ 0,  0,  0,  0,  0,  0,  0,  0,  0,  0,  0,  0,  0,  0, 11,  0,  0,  0,  0,  0,  0,  0,  0,  0, ],
[ 0,  0,  0,  0,  0,  0,  5,  0,  0,  0,  0,  0,  0,  0,  0,  0,  0,  0,  0,  0,  0,  0,  0,  0, ],
[ 0,  4,  0,  0, 11,  0,  0,  0,  0,  0,  0,  0,  0,  0,  0, 13,  0,  8,  0,  2,  0,  0,  0,  0, ],
[ 0,  0,  0,  0,  0,  0,  0,  0,  5,  0,  0,  0,  6,  0,  0,  0,  0,  0,  0,  1,  0,  0,  0,  0, ],
[ 0,  0,  0,  0,  0,  0,  0,  0,  0,  0,  0,  0,  0,  0, 12,  0,  0,  0,  9,  0,  2,  0,  0,  0, ],
[ 0,  0,  0,  0,  0,  0,  0,  0,  0,  0,  0,  0,  0,  3,  0,  0,  0,  0,  0,  0,  0,  0,  0,  0, ],
[ 0,  0,  0,  0,  0,  0,  0,  0,  4,  0,  0,  0,  0,  0,  0,  9,  0,  0,  0,  0,  0,  0,  0,  0, ],
[ 0,  0,  0,  0,  0,  0,  0,  0,  0,  0,  0,  0, 14,  0,  0,  0,  0,  0,  0,  0,  0,  0,  0,  0, ],
[ 0,  0,  0,  0,  0,  0,  0,  0,  0,  0,  0,  0,  3,  0,  0,  0,  0,  2,  8,  0,  0,  0,  0,  0, ],
[ 0,  0,  0,  0,  0,  3,  7,  6,  0,  0,  0,  0,  0,  0,  0,  0,  0,  0,  0,  0,  0,  0,  0,  0, ],
[ 0,  0,  0,  0, 11,  0,  0,  0,  0,  0,  0,  0,  0,  0,  0,  0,  0,  0,  0,  0,  0,  0,  3,  0, ],
[ 0,  0,  0,  0,  0,  0,  0,  0,  0,  0,  0,  0,  0,  0,  0,  0,  0,  0,  0,  0,  0,  0,  0,  0, ],
[ 0,  0,  0,  0,  0,  5,  6,  1,  0,  0,  0,  0,  9,  0,  1,  0,  0,  0,  0,  0,  0,  0,  0,  7, ],
[ 0,  0,  0,  0,  0,  0,  0,  0,  7,  0,  0,  0,  0,  0,  0,  0,  0,  0,  0,  0,  0,  0,  0,  0, ],
[ 0, 10,  0,  0,  0,  0,  0,  0,  0,  0,  0,  0,  0,  0,  0,  0,  0,  0,  0,  0,  0,  0,  5,  0, ],
[ 0,  0,  2,  0,  0,  0,  0,  0,  0,  0, 11,  0,  0, 10,  0,  5,  0,  0,  0,  0,  0,  0,  0,  0, ],
[ 0,  0,  0, 13,  0,  0,  0,  0,  0,  0,  0,  0, 13,  0,  0,  0,  0,  0,  0,  0,  0,  0,  0,  0, ],
[ 0,  0,  0,  0,  0,  0,  5,  0,  0,  0,  0,  0,  2,  0,  0,  0,  0,  0,  9,  0,  0,  0,  0,  0, ],
[ 0,  0,  7,  0, 12,  0,  0,  2,  0,  0,  0,  0,  0,  0,  0,  0,  0,  0,  0,  0,  0,  0,  0,  0, ],
[ 0,  0,  6,  0,  3,  0,  0,  0,  0,  0,  0,  0,  0,  0,  0,  0,  0,  8,  0,  0,  0,  0,  0,  0, ],
[ 0,  0,  0,  0,  0,  0,  0,  0,  0,  0,  0,  0,  0,  0,  7,  0,  0,  0,  0,  0,  0,  0,  0,  0, ],
[ 0,  0,  0,  0, 13,  0,  0,  0,  0,  0,  0,  0,  0,  0,  0,  0,  0,  0,  0,  0,  0,  0,  0,  0, ],
[ 0,  0,  1,  0,  0,  0,  0,  0,  0,  0,  0,  0,  0,  0,  0,  0,  0,  0,  0,  0,  0,  0,  0,  0, ],
[ 0,  0,  0,  0,  0,  0,  0,  0,  0,  0,  0,  0,  0,  0,  0,  0,  0,  0,  0,  0,  0, 11,  0,  0, ],
[ 0,  0,  0,  0,  0,  0,  0,  0,  0,  0,  0,  0,  0,  0,  6,  0,  0,  0,  0,  0,  0,  6,  0,  0, ],
[ 0,  0,  0,  0,  0,  0,  0,  0,  5,  0,  0,  0,  0,  0,  0,  0,  0,  0,  0,  0,  0,  0,  0,  0, ],
[ 0,  0,  0,  0,  0,  0,  0,  0,  0,  0,  0,  0,  1,  0,  0,  0,  0,  0,  0,  0,  0,  0,  0,  0, ],
[ 0,  0,  0,  5,  0,  0,  0,  0,  0,  0,  0,  0,  0,  0,  0,  0,  0,  0,  0,  0,  0,  0,  0,  0, ],
[ 0,  0,  0,  0,  0,  0,  0,  0,  0,  0,  0,  0,  0,  0,  0,  0,  0,  0,  0,  0,  0,  0,  0,  0, ],
[ 0,  5,  0, 11,  0,  0,  0, 11,  0,  0,  0,  0,  0,  0,  0,  1,  0,  2,  0,  0,  0,  0,  0,  0, ],
[ 0,  0,  0,  0,  0,  0,  0,  0,  0,  0,  0,  0,  0,  0,  0,  5,  0,  0,  0,  0,  0,  0,  0,  0, ],
[ 0, 13,  0,  0, 14,  0,  0,  7,  0,  0,  6,  0,  0,  0,  0,  0,  0,  0,  0,  0,  0,  0,  0,  0, ],
[ 0,  0,  0,  0,  0,  0,  0,  0, 11,  0,  0,  0,  0,  0,  0,  0,  0,  0,  0, 11,  0,  0,  0,  0, ],
[ 0,  0,  0, 14,  0,  0,  0,  0,  0,  0,  0,  0,  0,  0,  0,  0,  0,  0,  0,  0,  0,  8,  0,  0, ],
[ 0,  0,  0,  0,  0,  0,  0,  0,  0,  0,  0,  0,  0,  0,  0,  0,  5,  0,  0,  8,  0,  0,  3,  0, ],
[ 0,  0,  0,  0,  0,  0,  0,  0,  0,  0,  0,  0,  0,  0,  0,  2,  0,  4,  0,  0,  6,  0,  0,  0, ],
[ 0,  0,  0,  0,  0,  0,  0,  0,  0,  0,  0,  0,  0,  0,  0,  0,  0,  0,  0,  0,  0,  0,  2,  0, ],
[ 0,  0,  0,  0,  0,  0,  0,  0,  0, 10,  0,  0,  0,  0,  0,  0,  0,  0,  0,  0, 10,  0,  0,  0, ],
[ 0,  0,  0,  0,  0,  0,  0,  0,  0,  0,  0,  0,  0,  0,  0,  0,  0,  5,  0,  0,  0,  0,  0,  0, ],
[ 2,  0,  0,  0,  0,  0,  0,  0,  0, 12,  0,  0,  0,  0,  0,  0,  7,  0,  0,  0,  0,  0,  0,  0, ],
[ 0,  0,  0,  0,  0,  0,  0,  0,  3,  0,  0,  3,  0,  0,  0,  0,  0,  0,  0,  0,  0,  0,  3,  0, ],
[ 0,  0,  0,  0,  0,  4,  0,  0,  0,  0,  0,  0,  0,  0,  0,  0,  0,  0,  0,  0,  0,  0, 12,  0, ],
[ 0,  0,  0,  0,  0,  0,  0,  7,  0,  0,  0,  0, 13,  0,  0,  0,  0,  0,  0,  0,  0,  0,  0,  0, ],
[ 0,  0,  0,  0,  0,  0,  0,  0,  0,  0,  0,  0,  0,  0,  0,  0,  0,  0,  0,  0,  0,  0,  0,  0, ],
[ 0,  0,  0,  0,  0,  0,  0,  0,  0, 12,  0,  0, 11,  0,  0,  0, 13,  0,  0,  1,  0, 12,  0,  0, ],
[ 0,  0,  0,  2,  0,  0,  8,  0,  0,  0,  0,  0,  0,  0,  0,  0,  0,  2,  0,  0,  0,  0,  0,  0, ],
[ 0,  0,  0,  0,  0,  0,  0,  0,  0,  0,  0,  0,  0,  0,  0,  0,  0,  2,  0,  0,  0,  0,  0,  0, ],
[ 0,  0,  0,  0,  0,  0,  0,  0,  6,  0,  0,  0,  0,  0,  0,  0,  0,  0,  0,  0,  9,  0,  0,  0, ],
[ 0, 12,  0,  0,  0,  0,  0,  0,  0, 11,  0,  0,  0,  0,  0,  0,  0,  0,  0,  0,  5,  0,  0,  7, ],
[10,  0,  0,  0,  0,  0,  0,  0,  0,  0,  0,  0, 12,  0,  0,  0,  0,  0,  0,  0,  4,  0,  0,  0, ],
[ 0,  0,  0,  0,  0,  0,  0,  0,  0,  0,  0,  0,  0,  0,  0,  7,  0,  0,  0,  0,  0,  0,  0,  0, ],
[ 0,  0,  0,  0,  0,  0,  0,  9,  0,  0,  0, 14,  0,  0,  0,  0,  0,  0,  0,  0,  0,  0,  0,  4, ],
[ 0,  0,  0,  0,  9,  0,  1,  0,  0,  0,  0,  2,  5,  0,  0,  0,  0,  0,  0,  0,  0,  0,  0, 11, ],
[14,  0,  0,  0, 12,  0,  0,  0,  0,  0,  0,  0,  0,  0,  0,  0,  0,  0,  0,  0,  0,  0,  0,  0, ],
[ 0,  0,  0,  0,  0,  0,  0,  0,  0,  0,  0,  0,  7,  0,  0,  0,  0,  0,  0,  0,  0,  0,  0,  0, ],
[ 0,  0, 10,  0,  0,  0,  0,  0,  0,  0,  0,  0,  0,  0,  0,  0,  0,  0,  0,  0,  0,  0,  0,  0, ],
[ 0,  0,  0,  0,  0,  0,  0,  0,  0,  0,  0,  0,  0,  0,  0,  0,  0,  0,  0, 13,  0,  0,  0,  0, ],
[ 0,  0,  0,  0,  0,  0,  0,  0,  0,  0,  9,  0,  0,  0, 13,  0,  0,  0,  0,  1,  0,  0,  1,  0, ],
[ 0,  0,  0,  0,  5, 13,  0,  0,  0,  0,  0,  0,  0,  0,  0,  0,  7,  0,  0,  0,  0,  0, 10,  0, ],
[ 0,  0,  0,  0,  0,  0,  0,  0,  0,  0,  9,  0,  0,  0, 10,  0,  0,  0,  0,  0,  3,  0, 14,  0, ],
[ 0,  0,  0,  0,  0,  0,  0,  0,  0,  0,  8,  0,  0,  0,  0,  0,  0,  0,  0,  0,  0,  0,  0,  0, ],
[ 0,  0,  0,  0,  4,  0,  0,  0,  0,  0,  0,  0,  9,  0,  0,  4,  0,  0,  0,  0,  0,  0,  6,  0, ],
[ 0,  0,  0,  0,  0,  0,  0,  0,  0,  0,  0,  7,  0,  9,  0,  6,  0,  0,  0,  0,  0,  0,  0,  0, ],
[ 0,  0,  0,  0,  0,  0,  0,  0,  0,  0,  0,  0,  0,  0,  0,  0,  0,  0,  0,  0,  0,  0,  0,  0, ],
[ 0,  7,  0,  0,  0,  0,  0,  5,  0,  0,  0,  0,  0,  0,  0,  0,  0,  0,  0,  0,  0,  0,  0,  0, ],
[13,  7,  4,  0,  0,  0,  0,  0,  0,  0,  0,  0,  0,  0,  0,  0,  0,  0, 11,  0,  0,  0,  0,  0, ],
[ 0,  0,  0,  2, 14,  5,  0,  0,  0,  0, 13,  0,  0,  0,  0,  0,  0,  0,  0,  0,  0,  0,  0,  0, ],
[ 0,  0,  0,  3,  0,  0,  0,  0,  0, 10,  0,  0,  0,  0,  0,  0,  0,  0,  0,  0,  0,  9,  0,  0, ],
[ 0,  0,  0,  0,  0,  0,  0,  0,  0,  0,  0,  0,  0,  0,  0,  0,  0,  0,  0,  0,  0,  0,  0,  0, ],
[ 0,  0,  0,  0,  0,  0,  0,  0,  0,  0,  0,  0,  0,  0,  0,  0,  0,  0,  0,  0,  0,  0,  0,  0, ],
[ 0,  0,  0,  0, 12,  0,  0,  0,  0,  0,  0,  0,  0,  0,  0, 13,  0,  0,  0,  0,  0,  0,  0,  0, ],
[ 0,  0, 10,  0,  0,  0,  0,  0,  0,  0,  7,  0,  0,  0,  0,  0,  0,  0,  3,  0,  0,  0,  0,  0, ],
[ 0,  0,  0,  0,  0,  0,  0,  0,  0,  0,  0,  0,  0,  0,  0,  0,  0,  0,  0,  0,  0,  0,  0,  0, ],
[ 9,  0,  0,  0,  0,  0,  0, 11,  0,  0,  0,  0,  0,  0,  0,  0,  0,  0,  5,  0,  0,  0, 11,  0, ],
[ 0,  0,  0,  0,  0,  0,  0,  0,  0,  0,  0,  0, 10,  0,  6,  0,  0,  0,  0,  0,  3,  0,  0,  0, ],
[ 0,  0,  5,  0,  1,  0,  0,  0,  0,  0,  0,  0,  0,  0,  0,  0,  0,  0,  0,  0,  0,  0,  0,  0, ],
[ 0,  0,  0,  0,  0,  0,  0,  0,  0,  0,  0,  0,  0,  0,  0, 11,  0,  0,  0,  0,  0,  0,  0,  0, ],
[ 0,  0,  0,  3,  0,  0,  0,  0,  0,  0,  0,  0,  0,  0,  0,  0,  0,  0,  0,  0,  0,  0,  0,  0, ],
[ 0,  0,  0,  0,  0,  0,  0,  0,  0,  0,  0,  0,  0,  0,  0,  0,  0,  8,  0,  0,  6,  0,  0,  0, ],
[ 9,  0,  0,  0,  0,  0,  5,  0,  0,  0,  0,  0,  0,  0, 11,  0,  0,  0,  0,  0,  0,  0,  0,  0, ],
[ 0,  0,  0,  0,  0,  0,  0,  0,  6,  0,  0,  0,  0,  0,  0,  0,  0,  0,  0,  0,  9,  0,  0,  0, ],
[ 0,  0,  0,  5,  0,  0,  0,  0,  0,  8,  0,  0,  0,  0,  0,  0,  0,  0,  0,  0,  0, 13,  0,  0, ],
[ 0, 11,  0,  0,  0,  0,  0,  0,  0,  0,  0,  6,  2,  0,  0,  0,  0,  0,  0,  0,  0,  0,  0,  0, ],
[ 0,  0,  0,  0,  0,  0,  0,  0,  0,  0,  0,  0,  0, 12,  3,  0,  0,  0,  0,  0,  0,  0,  0,  0, ],
[ 0,  0,  0,  0,  0,  0,  0,  0,  0,  0,  0,  0,  0,  0,  5,  0,  0,  0,  0,  0,  0,  0,  0,  0, ],
[ 0,  0,  0,  0,  0,  0,  0,  0,  0,  0,  0,  0,  0,  0,  0,  0,  0, 14,  0,  0, 13,  0,  0,  0, ],
[ 0,  0,  0, 13,  0,  0,  0,  0,  0,  0, 11,  0,  0,  0,  0,  0,  0,  5,  0,  0,  0,  0,  0,  0, ],
[ 0,  0,  0,  0,  0,  0,  0,  0,  0,  0,  0,  0,  0,  0,  0,  0,  0,  8,  0,  0,  0,  0,  0,  0, ],
[13,  0,  0,  0,  0,  0,  0,  0,  0, 10,  0,  0,  0,  0,  0,  0,  0,  0,  0,  0,  0,  0,  0,  0, ],
[ 0, 14,  0,  0,  0,  0,  0,  0,  0,  0,  0,  0,  0,  0,  0,  0,  0,  0,  0,  0,  0,  0,  0,  0, ],
[ 9,  0,  0,  0,  0,  0,  0,  0,  0,  0,  0,  8,  0,  0,  0,  0,  6,  0,  0,  0,  0,  0,  0,  0, ],
[ 0, 11,  0,  0,  0,  3,  0,  0,  0,  0,  3,  5,  0,  0,  0,  0,  2,  0,  0,  0,  0,  0,  0,  0, ],
[ 0,  0,  0,  0,  0,  0,  0,  0,  0,  0,  0,  0,  0,  0,  0,  0,  0,  0,  0,  0, 14,  0,  0,  0, ],
[ 0,  0,  8,  0,  0,  0,  0,  0,  0,  0,  0,  0,  0,  0,  0,  7,  0,  0,  0,  0,  0,  0,  0,  0, ],
[ 0,  0,  0,  0,  0,  0,  0,  0,  0,  0,  0,  0,  0,  0,  0,  0,  0,  0,  0,  0, 12,  0,  0,  0, ],
[ 0,  0,  0,  0,  0,  0,  0,  0,  0,  0,  0,  0,  0,  0,  0,  0,  0,  0,  0,  0,  0,  0,  0,  0, ],


[0.8373, -0.1540, ],
[0.0066, -0.4012, ],
[-0.0349, 0.4884, ],
[0.0063, -0.0296, ],
[0.8429, 0.9672, ],
[0.6033, 0.5253, ],
[-0.7266, -0.9706, ],
[0.5454, -0.1857, ],
[-0.0216, 0.6345, ],
[-0.4674, -0.8343, ],
[-0.1107, -0.1457, ],
[-0.0702, -0.4763, ],
[0.2892, -0.6843, ],
[0.1805, 0.6827, ],
[-0.4542, 0.5435, ],
[-0.5962, -0.1485, ],
[1.0000, -0.7390, ],
[0.2413, 0.9192, ],
[0.6602, 0.6343, ],
[0.3157, -0.8145, ],
[1.0000, 0.6110, ],
[0.4203, -0.6148, ],
[0.7401, 0.0350, ],
[-0.6662, -0.7541, ],
[0.8457, -0.0911, ],
[0.5188, 0.1017, ],
[-0.3995, -0.3766, ],
[-0.5275, 0.7520, ],
[0.4349, 0.2451, ],
[0.6359, -0.5462, ],
[-0.9236, 0.2182, ],
[0.0155, 0.5525, ],
[0.6299, -0.0878, ],
[0.8421, 0.7869, ],
[0.1528, -0.7072, ],
[-0.6561, -0.2612, ],
[0.4002, 0.0233, ],
[0.3436, -0.2267, ],
[0.3115, -0.4119, ],
[0.6731, 0.5481, ],
[0.7640, -0.9845, ],
[0.0428, 0.1143, ],
[1.0000, -0.1699, ],
[0.8744, -0.8231, ],
[0.6351, -0.2032, ],
[0.7533, -0.2197, ],
[-0.2975, -0.3329, ],
[-0.6063, -0.4328, ],
[-0.5211, -0.6786, ],
[0.8335, 0.9004, ],
[0.0755, 1.0000, ],
[0.6349, -0.0040, ],
[0.4474, -0.9378, ],
[0.1344, -0.2400, ],
[-0.3224, -0.1881, ],
[-0.0228, -0.3455, ],
[-0.8588, -0.0185, ],
[-0.6668, 0.0229, ],
[-0.4688, -0.9147, ],
[0.5642, 0.5746, ],
[0.6114, 0.5864, ],
[-0.6557, 0.0478, ],
[-0.7219, -0.1624, ],
[0.1746, 0.2645, ],
[0.2002, -0.2438, ],
[-0.3858, -0.0613, ],
[0.2930, -0.6045, ],
[0.4341, -0.6744, ],
[-0.6948, -0.7908, ],
[0.9062, 0.0127, ],
[-0.6506, -0.3512, ],
[0.1772, 0.2664, ],
[-0.8312, -0.3915, ],
[-0.0571, 0.5386, ],
[0.7616, 0.7956, ],
[-1.0000, -0.1754, ],
[-0.8061, 0.7796, ],
[0.9785, -0.4954, ],
[0.1845, 0.3249, ],
[0.9410, -0.6210, ],
[-0.3575, 0.5079, ],
[-0.0929, 0.2386, ],
[0.0604, 0.8628, ],
[-0.0914, 0.7193, ],
[-0.6865, 0.0184, ],
[-0.3286, -0.2345, ],
[0.0671, 0.6496, ],
[0.9307, 0.3015, ],
[0.0276, -0.6719, ],
[0.4997, -0.4336, ],
[-0.7578, -0.1726, ],
[0.6838, -0.7829, ],
[1.0000, -0.4697, ],
[0.8583, -0.2056, ],
[-0.6830, -0.9472, ],
[-0.5605, -0.3187, ],
[-0.5974, 0.0358, ],
[0.1796, -0.5417, ],
[0.6925, 0.2457, ],
[0.3531, 0.5391, ],


[7.0000, ],
[4.0000, ],
[6.0000, ],
[4.0000, ],
[4.0000, ],
[2.0000, ],
[14.0000, ],
[6.0000, ],
[8.0000, ],
[2.0000, ],
[5.0000, ],
[4.0000, ],
[6.0000, ],
[8.0000, ],
[6.0000, ],
[0.0000, ],
[13.0000, ],
[3.0000, ],
[6.0000, ],
[11.0000, ],
[8.0000, ],
[6.0000, ],
[8.0000, ],
[8.0000, ],
[3.0000, ],
[4.0000, ],
[1.0000, ],
[4.0000, ],
[6.0000, ],
[2.0000, ],
[1.0000, ],
[2.0000, ],
[0.0000, ],
[12.0000, ],
[2.0000, ],
[14.0000, ],
[8.0000, ],
[7.0000, ],
[7.0000, ],
[6.0000, ],
[1.0000, ],
[8.0000, ],
[2.0000, ],
[8.0000, ],
[6.0000, ],
[6.0000, ],
[7.0000, ],
[0.0000, ],
[17.0000, ],
[5.0000, ],
[1.0000, ],
[6.0000, ],
[13.0000, ],
[10.0000, ],
[3.0000, ],
[9.0000, ],
[11.0000, ],
[8.0000, ],
[3.0000, ],
[4.0000, ],
[4.0000, ],
[9.0000, ],
[13.0000, ],
[13.0000, ],
[3.0000, ],
[10.0000, ],
[9.0000, ],
[0.0000, ],
[5.0000, ],
[13.0000, ],
[11.0000, ],
[9.0000, ],
[0.0000, ],
[0.0000, ],
[8.0000, ],
[9.0000, ],
[0.0000, ],
[13.0000, ],
[9.0000, ],
[3.0000, ],
[4.0000, ],
[2.0000, ],
[6.0000, ],
[9.0000, ],
[6.0000, ],
[9.0000, ],
[8.0000, ],
[6.0000, ],
[2.0000, ],
[8.0000, ],
[10.0000, ],
[3.0000, ],
[8.0000, ],
[4.0000, ],
[9.0000, ],
[11.0000, ],
[4.0000, ],
[6.0000, ],
[4.0000, ],
[0.0000, ],


