[ 0,  0,  0,  0,  0, 12,  0,  0,  0,  0,  0,  0,  8,  0,  0,  0,  0,  9,  0,  0,  0,  0,  0,  0, ],
[ 0,  0,  0,  0,  0,  0,  0,  0,  0,  0, 10,  0,  0,  0,  0,  0,  1,  0,  0,  0,  0,  0,  0,  0, ],
[ 0,  0,  0,  3,  0, 13,  1,  0,  0,  0,  0,  0,  0,  1,  0,  0, 13,  0,  0,  0,  0,  0,  0,  0, ],
[ 0,  0,  0,  0,  0,  0,  0,  0,  0,  0,  0,  0,  0,  0,  0, 10,  0,  0,  0,  0,  0,  0,  0, 14, ],
[ 4,  0,  0,  0,  0,  0,  0,  0,  0,  9,  0,  0,  0, 11,  0,  0,  0,  0,  0,  0,  0,  0,  0,  0, ],
[ 0,  0,  0,  1,  0,  0,  0,  0,  4,  0,  0,  0,  0,  0,  9,  0,  0,  0,  0,  0,  0,  0,  0,  0, ],
[ 0,  0,  0,  0,  0,  0, 13,  0,  0, 10,  0,  0,  1,  4,  0,  0,  0,  0,  0,  0,  0,  0,  0,  5, ],
[ 0,  0,  0,  0,  0,  0,  0,  0,  6,  0, 10,  0,  0,  0,  0,  0,  0,  0,  0,  0,  0,  0,  0,  0, ],
[ 0,  0,  0,  0,  0,  0,  0,  0,  0,  4,  0,  0,  0,  0,  0,  0,  0,  0,  0,  0,  0,  0,  0,  0, ],
[ 0,  0,  3,  0,  0,  0,  6,  0,  0,  0,  0,  0,  0,  0,  0,  0,  0,  0,  0,  0,  0, 13,  0,  5, ],
[ 0,  0,  0,  0,  0,  0,  0,  0,  0,  0,  0,  0,  1,  0,  0, 12,  0,  0,  0,  5,  0,  0,  0,  0, ],
[ 0,  0,  0,  0,  0,  0,  0,  0,  0,  0,  0,  0,  0,  0,  0,  0,  5,  0,  0,  0,  0,  0,  0,  0, ],
[ 0,  0,  0,  0,  0,  0,  0,  0,  1,  0,  0,  0,  0,  0,  0,  0, 14,  0,  0,  0,  0,  0, 12,  0, ],
[ 0,  0,  0, 12,  0,  0,  5,  0,  0,  0,  0,  0,  0, 10,  0,  0,  4,  0,  0,  0,  4,  0,  0,  0, ],
[ 0, 13,  0,  0,  0,  3,  0,  0,  0,  5,  0,  0,  0,  0,  0,  0,  0,  0,  0,  0,  0,  1,  0,  0, ],
[ 0,  0,  0,  0,  0,  0,  0,  0,  0,  0,  0,  0,  0, 13,  0,  0,  0,  0,  0,  0,  0,  0,  0,  0, ],
[ 0,  0,  0,  0,  0,  0,  0,  0,  0,  0,  5,  0,  0,  0,  0,  0,  0,  0,  0,  0,  0,  0,  0,  0, ],
[ 0,  0,  0,  2,  0,  0,  0,  0,  0,  0,  0,  9,  2,  0,  0,  0,  0,  0,  0,  0,  0,  0,  0,  0, ],
[ 0,  0,  0,  0,  0,  0,  0,  0,  1,  0,  0,  0,  0,  0,  0,  0,  0,  0,  0,  0,  0,  0,  0,  0, ],
[ 7,  0,  0,  0,  0,  0,  0,  0,  0,  0,  0,  0,  0,  0,  0,  0,  0,  0,  0,  7,  0,  0,  0,  0, ],
[ 0,  0,  0,  0,  0,  4,  0,  0,  0,  0,  0,  0,  7,  0,  0,  0,  0,  0,  3,  0, 14,  5,  0,  0, ],
[ 0,  0,  0,  0,  0,  0,  0,  0,  0,  0,  0,  0,  0,  0,  0,  0,  0,  0,  0,  0,  0,  0,  0,  0, ],
[ 0,  0,  0,  0,  0,  0,  0,  0, 10,  0,  0,  0,  0,  0,  0,  0,  0,  0,  0,  0,  0,  0,  0,  0, ],
[ 0,  0,  0,  0,  0,  0,  0,  0,  0,  0, 14,  0,  0,  0,  0,  0,  5,  0,  0,  0,  0,  0,  0,  0, ],
[ 0,  0,  0,  0,  0,  0,  0,  0,  0,  0,  0,  0,  0,  0,  7,  0,  0,  0,  0,  0,  0,  0,  0,  0, ],
[ 0,  0,  5,  0,  0,  0,  0,  0, 11,  0,  0,  0,  0,  0, 14,  0,  0,  0,  0,  0,  0,  0,  0,  0, ],
[ 0,  0,  0,  0,  0,  0,  0,  0,  0,  0,  0,  0,  8,  0,  0,  0,  0,  0,  0,  0,  0,  0,  0,  5, ],
[ 0,  0,  0,  5,  0,  0,  0,  7,  0, 10,  0,  0,  0,  0,  0,  0,  0,  0,  0,  0,  0,  0,  0,  0, ],
[ 0,  5,  0,  0,  0,  8,  0,  0, 13,  0, 12,  0,  0,  0, 14,  0,  0,  0,  0,  0,  0,  0,  0,  0, ],
[ 0,  0,  0,  0,  0,  0,  0, 11,  0,  3,  0,  0,  0,  0,  0,  0,  1,  0,  0,  2,  0,  0,  0,  0, ],
[ 8,  0,  0,  0,  0,  2,  0,  0,  0,  0,  0,  0,  0,  0,  0,  0,  0,  0,  0,  0,  0,  0,  0,  0, ],
[ 0,  0,  0,  0,  0,  0,  0,  0,  0,  0,  0,  0,  0,  2,  0,  0,  6,  0,  0,  4,  0,  0,  0,  0, ],
[ 0,  0,  0,  0,  0,  0,  0,  0,  0,  0,  0,  0,  0,  0,  0,  0,  0,  0,  0,  0,  0,  0,  0,  0, ],
[ 0,  0,  8,  0,  0,  0,  0,  0,  0,  0,  0,  0,  0, 13,  0,  0,  0,  0,  0,  0,  0,  0,  0,  0, ],
[ 0,  0, 14,  0,  0,  0, 12,  0,  0,  0,  0,  0,  0,  0,  0,  0,  0,  3,  0,  0,  0,  0,  0,  0, ],
[ 0,  0,  0,  0,  0,  0,  0,  0,  0,  0,  0,  0,  0,  0,  0,  0,  0,  0,  0,  0,  0,  0,  0,  6, ],
[ 0,  0,  0,  0,  0,  0,  0,  0,  0,  0,  0,  0,  0,  0,  0,  0,  0,  0,  0,  0,  0,  0,  0,  0, ],
[ 0,  0,  0,  0,  0,  0,  0,  0,  0,  0,  0,  0,  0,  0, 13, 11,  0,  0,  0,  5,  0,  0,  0,  0, ],
[ 0,  0,  0,  1,  0,  0, 10,  0,  0,  0,  0,  8,  0,  0,  0,  0,  0,  0, 12,  0, 11,  0,  0,  0, ],
[ 0,  0,  0,  0,  0,  0,  0,  0,  0, 11,  0,  0,  0,  0,  0,  0,  0,  0,  0,  0,  0,  0,  0,  0, ],
[ 0,  0,  0,  0,  0,  0,  0,  3,  0,  7,  0,  0,  0,  0,  0,  5,  0,  0, 10,  0,  0,  0,  0,  0, ],
[ 0,  0,  0,  0,  0,  0,  0,  0,  0, 10,  0, 10,  0,  0,  0,  0,  0,  0,  0,  0,  0,  0,  0,  0, ],
[ 0,  0,  0,  0,  0,  0,  0,  0,  0,  1,  0,  0,  0,  0,  0,  0,  0,  0,  0,  0,  0,  0,  0,  0, ],
[ 0,  0,  0,  0,  0,  0,  0,  0,  0, 12,  0,  5,  0,  0,  0,  0,  0,  0, 11,  0,  0,  0,  0,  0, ],
[ 0,  0,  0, 12,  0,  0,  0,  0,  0,  0,  0,  0,  0,  0,  0,  7,  0,  0,  5,  0,  0,  0,  0,  0, ],
[ 0,  0,  0,  0,  0,  0,  0,  0,  0,  0,  0,  0,  0,  4,  0,  0,  0,  0,  0,  0,  9,  0,  0,  0, ],
[ 0,  0,  0,  0,  0,  0,  0,  0,  5,  0,  0,  4,  0,  0,  0,  0,  0,  0,  0,  0,  0,  0, 10, 14, ],
[ 0,  0,  5,  0,  0,  0,  0,  0,  0,  0,  0,  0,  0,  0,  9, 10,  8,  0,  0,  0,  0,  0,  0,  6, ],
[ 0,  0,  0,  0,  0,  0,  0,  0,  0,  0,  0,  0,  0,  0,  0,  0,  0,  0,  0,  0,  0,  0,  0,  0, ],
[ 0,  0,  0,  0,  5,  0,  0,  0,  0,  0,  0,  0,  0,  0,  0,  0,  0,  8,  0,  0,  0,  0,  0,  0, ],
[ 0,  0, 14,  0,  0,  0,  0, 11, 11,  0,  0,  0,  8,  0,  0,  0,  0,  0,  4,  0,  0,  0,  0,  2, ],
[ 0,  0,  0,  0,  0, 10,  0,  0,  0,  0,  0,  0,  0,  0,  0,  0,  0,  0,  0,  0,  0,  0,  0,  0, ],
[ 0,  0,  0,  0,  7,  0,  0,  0,  0,  8,  0,  0,  0,  0,  0,  0,  0,  0,  0,  0,  0,  0, 11,  0, ],
[ 0,  0,  0,  0,  0,  0,  0,  0,  0,  0,  0,  1,  0,  0,  0,  0,  0,  0,  0,  0,  0,  0,  0,  0, ],
[ 0,  0,  0,  0,  0,  0,  7,  0,  0,  0,  0,  0,  0,  0,  1,  0,  4,  0,  0,  0,  0,  0,  0,  0, ],
[ 0,  0,  0,  0,  0,  0,  0,  6,  0,  0,  0,  0,  0,  0,  0,  0,  0,  0,  0,  0,  0,  0,  0,  0, ],
[ 0,  0,  0, 11,  0,  0,  0,  0,  0,  0,  0,  0,  0,  8,  0,  0,  6,  0,  0,  0,  0,  0,  0,  0, ],
[ 0,  0,  7,  9,  0,  0,  0,  0,  0,  0,  0,  0,  0,  0,  0,  0,  0,  2,  0,  0,  0,  0,  0,  0, ],
[ 6,  0,  0,  0,  2,  0,  0,  0,  0,  0,  0,  0,  0,  9,  0,  0,  3,  0,  0,  0,  0,  0,  0,  0, ],
[ 0,  0,  0,  0,  0,  0,  0,  0,  0,  0,  0,  0,  0,  0,  0,  0,  0,  0, 14,  0,  0,  0,  0,  0, ],
[ 0,  2,  0, 14,  0,  0,  0,  0,  0,  0,  0,  0,  0,  0,  0,  0,  0,  0,  0,  0,  0,  0,  0,  0, ],
[ 0,  0,  0,  0,  0,  0,  0,  0,  0,  0,  9,  0,  0,  0,  0,  0,  0,  0,  0,  0,  0,  0,  0,  0, ],
[ 0,  0, 11,  0,  0,  0,  0,  0,  0,  0, 12,  0,  0,  0,  0,  0,  0,  0,  0,  0,  0,  0,  2,  3, ],
[ 0,  0,  0,  0,  0,  0,  0, 13,  0,  0,  5,  0,  0,  0,  0,  7,  0,  0,  3,  0,  0,  9,  0,  0, ],
[ 0,  0,  0,  0,  0,  0,  0,  0,  0,  0,  0,  0,  0,  0,  0,  0,  0,  0,  0,  0,  0,  0,  0,  0, ],
[ 0,  0,  0,  0,  0,  0,  0,  0,  0,  0,  0,  0,  0,  0,  0,  0,  0,  0,  0,  0,  0,  0,  0,  0, ],
[ 0,  0,  0,  0, 12,  0,  0,  0,  0,  0,  0,  0,  0,  0,  0,  0,  0,  0,  0,  0,  0,  0,  0,  0, ],
[ 0,  0,  0,  0,  0,  0,  0,  0,  0,  0,  0,  0,  0,  0,  0,  0,  0,  0,  9,  0, 11,  0,  0,  0, ],
[ 0,  0,  0,  0,  0,  0,  0,  0,  0,  8, 10,  0,  0,  0,  0,  0,  0,  0,  0, 12,  0,  0,  0,  0, ],
[ 8,  0,  0,  0,  7,  8,  0,  0,  0,  0,  0,  0,  8,  0,  5,  0,  0,  0,  0,  0,  0,  0,  0,  0, ],
[ 0,  0,  0,  0,  0,  0,  0,  2,  0,  0,  0,  0,  0,  0,  0,  0,  0,  0,  0,  0,  0,  0,  0,  0, ],
[ 0,  0,  0,  0,  0,  0, 11,  0,  6,  0,  0,  0,  0,  0,  0,  0,  0,  0, 14,  0,  0,  0,  6,  0, ],
[ 0,  0, 12,  0,  0,  0,  0,  0,  0,  0,  0,  0,  0,  0,  0,  0,  0,  0,  0, 14,  0,  0,  0,  0, ],
[ 0,  0,  0,  0,  0,  0,  4,  0,  0,  0,  0,  0,  0,  0,  0,  0,  0,  0,  0,  0,  0,  0,  0,  0, ],
[ 0,  0,  0,  0,  0,  0,  0,  0,  0,  0,  0,  0,  0,  0,  0,  0,  0,  0,  0,  0,  0,  0,  0,  0, ],
[ 0,  0,  0,  0,  0,  0,  0,  0,  0,  0,  0,  0,  0,  0,  0,  0,  0,  0,  0,  0,  8,  0,  0,  0, ],
[ 0, 14,  4,  0,  0,  0,  0,  0,  0,  0,  0,  0,  0,  0,  5,  0,  0,  0,  0,  0,  0, 14,  0,  0, ],
[ 0,  2,  0,  0,  0,  0,  0,  0,  0,  0,  0,  0,  0,  0,  4,  0,  0,  0,  0,  0,  0,  0,  0,  0, ],
[ 0,  0,  0,  0,  0,  0,  0,  0,  0,  0,  0,  0,  0,  2,  0,  0,  0,  0,  0,  3,  0,  0, 10,  0, ],
[ 0,  0,  0,  0,  0,  0,  0,  0,  0,  0,  0,  0,  0,  0,  0,  0,  0,  0,  0, 13,  0,  0,  0,  0, ],
[ 0,  0,  0,  0,  0,  0, 14,  0,  0,  0,  0,  7,  0,  0,  0,  0,  0,  0,  0,  0,  0,  0,  0,  0, ],
[ 0,  0,  0,  0,  0,  0,  0,  8,  0,  0,  0,  0,  0,  7,  0,  0,  0, 12,  0,  0,  0,  0,  0,  0, ],
[ 0,  0,  0,  0,  0,  9,  0,  0,  0,  0,  0,  0,  0,  0,  0,  0,  0,  0,  0,  1,  0,  0,  0,  0, ],
[ 0,  0,  0,  0,  0,  0,  0,  0,  0,  0,  0,  0,  0,  0,  0,  0,  0,  0,  0,  0,  0,  5,  0,  0, ],
[ 0, 10,  0,  0,  0,  0,  0,  0,  0,  3,  0,  0,  0, 12,  0,  1,  2,  0,  0,  0,  0,  0,  0,  0, ],
[ 0,  0,  0,  0,  0,  0,  0,  0,  0,  0,  0,  0,  0,  0,  0,  0,  0,  0,  0,  0,  0,  0,  0,  4, ],
[ 0,  0,  0,  0,  0,  0,  0,  0,  0,  5,  0,  0,  0,  0,  8,  0,  0,  0,  0,  0,  0,  0,  0,  3, ],
[ 0,  0,  0,  0,  0,  0,  0,  0,  0,  0,  0,  0,  0,  0, 11,  0,  0,  0,  0,  0,  0,  7,  0,  0, ],
[ 0,  0,  0,  0,  0,  0,  0,  0,  0,  0,  0,  0,  0,  0,  0,  0,  7,  0,  0,  0,  0,  0,  5, 10, ],
[ 0,  0, 11,  0,  0,  0,  0,  0, 13,  0,  0,  0,  0,  0,  0,  0,  7,  0,  0,  0,  0,  0,  0,  6, ],
[ 0,  0,  0,  2,  9,  0,  0,  0,  0,  0,  0,  5,  0,  0,  0,  0,  0, 13,  0,  0, 10,  0, 14,  0, ],
[ 0,  0,  0,  0,  0,  0,  0,  0,  0,  0,  0,  0,  0,  0,  0,  0,  0,  0,  0,  0,  0,  0,  0,  0, ],
[ 0,  0, 13,  0,  0,  0,  0,  7,  0,  0,  0, 14,  0,  4,  0,  0,  0,  0,  5,  0,  0,  0,  0,  0, ],
[ 0,  0,  0,  0,  0,  0,  0,  0,  0,  0,  0,  0,  0,  0,  0,  0,  0,  0,  0,  0,  0,  0,  0,  0, ],
[ 0,  0,  0,  0,  0,  0,  0,  0,  0,  0,  0,  0,  0,  0,  0,  0,  0,  0,  0,  0,  0,  0,  0, 11, ],
[ 0,  0,  0,  0, 10,  0,  0,  0,  0,  0,  0,  0,  0,  0,  0,  0,  0,  0,  0,  0,  0,  0,  0,  0, ],
[ 0,  0,  0,  0, 10,  0,  0, 12,  0,  0,  0,  0,  8,  0,  0,  0,  0,  0,  0, 14,  2,  0,  0,  0, ],
[ 9,  0,  0,  0,  0,  0,  0,  0,  0,  0,  0,  0,  0,  0,  0,  0,  5,  0,  0,  0,  0,  0,  0,  0, ],
[ 0,  0,  0,  0,  0,  0,  0,  0,  9,  0,  0,  0,  0,  0,  0,  0,  0,  0,  0,  0,  0,  0,  0,  0, ],
[ 0,  0,  0,  0,  0,  0,  0,  0,  0,  0,  0,  0,  0,  0,  0,  9,  0,  0,  0,  0,  0,  0,  0,  0, ],


[1.0000, -0.9825, ],
[0.0936, -0.7945, ],
[-0.1793, -0.4557, ],
[-0.1020, 0.2335, ],
[0.7753, 1.0000, ],
[0.5352, -0.0777, ],
[-0.6848, 0.3886, ],
[0.1797, 0.1179, ],
[-0.1601, -0.6367, ],
[-0.3888, 0.6284, ],
[-1.0000, -0.2416, ],
[0.2860, -0.4763, ],
[0.1938, -1.0000, ],
[0.5621, 0.0556, ],
[0.2292, 0.3248, ],
[-0.6144, -0.1375, ],
[0.6371, -0.4623, ],
[-0.0442, 0.8329, ],
[0.4370, -0.0133, ],
[-0.1299, -0.8517, ],
[0.7917, 0.0814, ],
[0.3044, 0.2562, ],
[0.6455, -0.2387, ],
[-1.0000, -0.1233, ],
[0.7690, -0.7265, ],
[0.2180, -0.0819, ],
[-1.0000, 0.7187, ],
[0.1548, 0.7637, ],
[0.5521, 0.2685, ],
[-0.4610, -0.5069, ],
[-0.5565, -0.1363, ],
[-0.0150, 0.5525, ],
[0.9062, -0.2190, ],
[0.3643, 0.5523, ],
[-0.2922, -0.0419, ],
[-0.4870, 0.3492, ],
[-0.6960, 0.1238, ],
[0.5557, -0.1846, ],
[1.0000, 0.9702, ],
[0.8814, 0.5131, ],
[0.5101, -0.6780, ],
[0.0371, 0.2151, ],
[0.3937, 0.3071, ],
[0.5157, -0.5775, ],
[0.4016, -0.1842, ],
[0.4269, 0.8498, ],
[0.0780, -0.2643, ],
[-0.3132, -0.6199, ],
[-0.1585, -0.9181, ],
[0.8782, 0.7390, ],
[0.3775, -0.1825, ],
[0.0820, 0.1182, ],
[0.1344, -0.7793, ],
[-0.4417, -0.6280, ],
[-0.3224, 0.3399, ],
[0.5021, -0.2524, ],
[0.8079, -0.0185, ],
[-0.9377, 0.1412, ],
[-0.8141, 0.6061, ],
[0.0846, -0.5736, ],
[0.6651, 0.4364, ],
[-0.5625, 0.2344, ],
[-0.7729, 0.2063, ],
[0.4357, 0.2584, ],
[0.8835, 0.0141, ],
[0.6674, -0.8109, ],
[0.3224, 0.3451, ],
[0.3294, -0.4720, ],
[0.4947, 0.1169, ],
[0.8567, -0.1419, ],
[1.0000, 0.4337, ],
[0.0586, 0.3853, ],
[-0.3165, 0.1300, ],
[-0.2030, -0.5170, ],
[-0.7750, 0.5445, ],
[-0.9115, -0.2645, ],
[1.0000, -0.4425, ],
[0.2183, -0.0033, ],
[0.2612, 0.1335, ],
[-0.6335, -0.4576, ],
[-0.4060, -0.9819, ],
[0.0620, 0.6455, ],
[-0.1135, -0.0021, ],
[-0.3164, 0.7659, ],
[-0.7607, 0.1552, ],
[-0.4949, -0.3963, ],
[-0.0314, 0.5990, ],
[0.9132, 0.4965, ],
[0.6264, -0.4934, ],
[-0.3761, -0.1680, ],
[-0.5667, 0.6129, ],
[-0.0577, 0.9150, ],
[0.0519, -0.5976, ],
[0.2331, 0.3345, ],
[-0.3872, -0.9472, ],
[-0.1648, -0.4726, ],
[-0.8497, 0.1905, ],
[0.6918, -0.5009, ],
[0.6082, 0.5442, ],
[0.3245, 0.7234, ],


[10.0000, ],
[5.0000, ],
[12.0000, ],
[8.0000, ],
[9.0000, ],
[6.0000, ],
[13.0000, ],
[7.0000, ],
[2.0000, ],
[11.0000, ],
[7.0000, ],
[2.0000, ],
[9.0000, ],
[14.0000, ],
[9.0000, ],
[4.0000, ],
[2.0000, ],
[5.0000, ],
[1.0000, ],
[6.0000, ],
[13.0000, ],
[0.0000, ],
[4.0000, ],
[6.0000, ],
[3.0000, ],
[10.0000, ],
[5.0000, ],
[9.0000, ],
[17.0000, ],
[8.0000, ],
[4.0000, ],
[6.0000, ],
[0.0000, ],
[7.0000, ],
[10.0000, ],
[3.0000, ],
[0.0000, ],
[10.0000, ],
[16.0000, ],
[4.0000, ],
[11.0000, ],
[8.0000, ],
[1.0000, ],
[10.0000, ],
[9.0000, ],
[5.0000, ],
[12.0000, ],
[15.0000, ],
[0.0000, ],
[5.0000, ],
[18.0000, ],
[4.0000, ],
[10.0000, ],
[1.0000, ],
[6.0000, ],
[3.0000, ],
[10.0000, ],
[7.0000, ],
[9.0000, ],
[4.0000, ],
[5.0000, ],
[3.0000, ],
[11.0000, ],
[14.0000, ],
[0.0000, ],
[0.0000, ],
[4.0000, ],
[7.0000, ],
[11.0000, ],
[14.0000, ],
[1.0000, ],
[14.0000, ],
[8.0000, ],
[2.0000, ],
[0.0000, ],
[3.0000, ],
[12.0000, ],
[3.0000, ],
[7.0000, ],
[4.0000, ],
[7.0000, ],
[10.0000, ],
[4.0000, ],
[2.0000, ],
[12.0000, ],
[2.0000, ],
[7.0000, ],
[7.0000, ],
[9.0000, ],
[14.0000, ],
[18.0000, ],
[0.0000, ],
[15.0000, ],
[0.0000, ],
[4.0000, ],
[4.0000, ],
[16.0000, ],
[5.0000, ],
[3.0000, ],
[3.0000, ],


