[ 0,  0,  0,  0,  0,  0,  0,  0,  0,  0,  0,  0,  0,  0,  0,  0,  0,  0,  0,  0,  0,  0,  0,  0, ],
[ 3, 14,  0,  0,  0,  0,  0,  0,  0,  0,  0,  0,  0,  0,  0,  0,  0,  0,  0,  0,  0,  0,  0,  7, ],
[ 0,  0,  0,  0,  0,  0,  9,  0,  0,  0,  0,  0,  0,  8,  0,  0, 12, 14,  0,  3,  0,  2,  0,  0, ],
[ 0,  0,  0,  0,  0,  0,  0,  0,  0,  0,  0, 12,  0,  0,  0,  0, 10,  6,  0,  0,  0,  0,  2,  0, ],
[ 4,  0,  1,  0,  0,  0,  0,  0,  0,  0,  0,  0,  0,  0,  0,  0,  0,  0,  0,  0,  0,  0,  0,  0, ],
[ 0,  0,  0,  0,  0,  0,  0,  0,  0,  0,  0,  0,  0,  0,  0,  0,  0,  7,  0,  0,  0,  0,  0,  0, ],
[ 0,  0,  0,  0,  0,  0,  0,  0,  0,  0,  0,  0,  2,  0,  0,  0,  0,  0,  0,  7,  0,  0,  0,  0, ],
[ 0,  0,  0,  0,  0,  0,  0,  0,  6,  0,  3,  0,  0,  0,  0,  0,  0,  0,  0,  0,  0,  0,  0,  0, ],
[ 0,  0,  0,  2,  0,  1,  0,  0,  0,  0,  0,  0,  0,  0,  0,  0,  0,  8,  0,  0,  0,  0,  0,  0, ],
[ 0,  0,  0,  0,  0,  0,  0,  0,  0,  0,  0,  0,  0,  0,  0,  0,  0,  0,  0,  0,  0,  0,  0,  0, ],
[ 0,  0,  4,  0,  0,  0,  0,  0,  5,  0,  0,  0,  1,  0,  0,  0,  0,  0,  0,  5,  0,  0,  0,  0, ],
[ 0,  0,  0,  0,  0,  0,  0,  0,  0,  2,  0,  0,  0,  9,  1, 13,  0,  0,  0,  0,  0,  0,  0,  0, ],
[ 0,  0,  0,  3,  0,  0,  0,  0,  0,  0,  0,  0,  0,  0,  0,  0,  0,  0,  0,  0,  0,  0,  4,  0, ],
[ 0,  8,  6,  0,  0,  0,  0,  0,  0, 11,  0, 13,  0,  9,  0,  0, 12,  0,  4,  0,  0,  0,  0,  0, ],
[ 0,  0,  0,  0,  0,  0,  0,  0,  0,  0,  0,  0,  9,  0,  0,  0,  0,  0,  7,  0,  0,  0,  0,  0, ],
[ 0,  0,  0,  1,  0,  0,  8,  0,  0,  0,  0,  0,  0, 13,  0,  0,  0,  0,  0,  0,  0,  0,  0,  0, ],
[ 0,  0,  0,  0,  0,  0,  0,  0,  0,  0,  0,  0,  0,  0,  1,  0,  0,  0,  0,  0,  0,  0,  0, 13, ],
[ 4,  0,  0,  0,  0,  0,  0,  0,  0,  0,  0,  0,  0,  0,  0,  0,  0,  0,  0,  0,  0,  0,  0,  0, ],
[ 0,  0,  0,  0,  0,  0,  0,  0,  0,  0,  0,  0,  0,  8,  0,  0,  0,  0,  0,  0,  0,  0,  5,  0, ],
[ 0,  0,  0,  0,  0,  0,  0,  0,  0,  0,  0,  0,  0,  0,  0,  0,  0,  0,  0, 13,  0,  0,  0,  0, ],
[ 0,  0,  0,  0,  0,  0,  0,  0,  0,  0,  0,  0,  0,  0,  0,  0,  0,  0,  0,  0,  0,  0,  0,  0, ],
[ 0,  0,  0, 14,  0,  0,  0,  0,  0,  0,  0,  0,  0,  0,  0,  0,  0,  2, 13,  0,  0,  0,  0,  0, ],
[ 0,  0,  0,  0,  0,  0,  0,  0, 10,  0,  0,  0,  0,  0,  0,  0,  0,  0,  0,  0,  0,  0,  0,  0, ],
[ 0,  0,  8,  0,  0,  0,  0,  0,  0,  0, 14, 14,  0,  9,  0,  0,  0,  0,  0,  0,  0,  0,  0,  1, ],
[ 0,  0,  0,  0,  0,  0,  0,  0,  8,  0,  0,  0,  0,  0,  0,  0,  0,  0,  0,  0,  0,  0,  0,  0, ],
[ 0,  0,  0,  0,  0,  0,  0,  0, 11,  0,  0,  0,  0,  7,  0,  0,  0,  0,  0,  0,  0,  0,  0,  4, ],
[ 0,  0,  0,  0,  0,  0,  0,  0,  0,  8,  0,  0,  0,  0,  3,  0,  0,  0,  0,  0,  0,  0,  0,  8, ],
[ 0,  0,  0,  0,  0,  0,  0,  0,  0,  0,  0,  0,  0,  0,  0,  0,  0,  0,  0,  0,  0,  0,  0,  5, ],
[ 0,  0,  0,  0,  0,  0,  0,  0, 13,  0,  0,  0,  0,  0,  0, 13,  0,  0,  0,  0,  0,  0,  0,  0, ],
[ 0,  0,  0,  0,  0,  0,  0,  0,  0,  0,  0,  0,  0,  0,  0,  0,  0,  0,  0,  0,  0,  0,  0,  0, ],
[ 0,  0,  0,  0,  0,  0,  0,  0,  0,  0,  0,  0,  0,  0,  0,  0,  0,  0,  6,  0,  0,  0,  0,  0, ],
[ 0,  0,  0,  5,  0,  0,  0,  0,  0,  0, 11,  0,  0,  2,  0,  0, 11,  0,  0,  0,  0,  0,  0,  0, ],
[ 0,  0,  0,  0,  0, 13,  0,  0,  9,  0,  0,  0,  0,  0,  0,  0,  0,  2,  0,  0,  0,  0,  4,  0, ],
[ 0,  0,  0,  0,  6,  0,  0,  0,  0,  0,  0,  0,  0,  0, 13,  0,  0,  2,  0,  0,  0,  0,  0,  0, ],
[13,  0,  0,  5,  0,  0,  6,  0,  0,  0,  0,  0,  0,  0,  0,  0,  0,  0,  0,  0,  0,  0,  0,  0, ],
[ 0,  0,  6,  0,  0,  0,  3,  0,  0,  0,  0,  0,  0,  0,  0,  0,  0,  0,  0,  0,  0,  0,  0,  0, ],
[14,  0,  2,  0, 14,  0,  0,  0,  0,  0,  0,  0,  0,  0,  0,  0,  0,  0,  0,  0,  0,  0,  0,  0, ],
[ 0,  0,  0,  0,  0,  0,  0,  0,  0,  0,  0,  0,  0,  0,  0,  0,  0,  0,  0,  0,  0,  0,  0,  0, ],
[ 0,  0,  0,  0,  0,  0,  0,  0,  0,  0,  0,  0,  0,  0,  0,  0,  8, 10,  0,  3,  5,  0,  0,  0, ],
[ 0,  0,  0,  0,  0,  0,  0,  0,  8,  0,  0,  0,  0,  0,  0,  0,  0,  0,  0,  0,  0,  0,  4,  0, ],
[ 0,  0,  0,  0,  0,  0,  0,  0,  0,  0,  0,  0,  0,  0,  0,  0,  0,  0,  1,  0,  0,  0,  0,  0, ],
[ 0,  0,  0,  0,  0,  0,  0,  0,  0, 10,  0, 10,  0,  0,  0,  0,  0,  0,  0,  0,  0,  0,  0,  0, ],
[ 0,  0,  0,  0,  0,  0,  0,  0,  0,  0,  0,  0,  0,  0,  0,  0,  0,  0,  0,  0,  0,  0,  0,  0, ],
[ 0,  0,  0,  0,  0,  0,  0,  0,  0,  0,  0,  0,  0,  0,  0,  0,  0,  0,  0,  0,  0, 11,  0,  0, ],
[ 0,  0,  0,  0,  0,  0,  0,  0,  0,  0,  0,  0,  0,  0,  0,  0,  0,  0,  0,  0,  9,  0,  0,  0, ],
[ 0,  0,  0,  0,  0,  0,  0,  0,  0,  0,  0,  0,  0,  0,  0,  0,  0,  5,  0,  2,  0, 14,  0,  0, ],
[ 0,  0,  0,  0,  0,  0,  0,  0,  0,  0,  0,  0,  0,  0,  0,  0,  0,  0,  0,  0,  0,  6,  0,  0, ],
[ 0,  0,  0,  0,  0,  0,  0,  0, 12,  0,  0,  0,  0,  0,  0,  0,  8, 10,  0,  0,  0,  1,  0,  0, ],
[ 0,  0,  7,  5,  0,  0,  3,  9,  0,  0,  0,  0,  0, 10,  0,  0,  0,  0,  0,  0,  0,  0,  0,  0, ],
[ 0,  0,  0,  0,  5,  0,  0,  0,  0,  0,  0,  0,  0,  0,  0,  0,  0,  0,  0,  0,  0,  4,  0,  0, ],
[ 0,  6,  0,  0,  0,  0,  0,  0,  0,  0,  0,  0,  8,  0,  0,  0,  0, 10,  0,  0,  0,  0,  0, 13, ],
[ 0,  0,  0,  0,  0,  0,  0,  0,  0,  0,  0,  0,  0,  0,  0,  0,  0,  0,  0,  0,  3,  0,  0,  0, ],
[ 0,  0,  0,  0,  0,  5,  0,  0,  0,  0,  0,  0,  0,  0,  0,  0,  7,  0,  0,  0,  0,  0,  0,  0, ],
[ 0,  0,  6,  0,  0,  0,  0,  0,  0,  0,  0,  0,  1,  0,  0,  0,  0,  2,  0,  0,  0,  0,  0,  0, ],
[12,  0,  0,  0,  0,  0,  0,  0,  0,  0,  0,  0,  0,  0, 12,  9,  0,  0,  0,  0,  0,  0,  0,  0, ],
[ 3,  0,  0,  0,  0,  0,  0,  0,  0,  0,  0,  0,  0,  0,  0,  0,  0,  0,  0,  0,  0,  0,  0,  0, ],
[ 0,  0,  0,  0,  0,  0,  0,  0,  0,  0,  0,  0,  0,  0,  0,  0,  0,  0,  0,  0,  0,  0,  0,  0, ],
[ 0,  0,  0,  0,  0,  0,  0,  0,  0,  0,  0,  0,  0,  0,  0,  0,  0,  0,  0,  0,  0,  0,  0,  0, ],
[ 0,  0,  0,  0,  0,  6,  0,  0,  0,  0,  0,  0,  0,  0,  0,  0,  0,  0,  0,  0,  0,  0,  0,  0, ],
[ 0,  0,  0, 12,  0,  0,  0,  0,  0, 12,  0,  3,  3,  0,  0,  9,  0,  8,  2,  0,  0,  0,  0,  0, ],
[11,  0,  0,  0,  0,  0,  0,  0,  8,  0,  0,  0,  0,  0,  0,  0,  0,  0,  0,  0,  0,  0,  0,  0, ],
[ 0,  0,  0,  0,  0,  0,  0,  0, 11,  0,  0,  0,  0,  0,  0,  0,  0,  0,  0,  0,  0,  0,  0,  8, ],
[ 0,  0,  0,  0, 10,  0,  7,  0,  0,  9, 12,  0,  0,  0,  0,  0,  0,  0,  0,  0,  0,  0, 10,  0, ],
[ 0, 12,  0,  0,  0,  0,  0,  0,  0,  0,  0,  0,  0,  0,  0,  0,  0,  0,  0,  0,  3,  3,  0,  0, ],
[ 1,  9,  0,  0,  7,  7,  0,  0,  0,  1,  0,  0,  0,  0,  8,  0,  0,  0,  0,  0,  0,  4,  0, 14, ],
[ 0,  0,  0,  0,  0,  0,  0,  8,  0,  0,  0,  0,  0,  0,  0,  0,  0,  0,  0,  0,  0,  1,  0,  0, ],
[ 0,  0,  0,  0,  0,  0,  0,  0,  6,  0,  0,  0,  0,  0,  0,  0,  0,  3,  0,  0,  0,  0,  0, 13, ],
[ 0,  0,  0,  0,  0,  0,  2,  0,  2,  0,  0,  0,  0,  0,  0,  0,  0,  0,  0,  0,  0,  0,  0,  0, ],
[ 0,  0,  0,  0,  0,  0,  0,  1,  0, 10,  0,  0,  0,  0,  0,  0,  0,  0,  0,  0,  0,  0,  0,  0, ],
[ 0,  0,  5,  0,  0,  0,  0,  0,  0,  0, 14,  0,  0,  0,  8,  0,  0,  5,  0,  7,  0,  8,  0,  0, ],
[ 0,  0,  0,  0,  0,  0,  0,  0,  0,  0,  0,  0,  0,  0,  0,  4,  0,  0, 11,  0,  0,  0,  0,  0, ],
[ 0,  0,  0,  0,  0,  0,  0,  0,  0,  0,  8,  0,  0,  0,  0,  8,  0,  0,  0,  0,  0,  0, 11,  0, ],
[ 0,  0, 12, 12,  0,  0,  0,  0,  0,  0,  0,  0,  8,  0,  0,  0,  0,  0,  0,  0,  0,  0,  0,  0, ],
[ 0,  0,  0,  0,  0,  0,  0,  0,  0,  0,  0, 10,  0,  0,  0,  0,  0,  0,  0,  0,  0,  0,  0,  0, ],
[ 0,  7,  0,  8,  0,  0,  0,  0,  0,  0,  0,  0,  0,  0,  0,  7,  0,  0,  0,  0,  0,  0,  0,  0, ],
[ 0, 11,  0,  0,  0,  6,  0,  0,  0,  0,  0,  0,  0,  0,  0,  0,  0,  0,  0,  0,  0,  0,  9,  0, ],
[ 0, 14,  0,  0,  2,  0,  0,  0,  8,  0, 13,  0,  0,  0,  0,  0,  0,  0,  0,  0,  0,  5,  0,  0, ],
[ 0,  0,  0,  0,  0,  0,  0,  0,  0,  0,  4,  0,  0,  0,  0,  0,  0,  0,  0,  0,  0,  0,  0,  0, ],
[ 0,  0,  0,  0,  1,  0,  0,  0,  0,  0,  0,  0,  0,  0,  0,  0,  0,  0,  0,  0,  0,  0,  4,  0, ],
[ 0,  0,  0,  0,  0,  0,  0,  0,  0,  0,  0,  0,  0, 13,  0,  0,  1,  0,  0,  0,  0,  0,  0, 14, ],
[ 0,  0,  0,  0,  0,  0,  0,  0,  0,  0,  0,  0,  0,  0, 10,  0,  0,  0,  0,  0,  0,  0,  4,  0, ],
[ 0,  9,  0,  0,  0,  0,  0,  0,  0,  0,  0,  0,  0,  0,  0,  0,  0,  0,  0,  0,  0,  0,  0,  0, ],
[ 0,  8,  0,  0,  0,  0,  0,  9,  0,  0,  0,  0,  0,  0,  8,  0,  0,  0,  0,  0,  0,  0,  0,  0, ],
[ 0,  0,  0,  0,  0,  5,  0,  0,  0,  0,  0,  0,  0,  0,  0,  0,  0,  0,  0,  0,  0,  0,  0,  0, ],
[ 8,  0,  0,  0,  0,  0,  0,  0,  0,  0,  0,  0,  0,  0,  0,  0,  0,  0,  0,  0,  0,  0,  0,  0, ],
[ 0,  0,  0, 13,  0,  9,  0,  0,  0,  0,  0,  9,  0,  0,  0,  0,  0,  0,  0,  0,  0,  0,  0,  0, ],
[ 0,  0,  0,  0,  4,  0,  0,  9,  0,  0,  0,  0,  0,  0,  0,  0,  0,  0,  0,  0,  0,  0, 12,  3, ],
[ 0,  0,  0,  8,  0,  0, 10,  0,  0,  0,  0,  0,  0,  0,  2,  0,  0,  0, 14,  0, 10, 12,  5,  0, ],
[ 0,  0,  0,  0, 11,  0,  0,  0,  0,  0,  0,  0,  0,  0,  0,  0,  0,  0,  0,  0,  0,  0,  0,  0, ],
[ 0,  0, 11,  0,  7,  0,  0, 12,  0,  0,  5,  0,  0,  0,  0,  0,  0,  0,  0,  0,  9,  0,  0,  0, ],
[ 0,  0,  0,  0,  0,  0,  0,  2,  0,  0,  9,  0,  0,  0,  0,  0,  0,  0,  0,  0,  0,  0,  0,  0, ],
[ 1,  0,  0,  0,  0,  0,  0,  0,  0,  0,  0, 12,  0,  0,  0,  0,  0,  0,  0,  8,  0,  0,  0,  0, ],
[ 0,  0, 13,  0,  0,  0,  0,  7,  0,  0,  0,  0,  0,  0,  0,  0,  0,  0,  0,  0,  0, 13,  0,  0, ],
[ 0,  0,  0,  0,  0,  0,  0,  4,  0,  0,  0,  0,  0,  0,  0,  0,  0,  0,  0,  0,  0,  0,  0,  0, ],
[ 0,  0,  0,  0,  0,  0,  0,  0,  7,  0,  0,  0,  0,  0,  0,  0,  0,  1,  0,  0,  0,  0,  0, 11, ],
[ 9,  0,  0,  0,  0,  0,  0,  0,  0,  0,  0,  0,  0, 12,  0,  0,  0,  0,  0,  0,  0,  0,  0,  0, ],
[ 0,  0,  0,  0,  0,  0,  0,  0,  0,  0,  0,  0,  0,  0,  0,  0,  0,  0,  0,  0,  0,  0,  0,  0, ],
[ 0,  0,  0,  0,  0,  0,  0,  0,  0,  0,  0,  0,  0,  0,  0,  4,  0,  3,  0,  0,  0,  0,  0,  0, ],
[ 0,  7,  0,  0,  5,  2,  0,  0,  0,  0,  0,  0,  0,  0,  0,  0,  0,  0,  0,  0,  0,  0,  0,  0, ],
[ 0,  0,  0,  0,  7,  0,  0,  6,  7,  8,  0,  0,  0,  0,  0,  0,  0,  0,  0,  0,  0,  4,  0,  0, ],


[0.7683, -0.9825, ],
[-0.1290, -0.1787, ],
[0.0489, -0.4578, ],
[0.0279, 0.3791, ],
[0.8484, 0.9738, ],
[0.5352, -0.3471, ],
[-0.6841, 0.3106, ],
[0.1491, 0.3640, ],
[0.0576, -0.6277, ],
[-0.3418, 0.1647, ],
[-1.0000, -0.0163, ],
[-0.1584, -0.4003, ],
[-0.5891, -0.3329, ],
[0.4443, 0.2472, ],
[0.5748, 0.5290, ],
[-0.5929, -0.1375, ],
[-0.3441, -0.5363, ],
[-0.0442, 1.0000, ],
[0.7264, -0.0547, ],
[-0.3942, -0.6969, ],
[0.6428, 0.6812, ],
[0.4203, 0.1307, ],
[0.6020, -0.1139, ],
[0.9979, -0.0752, ],
[0.9560, 0.1251, ],
[0.2376, 0.0003, ],
[-0.7180, -0.4217, ],
[0.0812, -0.4322, ],
[0.6849, 0.3780, ],
[-0.3833, 0.3451, ],
[-0.5565, -0.3692, ],
[-0.1140, 0.5450, ],
[0.6718, -0.2473, ],
[0.3607, 0.8070, ],
[0.1747, 0.6937, ],
[-0.6984, 0.1197, ],
[-0.7453, 0.0109, ],
[-0.5056, -0.5004, ],
[1.0000, 0.9702, ],
[0.1873, 0.5131, ],
[0.5101, 0.7602, ],
[0.0557, 0.3158, ],
[0.3320, 0.3743, ],
[0.3100, -0.9132, ],
[0.9960, -0.4108, ],
[0.0043, 0.7167, ],
[0.2205, 0.2164, ],
[-0.7984, -0.6199, ],
[-0.1420, -0.7344, ],
[0.7722, 0.8791, ],
[0.5296, -0.1865, ],
[0.5166, -0.4706, ],
[0.1344, -0.9568, ],
[-0.4150, -0.6102, ],
[-0.3224, 0.2450, ],
[0.6896, -0.3786, ],
[0.7837, -0.0185, ],
[0.4100, 0.1412, ],
[-0.8277, 0.4732, ],
[0.0224, -0.4621, ],
[0.6991, 0.2718, ],
[-0.4520, 0.1473, ],
[-0.6308, 0.0272, ],
[0.1747, 0.0277, ],
[0.9083, 0.0141, ],
[0.0114, 0.5584, ],
[0.2930, 0.4081, ],
[0.2805, -0.5129, ],
[0.3206, 0.2280, ],
[0.7419, -0.0661, ],
[0.9546, 0.6896, ],
[0.1716, 0.4567, ],
[-0.3311, 0.3602, ],
[-0.0751, 0.3986, ],
[0.3423, 0.6899, ],
[-0.9928, -0.2645, ],
[0.8770, -0.2102, ],
[0.9785, -0.0138, ],
[0.2186, 0.1967, ],
[1.0000, -0.0874, ],
[-0.3831, -0.7107, ],
[-0.0929, 0.7835, ],
[-0.2997, 1.0000, ],
[-0.1479, 0.8155, ],
[-0.2123, 0.1908, ],
[-0.3286, -0.3963, ],
[0.1868, 0.2866, ],
[0.6914, 0.5809, ],
[-0.1004, -0.6102, ],
[0.1087, -0.7751, ],
[-0.4310, 0.7298, ],
[-0.1851, 0.9150, ],
[0.0205, 0.5821, ],
[0.8583, 0.2522, ],
[-0.6434, -0.9516, ],
[-0.6353, 0.1358, ],
[-0.6995, 0.5193, ],
[0.6893, -0.6064, ],
[0.6131, 0.3450, ],
[0.4185, 0.8196, ],


[0.0000, ],
[9.0000, ],
[17.0000, ],
[12.0000, ],
[3.0000, ],
[3.0000, ],
[4.0000, ],
[5.0000, ],
[5.0000, ],
[0.0000, ],
[7.0000, ],
[9.0000, ],
[4.0000, ],
[23.0000, ],
[6.0000, ],
[8.0000, ],
[5.0000, ],
[2.0000, ],
[5.0000, ],
[4.0000, ],
[0.0000, ],
[9.0000, ],
[4.0000, ],
[15.0000, ],
[3.0000, ],
[9.0000, ],
[8.0000, ],
[2.0000, ],
[8.0000, ],
[0.0000, ],
[3.0000, ],
[11.0000, ],
[10.0000, ],
[8.0000, ],
[9.0000, ],
[5.0000, ],
[9.0000, ],
[0.0000, ],
[11.0000, ],
[5.0000, ],
[1.0000, ],
[8.0000, ],
[0.0000, ],
[4.0000, ],
[3.0000, ],
[7.0000, ],
[3.0000, ],
[12.0000, ],
[14.0000, ],
[4.0000, ],
[14.0000, ],
[2.0000, ],
[5.0000, ],
[5.0000, ],
[11.0000, ],
[2.0000, ],
[0.0000, ],
[0.0000, ],
[3.0000, ],
[19.0000, ],
[7.0000, ],
[7.0000, ],
[18.0000, ],
[8.0000, ],
[20.0000, ],
[4.0000, ],
[9.0000, ],
[2.0000, ],
[5.0000, ],
[17.0000, ],
[6.0000, ],
[10.0000, ],
[11.0000, ],
[4.0000, ],
[9.0000, ],
[10.0000, ],
[14.0000, ],
[2.0000, ],
[3.0000, ],
[9.0000, ],
[6.0000, ],
[3.0000, ],
[9.0000, ],
[2.0000, ],
[3.0000, ],
[10.0000, ],
[11.0000, ],
[22.0000, ],
[4.0000, ],
[16.0000, ],
[4.0000, ],
[8.0000, ],
[11.0000, ],
[2.0000, ],
[8.0000, ],
[7.0000, ],
[0.0000, ],
[4.0000, ],
[6.0000, ],
[14.0000, ],


