[ 4,  0,  0,  0,  0,  0,  0,  2,  0,  0,  0,  0,  0, 14,  0,  0,  0,  0,  0,  0,  0,  0,  0, 12, ],
[ 0,  0,  0,  0,  0,  0,  0,  0,  0,  0, 10,  0,  0,  0,  0,  0,  0,  0,  0,  0,  0,  0,  0,  0, ],
[ 0,  0,  0,  0,  0,  0,  0,  0,  0,  1,  0,  7,  0,  1,  0,  0,  0,  0,  0,  0,  0,  0,  0,  0, ],
[ 0,  0,  0,  0,  0,  0,  0,  0,  0,  0,  0,  0, 12,  0,  0,  0,  0,  0,  0,  0,  0,  0,  0,  0, ],
[ 0, 10,  0,  0,  0, 14,  0,  0,  0,  0,  0,  0, 13,  0,  0,  0,  6,  0,  0,  0,  0,  0,  0,  0, ],
[ 0, 13,  0,  0,  0,  0,  0,  0,  0,  0,  0,  0,  0,  0,  0,  0,  0,  0,  0,  0,  0,  0,  0,  0, ],
[ 0,  0,  0,  0,  0,  9,  0, 14,  0,  0,  0,  0,  0,  0,  0,  0,  0,  0,  0,  0,  0,  0,  0,  0, ],
[ 0,  0,  0,  0,  0,  0,  0,  0,  6,  0, 10,  0,  0,  0,  0,  0,  0,  0,  0,  0,  0,  0,  0,  0, ],
[ 0,  0,  0,  0, 12,  0,  0,  0,  0,  3,  0,  0,  0,  0,  0,  0,  0,  0,  0,  0,  0,  0,  0,  0, ],
[ 0,  0,  0,  0,  0,  0,  0,  0,  0,  0,  0,  0,  0,  0,  0,  0,  0,  0,  0,  0,  0,  0,  0,  0, ],
[ 0,  0,  0,  0,  0,  0,  7,  0,  0,  0,  0,  0,  0,  0,  6,  0,  0,  7,  0,  0,  0,  0,  0,  0, ],
[ 0,  0,  0,  0,  8,  0,  0,  0,  0,  1,  0,  0,  0,  0,  1,  0,  0,  0,  0,  0,  0,  0,  0,  0, ],
[ 0,  0,  0,  4,  0,  0,  0,  0,  1,  0,  0,  0,  0, 12,  0,  0,  0,  0,  0,  0,  0,  0,  0,  0, ],
[13,  0,  0,  0,  0,  0,  0, 12,  0,  4,  0,  0,  0,  0,  0, 13,  0,  0,  0,  0,  0,  0,  4,  0, ],
[13,  0,  0,  0,  0,  0,  0,  0,  0, 13,  0,  0,  6,  0,  0,  0,  0,  0,  0,  0,  0, 12,  0,  0, ],
[ 0,  0,  5,  0,  3,  0,  0,  0,  0,  0,  0, 11,  0,  1,  0,  0,  0,  0,  0,  0,  0,  0,  0,  0, ],
[ 0,  0,  0,  0, 11,  0,  0,  1,  0,  0,  0,  0,  0,  0,  0,  0,  0,  0,  0,  0,  0,  0,  0, 11, ],
[ 0,  0,  0,  0,  0,  6,  0,  0,  0,  0,  0,  0,  0,  0,  0,  0,  0,  0,  5,  0,  0,  0,  0,  0, ],
[ 0,  0,  0,  0,  0,  0,  0,  0,  0,  0,  0,  0,  0,  0,  0,  2,  0,  0,  0,  0,  0,  0, 11,  0, ],
[ 0,  0,  0,  4,  0,  0,  0,  0,  7,  0,  0,  0,  0,  0,  0,  0,  0,  0, 10,  0,  0,  0,  0,  0, ],
[ 0,  0,  0,  0,  0, 11, 11,  0,  0,  0,  0,  0,  0,  0,  0,  8,  0,  0,  0,  0,  0,  0,  0,  0, ],
[ 0,  0,  0,  0,  0,  0,  0,  0,  0, 12,  0,  0,  0,  0,  0,  0,  0,  2,  0,  0,  0,  0,  0,  0, ],
[ 0,  0,  0,  0,  0,  0,  0,  0, 10,  0,  0,  0,  0,  0,  0,  0,  0,  0,  0,  0,  0,  0,  0,  0, ],
[ 0,  0,  0,  0,  0,  0,  0,  0,  0,  0,  0, 14,  0,  0,  0,  0,  0,  0,  0,  0,  0,  0, 13,  0, ],
[ 0,  0, 14,  0,  0,  0,  0,  0,  0,  0,  0,  0,  1,  0, 10,  0,  0, 12,  0,  0,  0,  0,  0,  0, ],
[ 0,  0,  0,  0,  0,  0,  0,  0,  0,  0,  0,  0,  0,  0,  0,  0,  8,  0,  0,  0,  0,  0,  0,  0, ],
[ 0,  0,  0,  0,  0,  0,  0,  0,  0,  0, 14,  0,  0,  0,  0, 13,  0,  0,  0,  0,  0,  0,  0,  0, ],
[13,  0,  8,  0,  0,  0,  0,  0,  0,  0,  0,  0,  0,  0,  0,  0,  0,  0,  0,  0,  0,  0,  0,  0, ],
[ 0,  5,  0,  0,  0,  0,  0,  6,  1,  0,  7,  0,  0,  0,  0,  0,  0,  0,  0,  0,  0,  0,  0,  0, ],
[ 0,  0,  0,  1,  0,  0,  0,  0,  0,  0,  0,  0,  0,  0,  0,  0,  0,  0,  0,  0,  0,  0,  0,  0, ],
[ 0,  0,  0,  0,  0,  0,  0,  0,  0,  0,  0,  0,  0,  0,  0,  0,  0,  0,  0,  0,  0,  0,  0,  0, ],
[ 0,  0,  0,  0,  0,  0,  0,  0,  0,  0,  0,  0,  0,  0,  0,  0,  0,  0,  0,  0,  0,  0,  0,  0, ],
[ 0,  0,  0,  0,  0,  0,  0,  0,  0,  0,  0,  0,  0,  0,  0,  0,  0,  0,  0, 13,  0,  0,  0,  0, ],
[ 0,  0,  0,  0,  0,  0,  0,  0,  0,  0,  0,  0,  0, 13,  0,  0,  0,  0,  0, 12,  0,  0,  0,  0, ],
[ 0,  3,  0,  0,  0,  0,  0,  0,  0,  0,  0,  0,  0,  0,  0,  1,  0,  3,  0,  0,  0,  0,  0,  0, ],
[ 0,  0,  0,  0,  0,  8,  0, 14,  0,  0,  0,  0,  0,  0,  0,  0,  9,  0,  0,  8,  0, 14,  0,  0, ],
[ 0, 14,  0,  0,  0,  0,  0, 14,  0, 13,  0,  0,  8,  0,  0,  0,  0,  4,  0,  0, 13,  0,  0,  0, ],
[ 0,  0,  0,  0,  0,  0,  0,  0,  0,  0,  0,  0,  0,  0,  0,  0,  0,  0,  0,  5,  0,  0,  0,  0, ],
[ 0,  0,  0,  1,  0,  0,  0,  0,  0,  0,  0,  0,  0,  0,  0,  0,  0,  3,  0,  1,  5,  0,  0,  0, ],
[ 0,  0,  0,  0,  0,  0,  5,  0,  8,  0,  0,  0,  0,  0,  0,  0,  0,  0,  0,  0,  0,  0,  0,  0, ],
[ 0,  0, 11,  0,  0,  0,  0,  0,  0,  5,  0,  0,  0,  0,  0,  0,  0,  0,  0,  0,  0,  0,  0,  0, ],
[ 0,  0,  0,  0,  0,  0,  0,  0,  0, 10,  0, 10,  0,  0,  0,  0,  0,  0,  0,  0,  0,  0,  0,  0, ],
[ 0, 13,  0,  0,  0,  0,  0,  0,  0,  0,  0,  0,  0,  0,  0, 10,  0,  0,  0,  0,  0,  0,  0,  0, ],
[ 0,  0,  0,  6,  0,  0,  0,  0,  0,  0,  0,  0,  0,  0,  0,  0,  0,  0,  0,  0,  9,  0,  0,  0, ],
[ 0,  0,  0,  0,  2, 12,  0,  0,  0,  0,  0,  0,  0,  0,  0,  7,  0,  0,  0,  0,  0,  0,  0,  0, ],
[ 0,  0,  0,  0,  0,  0,  8,  0,  0,  0,  0,  0,  0,  0,  0,  1,  4,  0,  0,  0,  0,  0, 11,  8, ],
[ 0,  0,  0,  0,  0,  0,  0,  4,  0,  0,  0,  0,  0,  0,  0,  0,  0,  0,  0,  0,  0,  6,  0,  0, ],
[ 0,  0,  0,  0,  0,  0,  0,  0,  0,  0,  0,  3,  0,  0,  0, 10,  0,  0, 12,  0,  0,  0,  0,  0, ],
[ 0,  0,  0, 11,  0,  0,  0,  0,  0,  0,  0,  0,  0,  0,  0,  0,  0,  0,  3,  0,  0,  0,  0,  0, ],
[ 0,  0,  0,  0,  0,  0,  0,  0,  0,  0,  0,  0,  0,  0,  0,  0, 12,  0,  0,  0,  0,  0,  0,  0, ],
[ 0, 14,  0,  0,  0,  0,  0,  0,  0,  0,  0,  0,  0,  4,  0,  0,  0,  0,  0,  0,  0,  0,  0,  0, ],
[ 0,  0,  0,  0, 13,  0,  0,  0,  0,  0,  0, 12,  0,  0,  0,  0,  0,  0,  0,  0,  0,  0,  0,  0, ],
[ 0,  0,  0, 10,  0,  5, 11,  0,  0,  0,  0,  0,  0,  0,  0,  0,  0,  0,  0,  0,  0,  0,  0,  0, ],
[ 0,  0,  0,  0,  0,  0,  0,  0,  0,  0,  0,  0,  0,  0,  7,  0,  0, 14,  0,  0,  0,  6,  0,  0, ],
[ 0,  0,  0,  0,  0,  0,  0,  0,  0,  0,  0,  3,  0,  0,  0,  9,  0,  0,  0,  0,  0,  0,  0,  0, ],
[ 0,  0,  0,  0,  0,  7,  9,  0, 12,  0,  0,  0,  0,  0,  0,  0,  0,  1,  7,  0,  0,  0,  0,  0, ],
[ 0,  0,  0,  0,  0,  0,  0,  0,  0,  0,  0,  2,  0,  0,  0,  0,  0,  0,  0,  0,  1,  0,  0,  0, ],
[ 5,  0,  0,  0,  0,  0,  0,  0,  0,  0,  0,  0,  0,  0,  0,  0,  0,  0,  0,  0,  0,  0,  3,  0, ],
[ 0,  0,  0,  0,  0,  0,  0,  0,  0,  0,  0,  0,  0,  0,  0,  5,  0,  0,  0,  0,  0,  0,  0,  0, ],
[ 0,  0,  0,  0,  0,  0,  0,  0,  0,  0,  0,  0,  0,  0,  0,  0,  0,  0,  0,  0,  2,  0, 11,  0, ],
[ 0,  0,  0,  0,  0,  0,  0,  0,  0,  0,  0,  0,  0,  0,  0,  0,  0,  0,  0,  0,  0,  0,  0,  0, ],
[ 0,  0,  0,  0,  0,  0,  0,  0,  0,  0,  0,  0,  0,  0,  4,  0,  0,  0,  0, 13,  0,  0,  0,  0, ],
[ 0,  0,  0, 14,  0, 12,  0,  0,  0,  0, 12,  0,  0,  0,  0,  0,  0,  1,  0,  0,  0,  0,  0,  0, ],
[ 0,  0,  0,  0,  0,  0, 12,  0,  0,  0,  0,  0,  0,  0,  0,  0,  0,  0,  0,  0,  0,  0,  0,  0, ],
[ 0,  0,  0,  0,  0,  0,  0,  0,  0,  0,  0,  0,  0,  0,  0,  0,  0,  0,  0,  0,  0,  0,  0,  0, ],
[ 0,  0,  0,  0,  0,  0,  0,  0,  8,  0,  0,  0,  0,  0,  0,  9,  0,  0,  0,  0,  8,  0,  0,  0, ],
[ 0,  0,  0,  0,  0,  0,  0,  0,  0,  0,  0,  0,  0,  0,  0,  0,  0,  0,  0,  0,  0,  0,  0, 13, ],
[ 0, 12,  0,  0,  0,  0,  0,  0,  0,  0,  0,  0,  0,  0, 10,  0,  0,  0,  0,  0,  0,  0,  0,  2, ],
[ 0,  0,  0,  0,  0,  0,  0,  1,  0,  0,  0,  0,  0,  0,  9,  0,  0,  0,  0,  0,  0,  0,  0,  0, ],
[ 0,  0,  0,  0,  0,  8,  0,  0,  0,  0,  0,  0,  0,  0,  0,  0,  0,  0,  2,  0,  0,  8,  0,  0, ],
[ 0,  0,  0,  0,  0,  0,  0,  0,  0,  0,  0,  0,  0,  0,  0,  0,  0,  0,  0,  0,  5,  0,  0,  0, ],
[ 0,  0,  0,  0,  0,  0,  0,  0,  0,  0,  0,  0,  0,  0,  0,  0,  0,  0,  0, 12,  0,  0,  6,  0, ],
[ 0,  0,  0,  0,  0,  0,  0,  0,  0,  0,  0,  0,  0,  0,  0,  0,  0,  0,  0,  0,  0,  0,  0,  0, ],
[ 0,  0,  0,  0,  0,  0,  0,  0,  0,  0,  0,  0,  0,  0,  0,  0,  0,  0,  0,  0,  0,  0,  0,  0, ],
[ 0,  0,  2,  0,  0,  0,  0,  0,  0,  0,  5,  0,  5,  0,  0,  6,  0,  0,  5, 12,  0,  0,  0,  0, ],
[ 0,  0,  0,  0,  0,  0,  0,  0,  0,  0,  0,  0,  0,  0,  0,  0,  0, 13,  0,  0,  0,  0,  0,  0, ],
[ 0,  0,  0,  4,  0,  8, 10,  0,  0,  0,  0,  0,  0,  0,  0,  1,  0,  0,  0,  0,  7, 12,  0,  0, ],
[ 0,  2,  0,  0,  0,  0,  0,  0,  0,  0,  0,  0,  0,  0,  0,  0,  0,  0,  0,  0,  0,  0,  0,  0, ],
[ 0,  0,  0,  0,  0,  0,  0,  0,  0,  0,  0,  6,  0,  0,  0,  0,  0,  0,  0,  0,  3,  0, 14,  0, ],
[ 0,  0,  5,  0,  0,  0,  0,  0,  0,  0,  0,  0,  0,  0,  0,  3,  1,  0,  0,  0,  0,  0,  0,  0, ],
[ 7,  0,  0,  0,  4,  0, 14,  0, 14,  0,  0,  7,  0,  0,  0,  0,  0,  0,  0, 13,  0,  0,  0,  0, ],
[ 0,  9,  0,  0,  0,  0,  0,  0,  0,  0,  0,  0,  0,  0,  0,  0,  0,  0,  2,  8,  0,  0,  0,  6, ],
[ 0,  0,  0,  0,  0,  0,  5, 13,  0,  0,  0,  0,  0,  0,  0,  0,  0,  0,  0,  0,  0,  0,  0,  0, ],
[ 0,  0,  0,  0,  0,  5,  0,  0,  0,  0,  0,  0,  0,  0,  0,  0,  0,  0,  0,  0,  0,  0, 14,  0, ],
[ 8,  0,  0,  0,  0,  0,  0,  0,  0,  0,  0,  0,  0,  0,  0,  0,  5,  0,  0,  0,  0,  0,  0,  0, ],
[ 0,  0,  1,  0,  0,  9,  0, 14,  0,  0,  0,  0,  0,  0,  0,  0,  0,  0,  0,  0,  0,  0,  0,  0, ],
[ 2,  0,  0,  0,  0,  0,  0,  0,  0,  9,  0,  0,  2,  0,  0,  0,  0,  0,  0,  9,  0,  0,  0,  0, ],
[ 0,  0,  0,  0,  0,  0,  4,  0,  0,  0,  0,  0,  0,  1,  0,  0,  0,  0,  0,  0,  0,  0,  0,  0, ],
[ 0,  0,  0,  0,  0,  0,  0,  0,  0,  0,  0,  0,  0,  0,  0,  0,  0,  0, 14,  0,  0,  0,  0,  0, ],
[ 0,  0,  0,  1,  0,  0,  0,  0,  0,  0,  0,  0,  0,  0, 12,  0,  0,  0,  0,  0,  0,  0,  0,  0, ],
[ 0,  0,  0,  4,  0,  0,  0,  0,  0,  0,  0,  0,  6,  0,  0,  0,  0,  0,  0,  0,  0,  0, 13,  0, ],
[ 0,  0,  0,  0,  0,  0,  9,  0,  0,  0,  0,  0,  0,  0,  0,  0,  0,  7,  0,  0,  0,  0,  0,  0, ],
[ 0,  0,  0,  0,  9,  0,  0,  7,  0,  0,  0,  0,  8,  7,  0,  0,  0,  0,  0,  0,  0,  0,  0,  0, ],
[ 0,  8,  0,  0, 13,  0,  0,  0,  4,  0,  9,  0,  0, 11,  0,  0,  0,  0,  0,  0,  0,  0,  0,  1, ],
[ 0,  0,  0,  0,  0,  0,  0, 10,  0,  0,  0,  0,  0,  0,  0,  0,  0,  0,  0,  0,  0,  0,  0, 11, ],
[ 0,  0,  0,  0,  0,  0,  0,  0,  0,  0,  0,  0,  0,  0,  0,  0,  0,  0,  0,  0,  0,  0,  0, 10, ],
[ 0,  0,  0,  0,  0,  0, 12,  0,  0,  0,  0,  0,  0,  0,  0,  0, 13,  0,  0,  0,  0,  0,  0,  0, ],
[ 0,  0,  0,  0,  0,  0,  0,  0,  0,  0,  0,  0,  0,  0,  0,  0,  0,  0,  0,  0,  0,  0,  0,  0, ],
[ 0,  0,  0,  0,  0,  0,  0,  0,  0,  0,  0,  0,  0,  0,  0,  0,  0,  0,  0,  0,  0,  9,  0,  0, ],
[ 0,  0,  0,  0,  0,  0,  9,  0,  0,  0,  0,  0, 11,  0,  0,  0,  0,  5,  0,  0,  0, 12,  0,  0, ],


[1.0000, -0.8325, ],
[-0.1142, -0.2679, ],
[-0.0597, -0.4578, ],
[0.0545, 0.3451, ],
[0.8484, -0.2803, ],
[0.6381, -0.3120, ],
[-0.6848, 0.2768, ],
[0.1763, 0.2937, ],
[-0.1601, -0.6367, ],
[-0.3954, 0.4450, ],
[0.5171, -0.2612, ],
[0.1024, -0.5382, ],
[-0.5759, -0.7967, ],
[0.5621, 0.2255, ],
[0.2819, 0.6977, ],
[-0.6036, -0.1375, ],
[0.7157, -0.9878, ],
[-0.0869, 1.0000, ],
[0.3807, 0.1321, ],
[-0.1299, -0.5607, ],
[0.8086, -0.0552, ],
[0.3216, 0.0863, ],
[0.3061, -0.1139, ],
[-0.9614, -0.0848, ],
[0.5010, 0.1395, ],
[-0.3196, -0.1563, ],
[-1.0000, 0.7187, ],
[-0.0637, 0.7499, ],
[0.7451, 0.2685, ],
[-0.5870, -0.3493, ],
[-0.6348, 0.3548, ],
[-0.0235, 0.4329, ],
[0.9434, -0.1067, ],
[0.7120, 0.9229, ],
[0.0655, 0.4166, ],
[-0.5075, 0.2486, ],
[-0.7912, -0.2534, ],
[0.6061, 0.0993, ],
[0.3995, 0.9702, ],
[1.0000, 0.5726, ],
[0.5101, -0.9960, ],
[0.0250, 0.2151, ],
[0.4068, 0.4169, ],
[0.3531, -0.6738, ],
[0.2643, -0.2646, ],
[0.2048, 0.9406, ],
[0.3282, 0.1405, ],
[-0.5798, -0.6199, ],
[-0.5872, -0.6326, ],
[0.8194, 0.7392, ],
[0.5142, -0.0024, ],
[0.4806, -0.5783, ],
[0.1344, -0.8494, ],
[-0.2364, -0.4000, ],
[-0.3717, 0.3399, ],
[0.8708, -0.3872, ],
[0.8079, -0.0532, ],
[-0.8719, 0.4378, ],
[-0.6398, 0.4505, ],
[0.2346, -0.5920, ],
[0.6110, 0.4349, ],
[-0.4568, 0.0511, ],
[-0.6169, -0.0832, ],
[0.4577, -0.1056, ],
[1.0000, 0.0184, ],
[0.2507, 0.5584, ],
[0.1633, 0.3581, ],
[0.3294, -0.7539, ],
[0.3206, 0.0442, ],
[0.5664, -0.1932, ],
[0.9496, 0.5683, ],
[0.0427, 0.3962, ],
[-0.3021, 0.2776, ],
[-0.2030, 0.4971, ],
[-1.0000, 0.7256, ],
[-1.0000, -0.2790, ],
[1.0000, 0.2032, ],
[0.4379, 0.0005, ],
[-0.0651, 0.1335, ],
[-0.5580, -0.2909, ],
[-0.3304, -0.8940, ],
[-0.0929, 0.6455, ],
[-0.2645, 0.0210, ],
[-0.3164, 0.6404, ],
[-0.2875, 0.1552, ],
[-0.3297, -0.3963, ],
[0.3005, 0.7184, ],
[0.8235, 0.4324, ],
[0.0486, -0.6787, ],
[0.4963, -0.9493, ],
[-0.5740, 0.7446, ],
[-0.1767, 0.9385, ],
[0.2282, -0.4427, ],
[0.2946, 0.2816, ],
[-1.0000, -1.0000, ],
[-0.3865, 0.0697, ],
[-0.7728, -0.0205, ],
[0.6900, -0.4248, ],
[0.6469, 0.5375, ],
[0.3245, 0.8618, ],


[11.0000, ],
[4.0000, ],
[5.0000, ],
[4.0000, ],
[15.0000, ],
[4.0000, ],
[7.0000, ],
[7.0000, ],
[6.0000, ],
[0.0000, ],
[9.0000, ],
[5.0000, ],
[7.0000, ],
[16.0000, ],
[15.0000, ],
[9.0000, ],
[9.0000, ],
[5.0000, ],
[5.0000, ],
[9.0000, ],
[11.0000, ],
[5.0000, ],
[4.0000, ],
[8.0000, ],
[13.0000, ],
[3.0000, ],
[8.0000, ],
[7.0000, ],
[9.0000, ],
[1.0000, ],
[0.0000, ],
[0.0000, ],
[4.0000, ],
[8.0000, ],
[5.0000, ],
[17.0000, ],
[21.0000, ],
[2.0000, ],
[6.0000, ],
[5.0000, ],
[6.0000, ],
[8.0000, ],
[8.0000, ],
[6.0000, ],
[8.0000, ],
[13.0000, ],
[5.0000, ],
[10.0000, ],
[6.0000, ],
[4.0000, ],
[6.0000, ],
[8.0000, ],
[10.0000, ],
[10.0000, ],
[5.0000, ],
[14.0000, ],
[2.0000, ],
[4.0000, ],
[2.0000, ],
[5.0000, ],
[0.0000, ],
[6.0000, ],
[13.0000, ],
[4.0000, ],
[0.0000, ],
[9.0000, ],
[4.0000, ],
[9.0000, ],
[4.0000, ],
[7.0000, ],
[2.0000, ],
[7.0000, ],
[0.0000, ],
[0.0000, ],
[14.0000, ],
[4.0000, ],
[17.0000, ],
[1.0000, ],
[9.0000, ],
[5.0000, ],
[20.0000, ],
[10.0000, ],
[6.0000, ],
[6.0000, ],
[5.0000, ],
[8.0000, ],
[8.0000, ],
[3.0000, ],
[4.0000, ],
[5.0000, ],
[9.0000, ],
[6.0000, ],
[12.0000, ],
[17.0000, ],
[8.0000, ],
[4.0000, ],
[8.0000, ],
[0.0000, ],
[3.0000, ],
[13.0000, ],


