[ 0,  0,  0,  0,  0,  0,  7,  0,  0,  5,  0,  0,  8,  0,  0,  0,  0,  0,  0,  0,  0,  0,  0,  0, ],
[ 0,  0,  0,  0,  0,  0,  0,  0,  0,  0,  6,  0,  0,  0,  0,  0,  0,  0,  0,  0,  0,  0,  0,  0, ],
[ 7, 11,  0,  1,  1,  0,  0,  0,  0,  0,  0,  0,  0,  0,  0,  0,  0,  0,  0,  0,  0,  0,  0,  0, ],
[ 6,  0,  0,  0,  0,  0,  0,  0,  0,  0,  0,  0,  0,  0,  0,  0,  0,  0,  0,  0,  0,  0,  0,  0, ],
[ 0,  0,  0,  0,  0, 12,  0,  0,  0,  0,  0,  0,  0, 11,  2,  0,  0,  0,  0,  0,  0,  0,  0,  0, ],
[ 0,  0,  0,  0,  0,  0,  5,  0,  0,  0,  0,  0,  0,  0,  0,  0,  0,  0,  0,  0,  0,  0,  4,  0, ],
[ 0,  0,  0,  0,  0,  0,  0,  0,  0,  0,  0,  0,  0,  0,  0,  2,  0,  0,  1,  0,  0,  0,  0, 12, ],
[ 0,  0,  0,  2,  7,  0,  0,  0,  6,  0,  0,  0,  1,  0,  0,  0,  0,  0,  0,  0, 10,  0,  0, 10, ],
[ 0,  0,  0,  0,  0,  0,  0,  0,  0,  0,  0,  0,  0,  0,  0,  0,  0,  0,  0,  8,  2,  0,  0,  0, ],
[ 0,  0,  0,  0,  7, 11,  0,  0,  0,  0,  0,  0,  0,  0,  0,  0,  0,  0,  0,  0,  0,  3,  0,  0, ],
[ 0,  0, 14,  0,  0,  0, 12,  0,  0,  0,  0,  0,  0,  0,  0,  0,  0,  0,  0,  2,  0,  0,  0,  0, ],
[ 0,  0,  0,  0,  0,  0,  0,  0,  0,  0,  0,  0,  0,  0,  0,  0,  0,  0,  0,  0,  0,  0,  0,  0, ],
[ 0,  0,  0,  0,  0,  2,  0,  0,  0,  0,  0,  0,  0,  0,  0,  0,  0,  0,  0,  0,  0,  0,  0,  0, ],
[ 0,  0,  0,  0,  0,  3,  0,  0,  0,  0,  0,  0,  0,  0,  0,  0,  0,  0,  0,  0,  0,  0,  0,  0, ],
[ 0,  0,  0,  0,  0,  0,  0,  0,  0,  0,  0,  0, 13,  0,  0,  0,  0,  0,  0,  0,  0,  0,  0,  0, ],
[ 0,  0,  5,  0,  0,  0,  0,  0,  0,  0,  0,  0,  0,  0,  0,  0,  0,  0,  0,  1,  0,  0,  0,  0, ],
[ 0,  0,  0,  0,  0,  0,  8,  0,  0,  0, 13,  0,  9,  0,  0,  0,  0,  0,  0,  0,  0,  0,  0,  8, ],
[ 0,  0,  0,  0,  0, 12,  0,  0,  0,  1,  0,  0,  0,  0,  0,  0,  0,  1,  0,  0,  0,  0,  0,  0, ],
[ 0,  0,  0,  0,  0,  0,  0,  0,  0,  0,  0,  0,  0,  0,  0,  0,  0,  0,  0,  0,  0,  0,  0,  0, ],
[ 0,  0,  0,  0,  0,  0,  6,  0,  0, 14,  0,  0,  6,  0,  0,  0,  0,  0,  0,  0,  0,  0,  0,  0, ],
[ 0,  0,  0, 13,  0,  0,  0,  0,  0,  0,  6,  5, 13,  0,  0,  0,  0,  0,  0,  0,  0, 14,  0,  0, ],
[ 0,  0,  0,  0,  5,  0,  0,  0,  0,  0,  0,  0,  0,  0,  0,  0,  0,  0,  9,  0,  0,  0,  0,  0, ],
[ 0,  0,  0,  0,  0,  0,  0,  2,  0,  0,  0,  0,  0,  0,  0,  3,  0,  0,  0,  0,  0, 11,  0,  7, ],
[ 0,  0,  0,  0,  0,  0,  0,  0,  0,  0,  0, 13,  0,  0,  0,  0,  0,  0,  0,  0,  0,  0,  0,  0, ],
[ 0,  0,  0,  0,  0,  0,  0,  9,  8,  0,  0,  0,  0,  0,  0,  0,  0,  0,  1,  0,  0,  0,  0,  9, ],
[ 0,  0,  0,  0,  0,  0,  0,  0,  0,  0,  0,  0,  0,  0,  0,  0,  0,  0,  0,  0,  0,  0,  0,  7, ],
[ 0,  0,  7,  0,  0,  0,  0,  0,  0,  8,  0,  0,  0,  0,  1,  0,  0,  0,  0,  0,  0,  0,  0,  0, ],
[ 0,  0,  0,  0,  0,  7,  0,  0,  0,  0,  0,  0,  0,  0,  5,  0,  0,  0,  1,  0,  0,  0,  0,  0, ],
[ 0,  0,  0,  0,  0,  0,  0,  0,  0,  0,  0,  0,  0,  0,  6,  0,  0,  0,  0,  0,  0,  0,  0,  0, ],
[ 0,  0,  0,  0,  0,  0, 14,  0,  0,  0,  0,  0,  0,  0,  0, 13, 12,  0,  0,  0,  0,  0,  0,  0, ],
[ 0,  0,  0,  0,  0,  0,  0,  0,  0,  0,  0,  0,  0,  0,  0,  1,  0,  0,  0,  0,  0,  0,  0,  0, ],
[ 0,  0,  0,  0,  0,  0,  0,  0,  0,  0,  0,  0,  0,  6,  2,  3,  0,  1,  0,  0,  0,  0,  0,  0, ],
[ 0,  0,  0,  0,  0,  4,  0,  0,  0,  0,  0,  0,  0,  0,  0,  0,  0,  0,  0,  0,  0,  0,  6,  0, ],
[ 0,  5,  0,  3,  0,  0,  0,  0,  0,  0,  0,  0,  0,  0,  0,  0,  0,  0,  0,  0,  0,  0,  0,  0, ],
[ 2,  1,  0,  7,  0,  0,  0,  0,  0,  0,  0,  0,  0,  0,  3,  0,  0,  3,  0,  3, 13,  0,  0,  0, ],
[ 7,  0,  0,  0,  0,  0,  0,  7,  0,  0,  0,  0,  0,  0,  0,  0,  0,  0,  0,  0,  0,  0,  0,  0, ],
[ 0,  0,  0,  0,  0, 10,  0,  0,  6,  0,  0,  0,  0,  0,  0,  0,  0,  0,  0,  0,  0,  0,  0,  0, ],
[ 0,  0,  0,  0,  0,  0,  0,  0,  0,  0,  0,  0,  0,  0,  0,  0,  0,  0,  8,  0,  0,  0,  0,  0, ],
[ 0,  0,  0,  0,  0,  0,  0,  0,  0,  0,  0,  8,  0,  0,  0,  0,  0,  0,  0,  0,  0,  0,  0,  0, ],
[ 0,  0,  0, 14,  0,  0,  0,  0,  0,  0,  0,  0,  0,  0,  0,  0,  0,  0,  0,  0,  2,  0,  0,  0, ],
[ 6,  0,  0,  0,  0,  2,  0,  0,  0,  0,  0,  0,  0,  0,  0,  0,  0,  0,  0,  0,  0,  0,  2,  0, ],
[ 0,  0,  0,  0,  0,  0,  0,  0,  0, 10,  0,  0,  0,  0,  0,  0,  0,  0,  0,  0,  0,  0,  0,  0, ],
[ 0,  1,  0,  0, 11, 13,  0,  0,  0,  0,  0,  0,  0,  0,  0,  0,  0,  5,  0,  0,  0,  0,  0,  0, ],
[ 0,  0,  0,  0,  0,  2,  0,  0,  0, 12,  0,  0,  0,  0,  0,  0,  0,  0,  0,  0,  0,  0,  0,  0, ],
[ 6,  0,  0,  0,  0,  0,  0,  2,  0,  0,  0,  7,  0,  0,  0,  0,  0,  0,  0,  0,  0,  0,  0,  0, ],
[ 0,  0,  0,  0,  0,  0,  0,  0,  0,  0,  0,  0,  0,  0,  0,  2,  0,  0,  0,  0,  0,  0,  0,  0, ],
[ 0, 10,  0,  0,  5,  0,  0,  0,  0,  5,  0,  0, 11,  0,  0,  0,  0, 11,  0,  0,  0,  0,  0,  0, ],
[ 0,  0, 14,  0,  0,  0,  0,  0,  0,  0,  0,  0,  0,  0,  0,  0,  0,  0,  0,  0,  0,  0,  0,  0, ],
[ 0,  0,  0,  0,  0,  0,  3,  0,  0,  0,  0,  0,  0,  0,  0, 13,  0,  0,  0,  1,  0,  0,  0,  0, ],
[ 0,  0,  0,  0,  0,  0,  0,  0,  0,  0,  0,  0,  0,  0,  0,  0,  0,  0,  0,  0,  0,  0,  0,  7, ],
[ 0,  0,  0,  0,  0,  0,  0,  0,  0,  0,  0,  0,  0,  0,  0,  0,  0,  0,  0,  9, 13,  0,  0,  9, ],
[ 0,  0,  0,  0,  0, 12,  0,  0,  0,  0,  0,  0,  2,  0,  0,  0,  2,  0,  0,  0,  0,  0,  7,  0, ],
[ 0,  3,  0,  0,  0,  0,  0,  0,  0, 11,  0,  0,  0, 10,  0,  0,  0,  0,  0,  0, 12,  0,  0,  0, ],
[ 0,  0,  0,  0,  0,  0,  0,  0,  6,  0,  0,  0,  0,  0,  0,  0,  0,  0,  0,  0,  0,  0,  0,  1, ],
[ 0,  0,  0,  0,  0,  0,  0,  0,  0,  3,  0,  0,  0,  0,  0,  0,  0,  0,  0,  0,  0,  0,  0,  0, ],
[ 0,  0,  0,  0,  0,  0,  0,  0,  6,  0,  0, 14,  0,  0,  0,  0,  0,  0,  0,  0, 10,  0,  0,  0, ],
[ 0,  0,  0,  0,  0,  0,  0,  8,  0,  0,  0,  0,  5,  0,  0,  0,  0,  0,  0,  7,  0,  0,  0,  0, ],
[ 0,  0,  0,  0,  7,  0,  0, 11,  0,  0,  0,  0,  0,  0,  0,  0,  0,  3,  0,  0,  0,  0,  0,  0, ],
[ 0,  0,  0,  0,  0,  0,  0,  0,  0,  0,  0,  0,  0,  0,  0,  0,  4,  0,  0,  0,  0,  0,  0,  0, ],
[ 0,  0,  0,  0,  0,  0,  0,  0,  0,  0,  0,  0,  0,  0,  0,  0,  0,  0,  0,  0,  0,  0,  0,  0, ],
[ 0,  0,  0,  0,  0, 14,  0,  0,  0,  0,  0,  0,  0,  0,  0,  0,  0,  0,  0,  0,  0,  0,  1,  0, ],
[ 0,  0,  0,  0,  0,  0,  0,  0,  0, 14,  9,  0,  0,  0,  0,  0,  0,  0,  9,  0,  0,  0,  0, 13, ],
[ 0,  0,  0,  0,  0,  0,  0,  9,  0,  0,  0,  0,  0,  0,  0,  0,  4, 13,  0,  0,  0,  0,  0,  0, ],
[ 0,  0,  0,  0,  0,  0,  0,  0,  0,  0,  4,  0,  0,  0,  0,  0,  0,  0,  0, 10,  3,  0,  0,  0, ],
[ 0,  0,  0,  0,  0,  0,  0,  0,  0,  0,  0,  0,  0,  0,  0,  0,  0,  0,  0,  0,  0,  4,  0,  0, ],
[ 0,  0,  0,  0,  0,  0,  0,  0,  8,  0,  0,  0,  0,  0,  0,  4,  0,  0,  0,  0,  0,  0,  0,  0, ],
[ 0,  0,  0,  0,  0,  0,  0,  0,  0,  0,  0,  0,  0,  0,  0,  0,  0,  0,  0,  4,  0,  0,  0,  0, ],
[ 0,  0,  0,  0,  0,  0,  0,  0,  0,  0,  0,  1,  5,  0,  0,  0,  0,  0,  0,  0,  0,  0,  0,  0, ],
[ 0,  7,  0,  0,  0,  0, 13,  0,  0,  0,  0,  0,  0, 13,  0,  0,  0,  0,  0,  0,  0,  0,  0,  0, ],
[ 0,  0,  4,  0,  0,  0,  0,  0,  0,  0,  0,  0,  0,  0,  0,  3,  0,  0,  0, 10,  0,  0,  0,  0, ],
[ 0,  0,  0,  0,  1,  0,  0,  0,  0,  0,  0,  0,  0,  0,  0,  0,  0,  0,  0,  0,  0,  0,  7,  0, ],
[ 0,  0,  0,  0,  1,  0,  0,  0,  0,  0,  0,  0,  9,  0,  0,  0,  0,  0,  0,  0,  0,  0,  0,  5, ],
[ 0,  0,  0,  0,  0,  0,  0,  0,  0,  0,  0,  0,  0,  0,  6,  0,  0,  0,  0,  0,  0,  0,  0,  0, ],
[ 0,  0,  2,  0,  0,  0, 11,  0,  0,  0, 11,  0,  0,  0,  0,  0,  0,  0,  0,  0,  0,  0,  0,  0, ],
[ 0,  0,  0,  0,  0,  0,  0,  0,  0,  0,  0,  0,  0,  0,  0,  0,  0,  0, 12,  0,  0,  0,  0,  0, ],
[ 0,  0,  0,  0,  0,  0,  0,  0,  0,  0,  0,  0,  0,  0,  0,  2,  0,  0,  0,  0,  0,  0,  0,  0, ],
[ 0,  0,  2,  0,  0,  4,  0,  0,  0,  0,  0,  0,  0,  0,  0,  0,  0,  0,  0,  0,  0,  0,  0,  0, ],
[ 0,  0,  2,  0,  0,  0,  0,  0,  0,  0,  0,  0,  0,  0,  0,  0,  0,  0,  0,  0,  0,  0,  0,  0, ],
[ 0,  0,  0,  0,  0,  0, 14,  0,  0,  0,  0,  0, 10,  0,  6,  0,  0,  0,  0, 10,  0,  0,  4,  0, ],
[ 9,  0,  5,  2,  0,  0, 14,  0, 14,  0,  0,  0,  0,  0,  0,  5,  0,  0,  2,  0,  0,  0,  0,  0, ],
[ 0,  0,  0,  0,  0,  0,  0,  0,  0,  0,  0,  0,  0,  0,  0,  0,  0,  0,  0,  9,  0,  3,  0,  0, ],
[ 0,  0,  0,  0,  0,  0,  0,  0,  0,  0,  0,  9,  3,  0,  0,  0,  0,  0,  0,  0,  0,  0,  0,  0, ],
[ 0,  9,  0,  0,  0,  0,  0,  9,  0,  0,  0,  0,  0,  0,  0,  0,  0,  0,  0,  0,  0,  0,  0,  0, ],
[ 0,  0,  0,  0,  0,  0,  0,  0,  0,  0,  0,  0,  9,  0,  0,  0,  0,  4,  0,  0,  0,  0,  0,  2, ],
[ 0,  0,  1,  0,  0,  0,  0,  0,  0,  0,  0,  0,  0,  0,  0,  0,  0,  0,  0,  0,  9,  3,  0,  0, ],
[ 0,  0,  0,  0,  0,  0,  4,  0,  0,  0, 10,  0,  0, 13,  0,  0,  0,  0,  0,  0,  0,  0, 12,  0, ],
[ 0,  0,  0,  0,  0,  0,  0,  0,  0,  0,  0,  0,  2,  0,  0,  0,  0,  0,  0,  0,  0,  0,  0,  9, ],
[ 0,  0,  0,  0,  0,  0,  0,  0,  0,  0,  0,  0,  0,  0,  0,  0,  0,  0,  0,  0,  0,  0,  0,  0, ],
[ 0,  0,  0,  0,  0, 10,  0,  0,  0,  0,  0,  0,  0,  0,  0,  0,  0,  0,  0,  0,  0,  0,  0,  0, ],
[ 0,  0,  0,  0,  0,  0,  0,  0,  0,  0,  0,  0,  0,  0,  0,  0,  0,  0,  0,  0,  0,  0,  0,  0, ],
[ 0,  0,  0,  0,  0,  0,  0,  0,  0,  0,  0,  0,  0,  0,  0,  0,  0,  0,  0,  0,  3,  0,  0,  0, ],
[ 0,  7,  0,  0,  0, 14,  0,  0,  0,  0,  0,  0,  0,  0,  0,  0,  0,  0,  0,  0,  0,  0,  0,  5, ],
[ 0,  1,  0,  0,  0,  0,  0,  0,  0,  0,  0,  0,  0,  0,  4,  0,  0,  0,  0,  0,  0,  0,  0,  0, ],
[ 0,  0,  0,  0,  0,  0, 13,  0,  0,  0,  0,  0,  0,  0,  0,  0,  0,  0,  5,  0,  0,  0,  0,  0, ],
[ 0,  0,  0,  0,  0,  0,  0,  0,  0,  0, 11,  0,  0,  0,  2, 13, 14,  0,  0,  0,  6,  0,  6,  0, ],
[ 0, 11,  0,  0,  0,  0,  0,  0,  0,  0,  0,  0,  0,  0,  0,  9,  0,  0,  0,  0,  0,  0,  0,  0, ],
[ 0,  0,  0,  0,  0,  0,  0,  0,  0,  0,  0,  0,  0,  0,  0,  0,  0,  0,  0,  0,  0,  0,  0,  0, ],
[ 0,  0,  0,  0,  0,  0,  0,  0,  0,  0,  0,  0,  0,  0,  0,  7,  0,  0,  0,  0,  0,  0,  0,  0, ],
[ 0,  0,  0,  0, 12,  0,  0,  0,  0,  0,  0,  0,  0,  0,  0,  0,  0,  0,  0,  0,  0,  0,  0,  0, ],
[ 0,  0,  0,  0,  0,  0,  0, 13,  0,  0,  0,  0,  0,  0,  0,  0,  0,  0,  0,  0,  1,  0,  0,  0, ],


[0.8373, 0.3488, ],
[-0.9231, 0.6543, ],
[-0.5844, 0.4835, ],
[0.3613, 0.3597, ],
[0.8429, 1.0000, ],
[-0.4692, 0.4760, ],
[0.6234, -0.9706, ],
[0.7598, 0.5952, ],
[-0.2181, 0.6345, ],
[0.7949, 0.4445, ],
[-0.5993, -0.1967, ],
[-0.1155, -0.3610, ],
[0.2892, -0.6843, ],
[0.3726, 0.5355, ],
[0.5063, 0.5435, ],
[-0.1367, -0.1485, ],
[1.0000, 1.0000, ],
[0.2413, -0.5993, ],
[0.6602, -0.1283, ],
[0.5643, 0.4718, ],
[0.8782, 0.6110, ],
[0.4720, -0.3151, ],
[-0.4872, 0.0350, ],
[0.8467, 0.0570, ],
[1.0000, -0.0911, ],
[0.1852, 0.1017, ],
[0.2176, -0.3766, ],
[0.1843, 0.0949, ],
[-0.3744, 0.2451, ],
[0.6359, -0.5533, ],
[-0.9236, -0.3692, ],
[0.0417, 0.5525, ],
[-0.7643, 0.7631, ],
[0.8421, 0.3613, ],
[-0.7110, -0.5084, ],
[-0.6525, 0.5635, ],
[0.1403, 0.1060, ],
[0.5150, -0.2267, ],
[0.3115, 0.4161, ],
[0.6345, 0.4545, ],
[0.3243, -0.9130, ],
[-0.1108, 0.2506, ],
[0.9454, -0.1699, ],
[-0.9124, 0.7832, ],
[0.8765, -0.2032, ],
[0.5458, -0.3519, ],
[-0.2190, 0.5879, ],
[-0.4827, -0.5243, ],
[-0.1974, -0.4191, ],
[0.8335, 1.0000, ],
[0.4495, -0.1655, ],
[0.6349, 0.0150, ],
[0.4474, -0.9827, ],
[0.1344, -0.4062, ],
[-0.3224, -0.3365, ],
[0.2966, -0.3455, ],
[-0.8092, 0.0193, ],
[-0.5497, 0.3441, ],
[-0.5178, -0.9147, ],
[0.1428, -0.3484, ],
[0.5382, 0.5864, ],
[-0.5625, 0.0478, ],
[0.0504, 0.6042, ],
[0.1746, 0.2025, ],
[0.3102, -0.4040, ],
[-0.4506, -0.8399, ],
[0.2952, -0.7061, ],
[0.4341, -0.6744, ],
[-0.3963, 0.9222, ],
[0.5784, 0.0127, ],
[-0.5371, -0.3512, ],
[-0.4425, -0.2877, ],
[0.4466, -0.3915, ],
[-0.0571, 0.5386, ],
[0.5448, 0.9206, ],
[-1.0000, -0.1754, ],
[-0.8061, -0.7123, ],
[0.9785, 0.9585, ],
[0.2186, -0.8924, ],
[1.0000, 0.0431, ],
[-0.3575, 0.5809, ],
[-0.0929, 0.5481, ],
[0.2031, 0.8628, ],
[-0.5096, 0.7448, ],
[0.5278, 0.1372, ],
[-0.4532, 0.8741, ],
[0.0671, 0.3743, ],
[0.9307, 0.1680, ],
[-0.1423, -0.8659, ],
[0.4024, -0.9437, ],
[-0.8987, 0.5593, ],
[0.6688, -0.0491, ],
[-0.1894, -0.4430, ],
[0.8583, 0.0129, ],
[-0.0993, -0.9472, ],
[-0.5605, -0.2606, ],
[-0.5483, 0.5193, ],
[0.1121, -0.5417, ],
[0.8717, 0.2457, ],
[0.2942, 0.6465, ],


[8.0000, ],
[3.0000, ],
[9.0000, ],
[3.0000, ],
[9.0000, ],
[4.0000, ],
[6.0000, ],
[16.0000, ],
[4.0000, ],
[9.0000, ],
[9.0000, ],
[0.0000, ],
[1.0000, ],
[2.0000, ],
[4.0000, ],
[3.0000, ],
[13.0000, ],
[6.0000, ],
[0.0000, ],
[10.0000, ],
[17.0000, ],
[5.0000, ],
[10.0000, ],
[4.0000, ],
[10.0000, ],
[3.0000, ],
[7.0000, ],
[6.0000, ],
[3.0000, ],
[12.0000, ],
[1.0000, ],
[7.0000, ],
[5.0000, ],
[4.0000, ],
[15.0000, ],
[6.0000, ],
[7.0000, ],
[3.0000, ],
[3.0000, ],
[5.0000, ],
[5.0000, ],
[4.0000, ],
[11.0000, ],
[5.0000, ],
[7.0000, ],
[1.0000, ],
[16.0000, ],
[4.0000, ],
[7.0000, ],
[3.0000, ],
[10.0000, ],
[9.0000, ],
[14.0000, ],
[4.0000, ],
[2.0000, ],
[11.0000, ],
[8.0000, ],
[9.0000, ],
[2.0000, ],
[0.0000, ],
[5.0000, ],
[14.0000, ],
[9.0000, ],
[8.0000, ],
[2.0000, ],
[5.0000, ],
[2.0000, ],
[3.0000, ],
[11.0000, ],
[8.0000, ],
[4.0000, ],
[6.0000, ],
[3.0000, ],
[9.0000, ],
[4.0000, ],
[1.0000, ],
[3.0000, ],
[1.0000, ],
[17.0000, ],
[17.0000, ],
[5.0000, ],
[5.0000, ],
[6.0000, ],
[6.0000, ],
[6.0000, ],
[14.0000, ],
[4.0000, ],
[0.0000, ],
[4.0000, ],
[0.0000, ],
[2.0000, ],
[9.0000, ],
[3.0000, ],
[6.0000, ],
[19.0000, ],
[7.0000, ],
[0.0000, ],
[3.0000, ],
[4.0000, ],
[5.0000, ],


