[ 0,  0,  3,  0,  0,  0,  0,  0,  0,  0,  0,  0,  0,  0,  0,  0,  0,  0,  0,  0,  0,  0,  8,  0, ],
[ 0,  0,  0,  0,  0,  0,  0,  0,  0,  0,  0,  0,  0,  0,  0,  0,  0,  0,  0,  0, 10,  6,  0,  0, ],
[ 0,  0,  0,  0,  0,  0,  0,  0,  0,  0,  0,  0,  0,  0,  0,  0,  0,  0,  0,  0,  0,  0,  0,  0, ],
[ 0,  0,  0,  0,  0,  0,  0,  0,  0,  0,  0,  0,  5,  0,  0,  0,  0,  0,  0,  0,  0,  0,  0,  0, ],
[ 0,  0,  0,  9,  0,  0,  0,  0, 11,  0,  0,  0,  0,  1,  0,  0,  0,  0,  0,  0,  0,  0,  0,  0, ],
[ 0,  0,  0,  0,  0,  0,  0,  0,  0,  0,  0,  7,  0,  0,  0,  0,  0,  0,  0,  0,  0,  0,  0,  0, ],
[ 0,  0,  0, 13,  0,  0,  5,  0,  0,  0,  0,  0,  4,  0,  0,  0,  6,  0,  0,  0,  0,  0,  0,  0, ],
[ 0,  0,  0,  0,  0,  0,  0,  0,  0,  0,  0,  0,  0,  0,  0,  0,  0,  0,  7,  0,  0,  0,  0,  0, ],
[ 0,  3,  0,  0,  0,  0,  0,  8,  0,  0,  0,  0,  0,  0,  0,  0,  0,  0,  0,  1,  0,  0,  0,  0, ],
[ 0,  0,  0,  0,  0,  8,  0,  0,  0,  0,  0,  0,  0,  0,  0,  0,  1,  0,  0,  0,  2,  0,  0,  0, ],
[ 0,  0,  0,  0,  0,  0,  0,  0,  0,  0,  0,  0,  0,  0,  0,  0,  0,  0,  0,  0,  0, 14, 12,  0, ],
[ 0,  0,  0,  0,  0,  0,  0,  0,  6,  0,  0,  0,  2,  0,  0,  0,  0,  0,  0,  0,  0,  4,  0,  0, ],
[ 0,  0,  4,  0,  0,  0,  0,  0,  4,  0,  0,  0,  0,  0,  0,  9,  0,  0,  0,  0, 13,  0,  0,  0, ],
[ 0,  0,  0,  0, 14,  0,  0,  0,  0,  0,  0,  0,  0, 14,  0,  0,  0,  5,  0,  0,  0,  0,  0,  0, ],
[ 0,  0,  0,  0,  0,  0,  0,  0,  0,  0,  0,  0,  0,  0,  0,  0,  0,  0,  0,  0,  0,  0,  0,  0, ],
[ 2,  0,  0,  0,  0,  0,  0,  0,  0,  0,  0,  0,  0,  0,  0,  0,  0,  0,  0,  0,  4,  0,  0,  0, ],
[ 0,  2,  0, 11,  0,  0,  0,  0,  0,  0,  0,  0,  0,  0,  0,  0,  0,  0,  0,  0,  0,  0,  9,  0, ],
[ 0,  0,  0,  0,  0,  0,  0,  0,  0,  0,  0,  0,  0,  0,  0,  0,  0,  0,  0,  0,  0,  0,  0,  0, ],
[ 0,  0,  0,  0,  0,  0,  0,  0,  0,  6,  0,  0,  0,  0,  0,  0,  0,  0,  0,  0,  0,  2,  1,  0, ],
[ 0,  0,  2,  0,  0,  0, 14,  0,  0,  0,  0,  0,  0,  0,  4,  0,  0,  0,  0,  0,  3, 10,  0,  0, ],
[ 0,  0,  0,  0,  0,  0,  0,  0,  0,  0,  0,  0,  0,  0,  0,  4,  0,  0,  0,  0,  0,  0,  0,  0, ],
[ 0,  0,  0,  0,  0,  0,  0,  0,  0,  0,  0,  0,  0,  3,  0,  0,  0,  0,  0,  0,  0,  0,  0,  0, ],
[ 0,  0, 12,  0,  0,  0,  0,  0,  0,  0,  0,  0,  0,  0,  0,  3,  0,  0,  0,  0,  0,  0,  0,  0, ],
[ 3,  0,  0,  0,  6,  0,  0,  0,  0,  0,  0,  0,  0,  0,  0,  0,  7,  0,  0,  0,  0,  0,  0,  0, ],
[ 0,  0,  0,  0,  5,  0,  0,  0,  0,  7,  0,  0,  0,  0,  0,  0,  0,  0,  0,  0,  0,  0,  0,  0, ],
[ 0,  0,  0,  0,  0,  8,  0,  0,  0,  0,  0,  0,  0,  0,  7,  0,  0,  0,  0,  0,  0, 12,  0,  0, ],
[ 0,  0,  0,  0,  0,  0,  0,  0,  0, 11, 11,  0,  0,  0,  0,  0,  0,  0,  0,  0,  0,  0,  0,  0, ],
[ 0,  0,  0,  0,  0,  0,  0,  0,  0,  0,  0,  0,  0,  0,  0,  0,  0,  0,  0,  0,  0,  0,  0,  0, ],
[ 0,  0,  0,  6,  0,  0,  0,  0,  0,  0,  0,  0,  0,  0,  0,  0,  0,  0,  5,  0,  0,  0,  0,  0, ],
[ 0,  0,  9,  5,  0,  0,  0,  0,  0,  0,  0,  0,  0,  0, 12,  0,  0,  4,  0,  0,  0,  0,  0,  0, ],
[ 0,  0,  0,  0,  0,  0, 13,  0,  0,  0,  0,  0, 12,  0,  0,  0,  0,  0,  0,  0,  0,  0,  0,  0, ],
[ 0,  0,  0,  0,  0,  0,  0,  0,  0,  0,  0,  0,  0,  0,  0,  0,  0,  0,  0,  0,  0,  0,  0,  0, ],
[ 0,  0,  0,  0,  0,  0,  0,  0,  0,  0,  0, 10,  0,  0,  0,  0,  0,  0,  0,  0,  0,  0,  0,  0, ],
[ 0,  0,  0,  0,  0,  0,  0,  0,  0,  0,  0,  0,  0,  0,  0,  0,  0,  0,  0,  0,  0,  0,  0,  0, ],
[ 0,  0, 13,  0,  0,  0,  0,  0,  0,  0,  6,  0,  0,  0,  0,  0,  0,  0, 12,  0,  0,  0,  0,  0, ],
[ 0,  0,  0,  0,  0,  0,  0,  0,  0,  0,  0,  0,  0,  0,  0,  0,  0,  0,  2,  0, 12,  0,  0,  0, ],
[ 0,  8,  0,  0,  0,  0,  0,  0,  0,  0,  0,  0,  0,  0,  2,  0,  0,  0,  4,  0,  0,  0,  0,  1, ],
[ 0,  0,  0,  0,  0,  0,  0,  0,  0,  0,  0,  0,  0,  0,  0,  0,  8,  0,  0,  0,  3,  0,  8,  0, ],
[ 0,  0,  0,  0,  0,  0,  0,  0,  0,  0,  0,  0,  0,  0,  0,  0,  0,  0,  0,  6,  0,  0,  0,  0, ],
[ 2,  0,  0,  0,  0,  0,  0,  0,  0,  0,  0,  0,  0,  0,  0,  2,  0,  5,  0,  0,  0,  0,  0,  5, ],
[ 0,  0,  0, 11,  0,  0,  0,  0,  0,  0,  0,  0,  0,  0,  0,  0,  5,  0,  0,  0,  5,  8,  0,  6, ],
[ 0,  0,  0,  0,  0,  0,  0,  0,  0,  0,  0,  0,  0,  1,  0,  0,  0,  0,  2,  0,  0,  0,  0,  5, ],
[ 0,  0,  0,  0,  0,  0,  0,  0,  0, 12,  0,  3,  0,  0,  0,  0,  0,  0,  0,  0,  0,  4,  0,  0, ],
[ 7,  0,  0,  0,  0,  0,  0,  0,  0,  0,  0,  0,  0,  0,  0,  0,  0,  0,  0,  0,  0,  0,  0,  0, ],
[ 0,  0,  0,  0,  0,  0,  0,  0, 11,  0,  0,  0,  0,  0,  0,  0,  0,  0,  0,  0,  2,  0,  0,  0, ],
[ 0,  0,  0,  0,  0,  0,  0,  0,  0,  0,  0,  0,  0,  0,  0,  0,  0, 13, 14,  0,  0,  0,  0,  0, ],
[ 0,  0,  0,  0,  0,  0,  0,  0,  0,  0,  0,  0, 13,  0,  3,  0,  8, 10,  0,  2,  0,  0,  0,  0, ],
[ 0,  0,  0,  0,  0,  0,  0,  0,  0,  0,  0,  0,  0,  0,  0,  0,  0,  0,  0,  0,  0,  0,  0,  0, ],
[ 0,  9, 11,  9,  0,  0,  0,  0,  0,  0,  0,  0,  0,  0,  0,  0,  2,  0, 14,  0,  0,  0,  0,  0, ],
[ 0,  0,  2,  0,  0,  0,  0,  0,  0,  0,  0,  0,  0,  0,  0,  0,  0,  0,  0,  0,  0,  0,  9,  0, ],
[ 0,  0,  0,  0,  0,  0,  0,  0,  0,  0,  0,  0,  5,  0,  0,  0,  0,  0,  0,  0,  0,  0,  0,  0, ],
[ 0,  0,  0,  0,  0,  0, 14,  0,  0,  0,  0,  0,  0,  0,  0,  0,  0, 12,  0,  0,  0,  0,  0,  0, ],
[ 0,  0,  0,  0,  0,  0,  0,  0,  0,  0,  0,  0,  0,  0, 10,  3,  9,  0,  0,  4,  0,  4,  0,  0, ],
[ 3,  0,  0,  0,  0,  0,  0,  0,  0, 14,  0,  0,  0,  0,  7, 14,  2,  0,  0, 12,  0,  3,  0, 10, ],
[ 0,  1,  0,  0,  0,  0,  0,  0,  0,  0,  0, 14,  0,  0,  0,  0,  0,  0,  0, 10,  0,  0,  0,  0, ],
[ 0,  0,  0,  0,  0,  0,  7,  0,  0,  0,  0,  0,  0,  0,  0,  0,  0,  0,  0,  0,  0,  0,  0,  0, ],
[ 0,  0,  7,  0,  0,  0,  0,  0,  0,  0,  0,  0,  0,  0,  0,  0,  0,  0,  0,  0,  0,  0,  0,  0, ],
[ 0,  0,  0,  0,  0,  0,  0,  0,  0,  0, 12,  0,  0,  0,  0,  0,  0, 10,  0,  0,  0,  0,  0,  0, ],
[ 0,  0,  0,  0,  0,  0,  0,  0,  0,  0,  0,  5,  0,  0,  0,  4,  0,  0, 12,  0,  0,  1,  0,  0, ],
[ 0,  0,  0, 12,  5,  0,  0,  0,  0,  2,  0,  0,  0,  0,  0,  0,  0,  0,  0,  0,  0,  0,  0,  0, ],
[ 0,  0,  0,  0,  0,  0,  0,  0, 10,  0,  0, 10,  0,  0,  0,  0,  0,  0,  0,  0,  0,  0,  0,  0, ],
[ 0,  0,  0,  0,  0,  0,  0,  0,  5,  0,  0,  0,  0,  9,  0,  0,  0,  0,  0,  0,  0,  0,  0,  0, ],
[ 0,  0,  0,  0,  0,  0,  0,  0,  0,  0,  0,  0,  0,  0,  0,  0,  0,  0,  0, 14,  0,  0,  0,  0, ],
[ 0,  8,  0,  0,  0,  0,  0,  0,  0,  0,  0,  0,  0,  0,  0,  0,  0,  0,  0,  0,  0,  0,  0,  0, ],
[ 0,  0,  0,  0,  0,  0,  0,  0,  0,  1,  0,  0,  0,  0,  4,  0,  0,  0, 11,  0,  0,  0,  0, 12, ],
[ 0,  0,  0,  0,  0,  0,  0,  4,  0,  0,  0,  0,  0,  0,  0,  0,  0,  0,  0,  0,  0,  0,  0,  0, ],
[ 5,  0,  0,  0,  0,  0,  0, 11,  0,  0,  0,  0,  9,  0,  0,  0,  0,  0,  0,  7,  0,  0,  0,  0, ],
[ 0,  0,  0,  0,  0,  0,  0,  0,  0,  0,  0,  0,  4,  0,  0,  0,  0,  0,  0,  0,  0,  0,  0,  0, ],
[ 0,  0,  0,  0,  0,  0,  0,  0,  0,  0,  0,  0,  0,  0,  0,  3,  0,  8,  0,  0,  0,  0,  0,  0, ],
[ 0,  0,  0,  0,  0,  0,  0,  0,  0,  0,  0,  0,  0,  0,  0,  6,  0,  0,  0,  0,  0,  6,  0,  0, ],
[ 0,  0,  0,  0,  0,  0,  0,  0,  0,  0,  0,  7,  0,  0,  0,  0,  0,  0,  0,  0,  0,  0,  0,  0, ],
[ 5,  0,  0,  0,  0,  5,  0,  0,  0,  0,  0,  0,  0, 11,  0,  0,  0,  0,  0,  0,  0,  0,  0,  6, ],
[ 0,  0,  0,  0,  0,  7,  1,  0,  0,  0,  0,  0,  8,  0,  0, 12,  0,  0,  0,  0,  0,  0,  0,  0, ],
[ 0,  0,  3,  0,  0,  0,  4,  0,  0,  0,  0,  0,  0,  0,  0,  0,  0,  0,  8,  0,  0,  0,  0,  0, ],
[ 0,  0,  0,  0,  0,  0,  0,  0,  0,  8,  0,  0,  0,  0,  0,  0,  0,  0,  0,  0,  0,  0,  0,  0, ],
[ 0,  0,  0,  0,  0,  0,  0,  0,  0,  0,  0,  0,  0,  0,  0,  0,  0,  4,  0,  0,  0, 12,  0,  0, ],
[ 0,  0,  0,  0,  0,  0,  0,  0,  0,  0,  9,  0,  0,  0,  0,  0,  0,  0,  0,  0,  3,  0,  0,  0, ],
[ 0,  2,  0,  0,  0,  0,  0,  0,  0,  0,  0,  0,  0,  7, 14, 12,  0,  0,  0,  0,  0,  0,  0,  0, ],
[ 0,  0,  0,  0,  0,  0,  0,  0,  0,  0,  0,  0,  0,  0,  0,  0,  5,  0,  0,  0,  0,  1,  0,  0, ],
[ 0,  0,  0,  9,  0,  4,  0,  0,  0,  0,  4,  0,  0,  0,  0,  0,  0,  0,  0,  0,  0,  0,  0,  0, ],
[ 0,  0,  0,  0,  0,  0,  0,  0,  0,  0,  0,  0,  0,  4,  0,  0,  0,  0,  0,  0,  0,  0, 13,  0, ],
[ 0,  0,  0,  0,  0,  0,  0,  0,  0,  0,  0,  0,  0,  0,  0, 10,  0,  0,  0,  0,  0,  0,  0,  0, ],
[ 0,  0,  0,  0,  0,  0,  7,  0,  0,  0,  0,  0,  0,  0,  0,  0,  9,  0,  0,  0,  0,  0,  0,  0, ],
[ 0,  0,  0,  0,  0,  0,  0,  0,  0,  1,  2,  0,  0,  0,  0,  0,  0,  0,  0,  0,  0,  0,  0,  9, ],
[ 7,  2,  0,  0,  0,  0,  4,  0,  0,  0,  0, 11,  0,  0,  0,  7,  0,  0,  4,  0,  0,  2,  0,  0, ],
[ 0,  0,  0,  0,  0,  0,  0,  0,  4,  0,  0,  0,  0,  0,  0,  0,  0,  0,  0,  0,  0,  0,  0,  0, ],
[12,  0,  3,  0,  0,  0,  0,  0,  2,  0,  0,  0,  0,  0,  0,  0,  4,  0,  0,  0,  0,  0,  0,  0, ],
[ 0,  0,  0,  0,  6,  0,  0,  0,  0,  0,  0,  0,  0,  0,  0,  0,  0,  0,  0,  0,  0,  0,  0,  0, ],
[ 0,  0,  0,  0,  0,  0,  0,  0,  0,  0,  0,  0,  0,  0,  2,  0,  0,  0,  0,  0,  0, 12,  0,  0, ],
[ 0,  0,  0,  0,  0,  0,  0,  0,  0,  0,  0,  0,  0,  0,  0, 12,  6,  0,  0,  4,  0,  0,  0,  0, ],
[ 1,  0,  0,  0,  0,  0,  0,  0,  0,  0,  0,  0,  0,  0,  0,  0,  0,  0,  0,  0,  0,  8,  4,  0, ],
[ 0,  0,  0,  0,  0,  0, 12,  0,  9,  0,  0, 12,  0,  0,  0, 12,  0,  0,  0,  0,  0,  0,  0,  0, ],
[ 0,  0,  0,  0,  0,  0,  0,  0,  0,  0,  0,  0,  0,  0,  0,  0,  0,  0, 12,  0,  0,  0,  0,  0, ],
[ 0,  0,  0,  0,  0,  0,  0,  0,  0,  0,  0,  0,  0,  0,  0,  0,  5,  0,  0,  0,  0,  0,  0,  0, ],
[ 0,  0,  0,  0,  0,  0,  0,  2,  0,  0,  0,  0,  0,  0,  0,  8,  0, 10,  0,  0,  0,  0,  0,  0, ],
[ 0,  0,  0,  0,  0,  0,  0,  0,  0,  0,  0,  0,  0,  0, 12,  0,  2,  0,  9,  0,  0,  0,  0,  0, ],
[13,  0,  0,  0,  0,  0,  0,  0,  0,  0,  0,  0,  0,  0,  0,  0,  0,  0,  0,  0,  0,  0,  0,  0, ],
[10,  0,  0,  0,  0,  0,  0,  0,  0,  0,  0,  0,  0,  5,  0,  0,  0,  0,  0, 10,  0,  0,  0,  0, ],
[ 0,  0,  0,  0,  0,  3,  0,  0,  0,  0,  8,  0,  0, 11,  0,  0,  0,  0,  0,  0,  0,  0,  0,  0, ],
[ 0,  0,  0,  0,  8,  0,  8,  0,  0,  0,  0,  0,  0,  0,  0,  0,  0,  0,  0,  0,  0,  0,  0,  0, ],


[-0.0785, -0.2518, ],
[-0.5679, 1.0000, ],
[-0.4672, -0.2192, ],
[0.7471, -0.5553, ],
[0.6416, 0.0932, ],
[0.4936, -0.9342, ],
[-0.5500, 0.8082, ],
[0.5040, 0.0072, ],
[0.5663, 0.6776, ],
[-0.6595, -0.3259, ],
[0.4109, 0.3606, ],
[0.2135, -0.3745, ],
[0.2196, 0.7341, ],
[0.4698, 0.8000, ],
[0.2397, -0.3332, ],
[0.2850, 0.3803, ],
[0.9020, 0.2007, ],
[-0.1708, -0.8279, ],
[0.5386, -0.2859, ],
[0.2399, 0.2651, ],
[-0.2538, 0.6245, ],
[-0.3488, -0.0638, ],
[0.1560, 0.6844, ],
[-0.8909, -0.5905, ],
[0.5859, -0.2187, ],
[0.9128, 0.4289, ],
[0.8876, -0.5269, ],
[-0.4422, -0.0913, ],
[0.3225, -0.9887, ],
[-0.1949, 0.6758, ],
[-0.4636, -0.7403, ],
[-0.0382, 0.0714, ],
[0.9760, -0.1014, ],
[0.7801, 0.2209, ],
[0.2649, 0.0521, ],
[-0.8660, 0.9946, ],
[-0.8453, -0.8272, ],
[-0.4234, -0.3201, ],
[0.0265, -0.4442, ],
[-0.4097, -0.0963, ],
[-0.1763, 0.3967, ],
[1.0000, 0.0414, ],
[1.0000, -0.6016, ],
[0.3217, -0.8620, ],
[-0.1534, -0.0881, ],
[0.4875, 0.0351, ],
[0.8178, 0.2164, ],
[-0.2821, -0.9911, ],
[0.5131, 0.7268, ],
[0.3531, 0.5081, ],
[0.0755, -0.7729, ],
[0.0717, -0.5445, ],
[0.2307, 0.9892, ],
[-0.0316, 0.0729, ],
[-0.2312, -0.8228, ],
[0.7819, -0.5268, ],
[-0.4357, 0.4592, ],
[-0.8719, 0.1120, ],
[-0.7771, 0.3161, ],
[0.1383, -0.0994, ],
[0.1015, 0.2305, ],
[0.1143, 0.7183, ],
[-0.5085, 0.7529, ],
[-0.3918, -0.6997, ],
[0.6611, -0.1960, ],
[0.4295, -0.3304, ],
[0.4379, 0.7807, ],
[0.7796, 0.4595, ],
[0.1353, 0.8407, ],
[0.2758, 0.8837, ],
[-0.0080, 0.4739, ],
[-0.9376, 0.0861, ],
[-0.1383, 0.3864, ],
[0.5077, 0.4173, ],
[0.5877, 0.6298, ],
[0.5413, -0.8539, ],
[0.3664, 0.4841, ],
[-0.9622, -0.3879, ],
[0.3048, -0.1443, ],
[0.9746, -0.6547, ],
[0.0360, 0.7258, ],
[0.2571, 0.7610, ],
[0.2637, -0.1437, ],
[-0.7210, -1.0000, ],
[0.4155, -0.9452, ],
[-0.7060, 0.4958, ],
[-0.4330, 0.4250, ],
[-0.3070, 0.5518, ],
[-0.3512, -0.1030, ],
[0.0260, 0.6262, ],
[0.8179, 0.5043, ],
[0.2871, -0.5029, ],
[-0.3043, 0.9246, ],
[0.4093, 0.4997, ],
[-0.8056, 0.6244, ],
[0.4922, 1.0000, ],
[0.1074, 0.6388, ],
[0.0389, -1.0000, ],
[-0.2177, -0.7550, ],
[-0.2347, -0.8958, ],


[5.0000, ],
[7.0000, ],
[0.0000, ],
[2.0000, ],
[8.0000, ],
[3.0000, ],
[11.0000, ],
[3.0000, ],
[6.0000, ],
[5.0000, ],
[8.0000, ],
[6.0000, ],
[11.0000, ],
[10.0000, ],
[0.0000, ],
[3.0000, ],
[8.0000, ],
[0.0000, ],
[5.0000, ],
[13.0000, ],
[2.0000, ],
[2.0000, ],
[6.0000, ],
[8.0000, ],
[5.0000, ],
[10.0000, ],
[8.0000, ],
[0.0000, ],
[5.0000, ],
[11.0000, ],
[8.0000, ],
[0.0000, ],
[4.0000, ],
[0.0000, ],
[11.0000, ],
[5.0000, ],
[7.0000, ],
[8.0000, ],
[3.0000, ],
[6.0000, ],
[14.0000, ],
[4.0000, ],
[8.0000, ],
[3.0000, ],
[5.0000, ],
[8.0000, ],
[14.0000, ],
[0.0000, ],
[15.0000, ],
[4.0000, ],
[2.0000, ],
[8.0000, ],
[13.0000, ],
[24.0000, ],
[9.0000, ],
[3.0000, ],
[3.0000, ],
[8.0000, ],
[9.0000, ],
[7.0000, ],
[8.0000, ],
[5.0000, ],
[4.0000, ],
[3.0000, ],
[11.0000, ],
[2.0000, ],
[12.0000, ],
[2.0000, ],
[5.0000, ],
[6.0000, ],
[3.0000, ],
[11.0000, ],
[11.0000, ],
[7.0000, ],
[3.0000, ],
[6.0000, ],
[5.0000, ],
[12.0000, ],
[3.0000, ],
[7.0000, ],
[6.0000, ],
[4.0000, ],
[6.0000, ],
[5.0000, ],
[16.0000, ],
[2.0000, ],
[9.0000, ],
[3.0000, ],
[5.0000, ],
[9.0000, ],
[6.0000, ],
[15.0000, ],
[4.0000, ],
[2.0000, ],
[8.0000, ],
[8.0000, ],
[4.0000, ],
[10.0000, ],
[9.0000, ],
[6.0000, ],


