[ 0,  0,  0,  0,  0,  0,  8,  0,  0,  0,  0,  0,  0,  0,  0,  0,  0,  0,  0,  0,  0,  0,  0,  0, ],
[ 0,  0,  2,  0,  0,  0,  0,  0,  0,  0,  0,  0,  0,  0,  0,  0,  0,  0,  0,  0,  0,  0,  0,  0, ],
[11,  0,  0,  1,  0,  0,  0,  0,  0,  0,  0,  0,  0,  0, 10,  0,  0,  0,  0,  0,  0,  0,  0,  0, ],
[13,  5,  0, 12,  0,  0,  0,  0,  0,  0,  0,  0,  0,  0,  0,  0,  0,  0,  0,  0,  0,  0,  0,  0, ],
[ 0, 13,  0,  0,  0,  0,  1,  0,  0,  0,  0,  0,  0,  0,  0,  0,  0,  0,  0,  2,  0,  0,  0,  4, ],
[ 0, 13,  0,  0,  0,  0,  0,  0,  0,  0,  0,  0,  4,  0,  0, 14,  0,  0,  0,  0,  0,  0,  4,  0, ],
[ 0, 11,  0,  0,  0,  0,  0,  0,  0,  0,  0,  0,  0,  0,  0,  0,  0, 13,  0,  2,  6,  0,  0,  0, ],
[ 0,  0, 14, 11,  0,  0,  0,  3,  6,  0,  0,  0,  0,  0,  0,  0,  0,  0,  0,  0, 11,  0,  0,  0, ],
[ 0,  0,  0,  0,  0,  0,  0,  2,  0,  0,  0,  0,  0,  0,  2,  0,  0,  0,  0,  0,  0,  3,  0,  0, ],
[ 0,  0,  0,  0,  0,  0,  0,  0,  0,  0,  3,  0,  0,  0,  0,  0,  0,  0,  0,  0,  0,  0,  0,  0, ],
[ 2,  0,  0,  0,  0,  0,  0,  0,  4,  0,  0,  0,  0, 14,  1,  0,  0,  0,  0,  0,  0,  0,  0,  0, ],
[ 0,  0,  0,  0,  0,  0,  0, 11,  0,  0, 11,  0,  0,  0,  0,  0,  0,  0,  0,  0,  0,  0,  0,  0, ],
[ 0,  0,  0,  0,  8,  0,  0,  1,  0,  0,  0,  0,  0,  0,  0,  0,  0,  0,  0,  8,  8,  0,  0,  0, ],
[ 0,  0,  0,  0,  0,  0,  0,  6,  0,  0,  0,  0,  0,  6, 11,  0,  0,  0,  0,  0,  0,  0,  0,  0, ],
[ 0,  0,  0,  7, 11,  0,  0,  0,  0,  0,  0,  0,  0,  0,  0,  0,  0,  0,  0,  0,  0,  0,  0,  0, ],
[ 0,  0,  0,  0,  0,  0,  0,  0,  0,  0,  0,  0,  0,  2,  0,  5,  0,  0,  0,  0,  0,  0,  0,  0, ],
[ 0,  0,  0,  0,  0,  0,  0,  6,  0,  0, 13,  0,  0,  0,  1,  0,  0,  0,  0,  0,  0,  0,  0,  0, ],
[ 0,  0,  0,  0,  0,  0,  0,  0,  0, 10,  0,  0,  0,  0,  0,  0,  0,  0,  0,  0,  0,  0,  0,  0, ],
[13,  0,  0,  0,  0, 10,  0,  0,  0,  0,  0,  0,  0,  0,  2,  0,  0,  0,  0,  0,  0,  0,  0,  0, ],
[ 0,  0,  0,  0,  0,  0,  0,  0,  0,  0, 11,  0,  9,  5,  0,  0,  0,  0,  0,  0,  0,  0,  0,  0, ],
[ 0,  0,  0,  0,  0,  0,  0,  0,  0,  0,  0,  0,  0,  0,  0,  0,  0,  0,  0,  0,  0,  0,  0,  0, ],
[ 0,  0,  0,  0, 11,  0,  0,  0,  2,  0,  0,  0,  2,  0,  0,  0,  0,  0,  9,  0,  2,  0,  0,  0, ],
[ 0,  8,  0,  0,  0,  0,  0,  0,  0,  0,  0,  0,  0,  0,  0,  0,  0,  0,  6,  0,  0,  0,  0,  0, ],
[ 0,  0,  0,  0,  0,  0,  0,  0,  0,  0,  0,  0,  0,  0,  0,  0,  0,  8,  0,  0,  0,  0,  0,  0, ],
[ 0,  0,  0,  0,  0,  0,  9,  0,  0,  0,  0,  0,  0, 12,  0,  0,  0,  1,  0,  0,  3,  0,  0,  0, ],
[ 0,  0,  0,  0, 13,  0,  1,  3,  0,  0,  0,  0,  0,  0,  0,  0,  0,  0,  0,  0,  0,  0,  3,  0, ],
[ 0,  0,  7,  0,  0,  0,  0,  0,  0,  0,  0,  0,  0,  0,  1,  0,  0,  0,  4,  0, 14,  0,  0,  0, ],
[ 0,  0,  0,  0,  0,  0,  0,  0,  0,  0,  0,  0,  0,  0,  0,  0,  0,  0,  0,  0,  0,  0,  0,  0, ],
[ 0,  0,  0,  0,  1,  0,  0,  0,  0,  0,  0,  0,  2,  0,  6,  0,  0,  0,  0,  0,  0,  0,  0,  0, ],
[ 0,  0,  0,  0,  0,  0,  0,  0,  0,  0,  0, 14,  0,  0,  0,  0,  0,  0,  0,  0,  0,  0,  0,  0, ],
[ 0,  0,  0,  0,  0,  0,  0,  0,  0,  0,  0,  0,  0,  0,  0, 12,  0,  0,  0,  0,  0,  0,  6,  0, ],
[ 0,  0,  0,  0,  0,  0,  0,  0,  0,  0,  0,  0,  0,  0,  2,  0,  0,  0,  0,  0,  0,  0, 10,  0, ],
[ 0,  0,  0,  0,  0,  0,  2,  0,  0,  0,  2,  0,  0,  0,  0,  0,  0,  0,  0,  0, 10,  0,  0,  0, ],
[ 0,  0,  0,  0,  0,  0,  0,  0,  0,  0, 14,  0,  0,  0, 10,  0,  2,  0,  0,  0,  0,  0,  0,  0, ],
[ 0,  0,  0,  0,  0,  0,  0,  0,  0,  2,  0,  0,  0,  0,  0,  0,  0,  0,  0,  0,  0,  0,  0,  0, ],
[ 0,  0,  0,  6,  0,  0,  0,  0,  0,  0,  0,  0,  0,  0,  0,  0,  0,  0,  0,  0,  0,  0,  0, 12, ],
[ 0,  6,  0,  0,  0,  0,  0,  6, 11,  0,  0,  0,  0,  0,  0,  0,  0,  0,  0,  0,  0,  0,  0,  0, ],
[ 0,  0,  0, 14,  0,  0,  0,  0,  0,  5,  0,  0,  4,  0,  0,  0,  0,  0,  0,  0,  9,  0,  0,  0, ],
[ 2,  0,  0,  0,  0,  0,  0,  0,  0,  0,  0,  0,  0,  0,  0,  0,  0,  0,  0,  9,  0,  0,  0,  0, ],
[ 0,  0,  0,  0,  0,  0,  0,  0,  0,  0, 14,  0,  0,  0,  0, 12,  0,  0,  0,  0,  0,  0,  0,  0, ],
[ 0,  0,  0,  0,  0,  0,  0,  0,  0,  0,  0,  0,  0,  0,  0,  0,  0,  0,  0,  2,  0,  0,  0,  0, ],
[ 0,  0,  0,  0,  0,  0,  0,  0,  0, 10,  0,  0,  0,  0,  0,  0,  0,  0,  0,  0, 10,  0,  0,  0, ],
[ 0,  0, 13,  0,  0,  0,  0,  0,  0,  0,  0,  0,  0,  0,  0,  0,  6,  5,  0,  0,  0,  0,  0,  0, ],
[ 0,  0,  0,  8,  0,  0,  0,  0,  0,  0,  0,  0,  0,  0,  0,  0,  0,  0,  0,  0,  0,  0,  0,  0, ],
[ 0,  8,  0,  0,  0,  0,  0,  0,  3,  0,  0,  0,  0,  0,  0,  0,  0,  0,  0,  0,  0,  0,  0,  0, ],
[ 0,  0,  0,  0,  0,  0,  0,  0,  0,  0,  0,  0,  0,  0,  0,  0,  0,  0,  4,  0,  0,  0,  0,  0, ],
[ 0,  0, 11,  0,  0,  0,  0,  0,  0,  0,  2,  0,  0,  8,  0,  0,  0,  0,  0,  0,  0,  0,  0,  7, ],
[ 0,  0,  0,  0,  0,  0,  0,  0,  0,  0, 14,  0,  0,  0,  0,  0,  0,  0,  0,  0,  0,  0,  0,  4, ],
[ 0,  0,  0,  0,  0,  0,  3,  0,  0,  0,  0,  0,  0,  0,  0,  0, 13,  0,  0,  0,  0,  0,  0,  0, ],
[ 0,  0,  0,  0,  0,  0,  0, 11,  0,  0,  0,  0,  0,  0,  0,  0,  0, 11,  0,  0,  0,  0,  0,  0, ],
[ 0,  0,  0,  0,  4,  0,  0,  0,  0,  0,  0,  0,  0,  0,  0,  0,  0,  0,  0, 13,  0,  0,  0,  0, ],
[ 0,  0,  0,  0,  0,  0,  0,  0,  0,  0,  0,  0,  2,  0,  0,  0,  0,  0,  0,  0,  0,  0,  0,  0, ],
[ 0,  0,  0,  0,  0,  0,  0,  0,  0,  0,  0,  0,  0,  0,  0,  0,  0,  0, 14,  0,  5,  0,  0,  0, ],
[ 0,  0,  0,  0,  0,  0,  0,  0,  2,  5,  0,  8,  0,  0, 11,  0,  0,  9,  0,  0,  4,  0,  0,  0, ],
[ 0,  0,  0,  0,  0,  0,  0,  0,  0,  0,  0,  0,  0,  0,  0,  0,  0,  0,  0,  0,  0,  0,  0,  0, ],
[ 0,  4,  0,  0,  0,  0,  0,  9,  6,  0,  0,  0,  0,  0,  0,  0,  0,  0,  0,  0,  0,  0,  0,  0, ],
[ 0,  0,  0,  0,  0,  0,  0,  0,  1,  0,  0,  0,  5,  0,  0,  2,  0,  0,  0,  0,  0,  0,  0,  0, ],
[ 6,  0,  0,  0,  0,  0,  0,  0,  7,  0,  0,  0,  0,  0,  0,  0,  0,  0,  0,  0,  0, 13,  0,  0, ],
[ 0,  0,  0,  0,  0,  0, 10,  0,  0,  0,  0,  0,  0,  0,  0,  0,  0,  0,  0,  0,  0,  0,  0,  0, ],
[ 0,  0,  0,  9,  0,  0,  0,  0,  0,  0,  0,  0,  0,  0,  0,  0,  0,  0,  0,  0,  0,  0,  0,  0, ],
[ 0,  0,  8,  0,  0,  0,  0,  0, 12,  0,  0,  0,  0,  0,  0,  0,  0,  0,  0,  0,  0,  0,  0,  0, ],
[ 0,  0,  0,  0,  0,  0,  0,  0,  0,  0,  0,  0,  0,  0, 13,  0,  0,  0,  0,  0,  0,  6,  0,  0, ],
[ 0,  0,  0,  0,  0,  0,  0,  0,  0,  0,  0,  0,  0,  0,  0,  0,  4,  0,  0,  0,  0,  0,  0,  5, ],
[ 0,  0,  0,  0,  0,  0,  0,  0,  0,  0,  9,  0,  0,  0,  0,  0,  0,  0,  0,  0,  0,  0, 11,  3, ],
[ 0,  0,  0,  0,  0,  0,  0,  0,  0,  0,  0,  0,  0,  0,  0,  0,  0,  0,  0,  0,  0,  0,  0,  0, ],
[ 0,  0,  0,  0,  0,  0,  0,  0,  0,  0,  0,  0,  0,  0,  0,  4,  0,  0,  0,  0,  0,  0,  0,  5, ],
[ 0,  0,  0,  0,  0,  0,  0,  0,  0,  0,  0,  0, 14,  0,  0,  0,  0,  0, 14,  0,  0,  0,  0, 10, ],
[ 0,  0,  0,  2,  7,  0,  0,  0,  0,  0,  0, 13,  0,  0,  0,  0,  0,  0,  0,  0,  0,  0,  0,  0, ],
[ 0,  0,  0,  0,  0,  6,  0,  0,  0,  0,  0,  0,  4,  0,  0,  0,  1,  0,  0,  0,  0,  0,  0,  0, ],
[13,  0,  4,  0,  0,  0,  0,  0,  0,  0, 12,  0,  0,  0,  0,  0,  0,  0,  0,  0,  6,  0,  0,  0, ],
[ 0,  0,  0,  0,  0,  0,  0,  0,  0,  0,  0,  0,  0,  0,  0,  0,  0,  0,  0,  0,  0,  0,  0,  0, ],
[ 0,  0,  0,  0,  3, 12,  0,  0, 13,  0,  0,  0,  9,  0,  0,  0,  0,  0, 13,  0,  0,  5,  0,  0, ],
[ 0,  0,  0,  0,  0,  0,  0,  0,  0,  0,  0,  0,  0,  9,  8,  0,  0,  0,  0,  0,  0, 14,  3,  0, ],
[ 0,  0,  0,  8,  0,  0,  0,  0,  0,  0,  0,  0,  0,  0,  0,  1,  0,  0,  0,  0,  0,  0,  0,  0, ],
[ 0,  0,  0,  0,  0,  0,  0,  1,  0,  0,  0,  0,  0,  0,  0,  0, 11,  0,  0,  0,  0, 14,  0,  0, ],
[ 0,  0, 10,  0,  0,  0,  0,  0,  0,  6,  0,  0,  0,  0,  0,  0,  0, 11,  3,  0,  0,  0,  0,  0, ],
[ 0,  0,  0,  0,  0,  6,  0,  0,  0,  0,  7,  0,  0,  0,  0,  0,  0, 13,  2,  0,  0,  0,  0,  0, ],
[ 0,  0,  0,  0,  0,  0,  3, 11,  0,  0,  0,  0,  0,  6,  0,  0,  0,  0,  5,  0,  0,  0, 11,  0, ],
[ 0,  0,  0,  0,  0,  0,  0, 12,  0,  0,  0,  0, 12,  0,  0,  0,  0,  0,  0,  0,  0,  0,  1,  0, ],
[ 0,  0,  0,  0,  0,  0,  0,  0,  1, 13,  9, 13, 12,  3,  0,  0,  0,  0,  0,  0,  0,  0,  0, 11, ],
[ 0,  0,  0,  0,  0,  0,  0,  0,  0, 10,  0,  0,  0, 10,  0,  0,  0,  0,  0,  0,  0,  0,  0,  0, ],
[ 0,  0,  0,  2,  0,  0,  0,  0,  0,  0,  0,  2,  4,  0,  0,  0,  0,  0,  0,  0,  0,  0,  0,  0, ],
[ 0,  0,  0,  0,  0,  0,  0,  9,  0,  0,  0,  0,  0,  0,  0,  0,  0,  0,  2,  0,  0,  0,  0,  0, ],
[ 0,  0,  0,  0,  0,  0,  9,  0,  0,  0,  0,  0,  0,  0,  0,  0,  0,  0,  0,  0,  0,  0,  0,  2, ],
[ 0,  0,  0,  0,  0,  0,  0,  0,  0,  0,  0,  0,  0,  0,  0,  0,  0,  0,  0,  0,  0,  0,  0,  0, ],
[ 9,  0,  0,  0,  0,  0,  0,  0,  0,  0,  0,  0, 14,  0,  0,  0,  0,  0,  0,  0,  0,  0,  0,  0, ],
[ 0,  8,  0,  0,  0,  0,  0,  0,  0,  0,  0,  0,  0,  0,  0,  0,  0,  0,  0,  0,  0,  0,  0,  0, ],
[ 0,  0,  0,  0,  0,  0,  0,  0,  0,  0,  0,  0,  0,  0,  0,  0,  0,  0,  0,  0,  0,  0,  0,  5, ],
[ 0,  0,  0,  0,  0,  0,  0,  0,  0,  0,  0,  0,  0,  0,  0,  0,  0,  0,  0,  0,  0,  0,  0,  0, ],
[ 0,  0,  0,  0,  0,  0,  6,  0,  0,  0,  0,  0,  0,  0,  0,  0,  0, 14,  0,  0, 13,  0,  0,  0, ],
[ 0,  0,  0,  0,  0,  0,  0,  9,  0,  0,  0,  0,  0,  0,  0,  0,  0,  5, 10,  0,  0,  0,  0,  0, ],
[ 0,  7,  0,  0,  0,  0,  0,  2,  0,  0,  0,  0,  0,  0,  0,  0,  0,  8,  0,  0,  0,  0,  0,  0, ],
[ 0,  0,  0,  0,  0,  0,  0,  0,  0,  0,  0,  0,  0,  0,  0,  0,  0,  0,  0,  0,  0,  0,  0,  0, ],
[ 0,  7,  0,  8,  0,  5,  0,  0,  0,  0,  0,  0,  0,  0, 11,  0,  0,  0,  0,  0,  0,  0,  0,  0, ],
[ 0,  0,  0,  0,  0,  9,  0,  2,  0,  0,  0,  0,  3,  0,  0,  0,  0,  0,  0,  0,  0,  0,  0,  0, ],
[ 0,  0,  0,  0,  0,  3,  0,  0,  5,  0,  0,  0,  0,  0,  0,  0,  0,  0,  0,  4,  0,  0,  0,  0, ],
[ 0,  0,  0,  0,  0,  0,  0,  0,  0,  0,  0,  0,  0,  0,  0,  0,  0,  0,  0,  0,  0,  0,  0,  5, ],
[ 0,  0,  0,  0,  0,  0,  0,  0,  0, 11,  0,  0,  0,  0,  0,  0,  0,  0,  0,  0,  0,  0,  0,  0, ],
[ 0,  0,  0,  0,  0,  0,  2,  0,  0,  0,  1,  0,  0,  0,  0,  0,  0,  0,  8,  0,  0,  0,  0,  0, ],
[ 0,  0,  0,  0,  0,  0, 12,  0,  0,  0,  0,  0,  0,  0,  0,  0,  0,  0,  0,  0,  0,  0,  0,  0, ],


[0.8339, -0.1540, ],
[0.0066, 0.5903, ],
[0.0130, 0.4884, ],
[-0.1295, -0.4916, ],
[0.3088, 1.0000, ],
[0.6033, 0.5253, ],
[-0.7497, -0.9706, ],
[0.6134, 0.0713, ],
[-0.2926, 0.6787, ],
[-0.4674, -0.8343, ],
[0.4414, 0.0189, ],
[-0.0458, 0.4891, ],
[0.1701, -0.6843, ],
[0.1268, 0.6692, ],
[0.9646, 0.5435, ],
[-0.4170, -0.0686, ],
[0.9981, -0.7390, ],
[0.2413, -0.1010, ],
[0.8656, -0.0784, ],
[-0.1240, 0.1592, ],
[0.9836, 0.1856, ],
[0.1976, -0.4762, ],
[0.2109, -0.6317, ],
[-0.4306, -0.7257, ],
[0.8457, 0.6267, ],
[0.6014, 0.1017, ],
[-0.4221, 0.6768, ],
[-0.0337, -0.3236, ],
[0.4349, 0.2451, ],
[0.3749, -0.2030, ],
[-0.8730, 0.3463, ],
[-0.0168, 0.4431, ],
[-0.8078, 0.8042, ],
[0.9892, 0.7869, ],
[0.4675, -0.6743, ],
[-0.1881, -0.1600, ],
[0.4002, -0.0253, ],
[0.3303, -0.2267, ],
[-1.0000, -0.4119, ],
[0.7002, 0.5226, ],
[0.7473, -0.9845, ],
[0.1257, 0.1143, ],
[0.0812, -0.1699, ],
[-0.5209, -1.0000, ],
[0.6199, 0.0919, ],
[0.5990, 0.1507, ],
[-0.1764, -0.1770, ],
[-0.2224, 0.4382, ],
[0.2853, 0.5332, ],
[0.9517, 0.9004, ],
[0.5044, -0.0515, ],
[0.6349, 0.0150, ],
[0.1995, -0.9378, ],
[0.7617, -0.2400, ],
[-0.3224, -0.1881, ],
[0.5028, -0.6947, ],
[-0.8182, -0.0185, ],
[-0.5666, -0.0089, ],
[-0.6778, -0.6422, ],
[-0.1628, 0.2995, ],
[0.5920, -0.6018, ],
[-0.1062, 0.6109, ],
[-0.0224, -0.2013, ],
[0.1117, 0.2645, ],
[-0.0115, -0.2438, ],
[-0.9431, -0.8192, ],
[0.2753, -0.5753, ],
[-0.8301, -0.6744, ],
[0.0742, -0.2157, ],
[0.7155, 0.0127, ],
[-0.6506, -0.3512, ],
[0.1772, 0.3359, ],
[0.7059, -0.3915, ],
[0.6783, 0.8237, ],
[-0.3109, 0.7956, ],
[-0.9539, 0.0948, ],
[-0.8276, 0.7796, ],
[0.6341, 0.9585, ],
[0.2186, -0.6379, ],
[0.9287, -0.6605, ],
[0.4891, 0.5079, ],
[-0.0929, 0.5672, ],
[0.2359, -0.6773, ],
[-0.4049, 0.7448, ],
[-0.7001, 0.1699, ],
[-0.3286, -0.2345, ],
[-0.7914, 0.5990, ],
[-0.3070, 0.7891, ],
[0.5298, -0.8941, ],
[0.8527, -0.9437, ],
[-0.4310, -0.8304, ],
[0.6838, 0.7635, ],
[0.9314, -0.4947, ],
[0.8583, -0.1375, ],
[-0.6830, -0.8775, ],
[-0.6191, 0.6539, ],
[0.1627, -0.0367, ],
[0.0997, -0.5619, ],
[0.8688, 0.3149, ],
[0.4616, 0.5391, ],


[3.0000, ],
[1.0000, ],
[9.0000, ],
[10.0000, ],
[8.0000, ],
[12.0000, ],
[12.0000, ],
[17.0000, ],
[4.0000, ],
[2.0000, ],
[8.0000, ],
[8.0000, ],
[10.0000, ],
[10.0000, ],
[7.0000, ],
[3.0000, ],
[8.0000, ],
[4.0000, ],
[9.0000, ],
[9.0000, ],
[0.0000, ],
[10.0000, ],
[6.0000, ],
[3.0000, ],
[10.0000, ],
[9.0000, ],
[10.0000, ],
[0.0000, ],
[5.0000, ],
[4.0000, ],
[7.0000, ],
[5.0000, ],
[6.0000, ],
[9.0000, ],
[1.0000, ],
[7.0000, ],
[10.0000, ],
[11.0000, ],
[4.0000, ],
[8.0000, ],
[1.0000, ],
[8.0000, ],
[9.0000, ],
[3.0000, ],
[5.0000, ],
[2.0000, ],
[11.0000, ],
[6.0000, ],
[6.0000, ],
[8.0000, ],
[6.0000, ],
[1.0000, ],
[6.0000, ],
[15.0000, ],
[0.0000, ],
[8.0000, ],
[4.0000, ],
[10.0000, ],
[4.0000, ],
[3.0000, ],
[7.0000, ],
[7.0000, ],
[4.0000, ],
[9.0000, ],
[0.0000, ],
[4.0000, ],
[12.0000, ],
[8.0000, ],
[6.0000, ],
[13.0000, ],
[0.0000, ],
[19.0000, ],
[12.0000, ],
[4.0000, ],
[9.0000, ],
[13.0000, ],
[11.0000, ],
[15.0000, ],
[9.0000, ],
[22.0000, ],
[8.0000, ],
[4.0000, ],
[4.0000, ],
[4.0000, ],
[0.0000, ],
[7.0000, ],
[3.0000, ],
[2.0000, ],
[0.0000, ],
[11.0000, ],
[9.0000, ],
[7.0000, ],
[0.0000, ],
[12.0000, ],
[6.0000, ],
[6.0000, ],
[2.0000, ],
[4.0000, ],
[5.0000, ],
[4.0000, ],


