[ 0,  0,  0,  0,  0,  0,  0,  0,  0,  0,  0,  0,  0,  5,  0,  0,  0,  0,  5,  0,  0,  0,  0,  0, ],
[ 0,  0,  0,  0,  4,  0,  0,  0,  0,  0,  0,  0,  0,  6, 10,  0,  0,  0,  0,  0,  0,  0,  0,  0, ],
[ 0,  0,  0,  0,  0,  0,  0,  0,  0,  0,  0,  0,  0,  0,  0,  0,  0,  0,  0,  0,  0,  0,  0, 14, ],
[ 0,  0,  0,  0,  0,  0,  0,  0,  0,  0,  0,  0,  0,  0,  0,  0,  0,  0,  0,  0,  0,  0,  0,  0, ],
[ 0,  0,  0,  0,  0,  0,  0,  0,  0,  0,  0,  0,  0,  0,  0,  0,  0,  0,  0,  0,  0,  0,  0,  6, ],
[ 0,  0,  0,  0,  0,  0,  0,  5,  0,  0,  0,  0,  0,  0,  0,  0,  0,  0,  0,  0,  0, 14,  0,  0, ],
[ 0,  0, 11,  0,  0,  0,  0,  0,  0,  0,  8,  0,  2,  0,  0,  0,  0,  0,  0,  7,  0,  0,  6,  0, ],
[ 0,  0,  0,  0,  0,  0,  0,  0,  0,  0, 10,  0,  0,  0,  0,  0,  0,  0,  9,  0,  0,  0,  0,  0, ],
[ 0,  0,  0,  0,  0,  0,  0,  0,  0,  0, 10,  0,  0,  0,  0,  0,  0,  0,  0,  0,  0,  0,  0,  0, ],
[ 0,  2,  3,  0, 14,  0,  0,  0,  0,  0,  0,  0,  0,  0,  0,  0,  0,  0,  0,  0,  0,  0,  0,  0, ],
[ 0,  0,  0,  0,  0,  0,  0,  0,  0,  0,  0,  7,  0,  0,  0,  0,  0,  0,  0,  0,  0,  0,  0,  0, ],
[ 0,  0,  0,  8,  0,  0,  0,  0,  0,  0,  0,  0,  0, 13,  0,  0,  0,  0,  0,  0,  0,  0,  0,  0, ],
[ 8,  0,  0,  0,  0,  0,  0,  0,  0,  0,  0,  0,  0, 11,  0,  0,  0,  0,  0,  0,  0,  0,  0,  0, ],
[ 7,  0,  0,  0,  0,  0,  0,  0,  0,  0,  0,  0,  0,  0,  2,  0,  0,  0,  0,  0,  0,  0,  0,  5, ],
[ 0, 13,  0,  0,  0,  0,  0,  0,  0,  0,  0,  0,  0,  0,  0,  0,  0,  0, 12,  0,  0,  0,  0,  0, ],
[ 0,  0,  0,  0,  0,  0,  0,  0,  0,  2,  0,  0,  0,  0,  5,  0,  0,  0,  0,  0,  0,  0,  0,  7, ],
[ 0,  6,  0,  0,  0,  0,  0,  0,  0,  0,  5,  0,  0,  0,  0,  0,  0,  0,  0,  0,  0,  0,  0,  1, ],
[ 0,  0,  0,  0,  0,  0,  0,  0,  0,  0,  0,  0,  0,  0,  0,  0,  8,  0,  0,  0,  0,  0,  0,  0, ],
[ 0,  0,  0,  0,  0,  0,  0,  0,  0,  0,  0,  0,  0,  0,  6,  0,  0,  0,  0,  0,  0,  0,  5,  0, ],
[ 0,  0,  0,  0,  0,  0,  0,  0,  0,  0,  0,  0,  0,  0,  0,  0,  0,  0,  0,  0,  0,  0,  0,  0, ],
[ 0,  0,  0,  0,  0,  0,  0,  0,  0,  0,  0,  0,  7,  0,  0,  0,  0,  0,  0,  0,  0,  0,  0,  0, ],
[ 0,  0,  0,  0,  0,  0,  0,  0,  0,  0,  0,  0,  0,  0,  0,  0,  0,  0,  0,  0,  0,  0,  0,  0, ],
[ 0,  0, 11,  0,  0,  0,  0,  0,  0,  0,  0,  0,  0,  0,  0,  0,  0,  0,  6,  0,  0,  0,  0,  0, ],
[ 3,  0,  0,  0,  0,  0,  0,  0,  0,  0, 14,  0,  0,  7,  0,  0,  0,  0,  0,  0,  0,  0,  0,  0, ],
[ 0,  0,  0,  0,  0,  0,  0,  0,  0,  0,  0,  0,  0,  0,  0,  0,  0,  0,  0,  0,  0,  0,  0,  0, ],
[ 0,  0,  0,  4,  0,  0,  0,  0,  0,  0,  0,  0,  0,  0,  0,  0,  9,  4,  0,  0,  0,  0,  0,  0, ],
[ 6,  0,  0,  0,  0,  0,  0,  0,  0,  0,  0,  0,  0,  0,  0,  1,  0,  0,  0,  0,  0,  0,  0,  0, ],
[ 6,  0,  0,  0,  0, 12,  0,  0,  0,  0,  0,  0,  0,  0,  0,  0,  0, 13,  0, 10,  0,  0,  0,  4, ],
[ 0,  0,  0,  0,  0,  0,  0,  0,  0,  0,  0,  0,  0,  0,  0,  0,  0,  0,  0, 14,  0,  0,  0,  0, ],
[ 0,  0,  0,  0,  0, 12,  0,  0,  0,  0,  0,  0,  0,  0,  0,  0,  0,  0,  0,  2,  0, 10,  0,  0, ],
[ 0,  0,  0, 10,  2,  0,  0,  0,  0,  0,  0,  0,  0,  0,  0,  0,  0,  0,  0,  0,  0,  0,  0,  0, ],
[ 0,  0,  0,  0,  0,  0,  0,  0,  0,  0,  0,  0,  0,  0,  0,  0,  0,  0,  0,  1,  0,  0,  0,  0, ],
[ 0,  0,  0,  0,  0,  0,  0,  0,  0,  0,  0,  0,  0,  0,  0,  0,  0,  0,  0,  0,  0,  0,  4,  0, ],
[ 0,  0,  0,  0,  0,  0,  0,  0,  0,  0,  0,  5,  0,  0,  0, 12, 10,  9,  0,  0,  0,  0,  0,  0, ],
[ 0,  0, 14,  0,  0,  0,  0,  0,  4,  0,  0,  0,  0,  0,  0,  0,  0,  3,  0,  0, 11, 11,  0,  0, ],
[ 0,  9,  0,  0,  0,  0,  0,  0,  0,  4,  0,  0,  0,  0,  0,  0,  0,  0,  0,  0,  0,  0,  0,  0, ],
[ 0,  0,  0,  0,  0,  0,  0,  0,  0,  0,  0,  0,  0,  0,  0,  0,  0,  0,  0,  0,  0,  0,  0,  0, ],
[ 5,  0,  0,  0,  0,  0,  0,  0,  0,  0,  0,  0,  0,  0,  0,  0,  7,  0,  0,  0,  0,  0,  0,  0, ],
[ 0,  0,  0,  0,  0,  0,  0,  2,  0,  0,  0,  0,  0,  0,  0,  0,  0,  0,  0,  0,  0,  0,  0,  0, ],
[ 0,  0,  0,  0,  0,  0,  0,  0,  0,  0,  0,  0,  0,  0,  9,  0,  0,  0,  0,  0,  0,  0,  0,  0, ],
[ 0,  0,  0,  0,  3,  0,  0,  0,  0,  0,  0,  0,  0,  0,  0,  0,  5,  0,  0,  0,  0,  0,  0,  0, ],
[ 0,  0,  0,  0,  0,  0,  0,  0,  0, 10,  0, 10,  0,  0,  0,  0,  0,  0,  0,  0,  0,  0,  0,  0, ],
[10,  5,  0,  0,  0,  0,  2,  0,  0,  0,  0,  0,  0,  0,  0,  0,  6,  0,  0,  0,  0,  0,  0,  0, ],
[ 0,  0,  0,  0,  0,  0,  0,  4,  0, 12,  0,  0,  0,  0,  0,  0,  0,  0,  0,  0,  0, 11,  0,  0, ],
[ 0,  0,  0,  0,  0,  0,  0,  0,  0,  0,  0,  0,  0,  0,  0,  0,  0,  0,  0,  0,  0,  0,  0,  0, ],
[ 0,  0,  0,  0,  0,  4,  0,  0,  0,  0,  5,  0, 11,  0,  0,  0,  4,  0,  0,  0,  0,  0,  0,  0, ],
[ 0,  0,  0,  0,  0,  0,  0,  0,  0,  0,  0,  4,  0,  0,  0,  0,  0,  0,  0,  0,  0,  0,  0,  0, ],
[ 3,  0,  0,  0,  0,  0,  0,  0,  0,  0, 13,  0,  0,  0,  0,  0,  0,  0,  0,  0,  0,  0,  0,  0, ],
[ 0,  0,  0,  0,  0,  0,  0,  0,  0, 13,  0,  0,  0,  0,  0,  0,  7,  0,  0,  0,  0,  0,  0,  0, ],
[ 0,  0,  0,  0,  0,  0,  0,  0,  0,  0,  0,  0,  0,  0,  0,  0,  0,  0,  0,  0,  0,  0,  0,  0, ],
[ 9,  0, 14,  0,  0,  0,  0,  0,  0,  0,  0,  0,  0,  0,  0,  0,  0,  0,  0,  2,  0,  0,  0,  2, ],
[ 0,  0,  0,  0,  0,  0,  0,  0,  0, 14,  0,  0,  0,  0,  0,  0,  0,  0, 13,  0,  0,  0,  0,  0, ],
[ 0,  4,  0,  0,  1,  1,  0,  0,  0,  0,  0,  0,  0,  0,  0,  0,  0,  0,  0,  0,  0,  0,  0,  0, ],
[ 0,  0,  0,  0,  0, 13,  0,  0,  0,  0,  0,  0,  7,  0,  2,  4,  0,  0,  0,  0,  0, 14,  0,  0, ],
[ 0,  0,  0,  0,  0,  0,  0,  0,  0, 11,  0,  0,  0,  0,  0,  0,  0,  0,  0,  0,  0,  0,  0,  0, ],
[ 0,  0,  0,  0,  0,  0,  0,  0,  0,  6,  0,  0, 10,  0,  0,  0,  0,  0,  0,  0,  0,  0,  0,  0, ],
[ 0,  0,  0,  0,  0,  0,  0,  0,  0,  0,  0,  0,  5,  0,  0, 11,  3,  0,  0,  0,  0,  0,  0, 11, ],
[ 0,  0,  0,  0,  0,  0,  0,  0, 10,  0,  0,  0,  0,  0,  0,  0,  0,  0,  0,  0,  0,  0,  0,  0, ],
[ 0,  0,  5,  0,  0,  0,  0,  0,  0,  0,  0,  0,  0,  0,  0,  0,  0,  0,  0,  0,  2,  0,  0,  0, ],
[ 0,  0,  0,  0,  0,  0,  0,  5,  0,  0,  0,  8,  0,  1,  0,  9,  0,  0,  0,  0,  0,  0,  0,  0, ],
[13,  0,  0,  0,  0, 11,  0,  0,  0,  0,  0,  0,  0,  0,  0,  0,  0,  0,  0,  0,  0,  0,  0,  0, ],
[ 0,  0,  0,  0,  0,  0,  0,  0,  0,  0,  9,  0,  0,  0,  0,  0,  0,  0,  0,  3,  0,  8,  0, 13, ],
[ 0,  0,  0,  0,  0,  0,  0,  0,  0,  0, 14,  0,  0,  1,  0,  0,  0,  0,  0,  4,  0,  7,  0,  0, ],
[ 0,  0,  0,  0,  0,  0,  0,  0,  0,  0,  0, 11,  0,  0,  0,  0,  0,  0,  0,  0,  0,  0,  0,  0, ],
[ 0,  0,  0,  0,  0,  0,  0,  0,  0,  0,  0,  0,  0,  0,  0,  0,  0,  0,  0,  0,  0,  0,  0,  0, ],
[ 0,  0,  0,  0,  6,  0,  0,  0,  7,  0,  0,  0,  0,  7,  0,  0,  0,  7,  0,  0,  0,  0,  0,  0, ],
[ 0,  0,  0,  0,  0,  0,  0,  0,  0,  0,  0,  0,  0,  0,  0,  0,  0,  3,  0,  0,  0,  0,  0,  0, ],
[ 0,  0,  0,  0,  0,  0,  0,  0,  0,  0,  0,  0,  0,  0,  0,  0,  0,  0,  0,  0,  0,  0,  8,  0, ],
[ 0,  0,  0,  0,  0,  0,  0,  0,  0,  0,  0,  0,  0,  0,  0,  0,  0,  0,  0,  4,  0,  0,  0,  0, ],
[ 0,  0,  0,  0,  0,  0,  0,  0,  7,  0,  0,  1,  0,  0,  0,  0,  0,  0,  0,  0,  0,  0,  0,  0, ],
[ 9,  0,  0,  6,  0,  0,  0,  2,  2,  0,  0,  0,  0,  0,  0,  0,  0,  0,  0,  0,  0,  0,  0,  0, ],
[ 0,  0,  0,  0,  0,  0,  0,  0,  0,  0,  4,  0,  0,  0,  0,  0,  0,  0,  0,  0,  0,  9,  6,  0, ],
[ 0,  0,  0,  0,  0,  0,  0,  0,  0,  0,  0,  0,  2,  0,  0,  0,  0,  0,  0, 14,  8,  0,  0,  0, ],
[ 2,  0,  0,  0,  0,  0,  0,  0,  0,  0,  0,  0,  0,  3,  0,  0,  0,  0,  0,  0,  0,  0,  0,  0, ],
[ 0,  0,  0,  0,  0,  0,  0,  0,  0,  0,  0,  0,  0,  0,  0,  0,  0,  0,  0,  0,  0,  0,  0,  0, ],
[ 0, 11,  0,  0,  0,  0,  0,  0,  0,  0,  0,  0,  0,  0,  0,  0,  5,  0,  0,  0,  0, 12,  0, 13, ],
[ 0,  0,  0,  0,  2,  0,  0,  0,  0,  1,  0,  0,  0,  0, 13,  8,  0,  0, 12,  9,  0,  0,  0,  0, ],
[ 8,  0,  0,  0,  0,  0,  0,  0,  0,  0,  4,  0,  0,  0,  0,  0,  0,  0,  9,  6,  0,  0,  0,  0, ],
[ 0,  0,  0,  0, 14,  0,  0,  0,  0,  0,  0,  0,  0,  0,  0,  0,  0,  0,  0,  3,  0,  0,  4,  0, ],
[ 0,  0,  5,  0,  5,  0,  4,  0,  0,  0,  0,  0,  0,  0,  0, 11,  0,  0,  2,  0,  0,  0,  0,  0, ],
[ 0,  0,  0,  0,  0,  0,  0,  0,  0,  0,  0,  0,  0,  0,  0,  0,  0,  0,  0,  0,  0, 14,  0,  0, ],
[ 0,  0,  4,  0,  0,  3,  0,  0,  0,  0,  0,  0,  0,  0,  0, 10,  0,  0,  0,  0,  0,  0,  0,  0, ],
[ 0,  0,  0,  0,  0,  0,  0,  0,  0,  0,  0,  0,  0, 11,  0,  0,  0,  0,  0,  9,  0,  0,  0,  0, ],
[ 0,  0,  0,  0,  0,  0,  0,  0,  4,  0,  0,  0,  0,  0,  0,  0,  0,  0,  0,  0,  0,  0,  0,  0, ],
[ 0,  0,  3,  0,  0,  0,  0,  0,  0,  0,  0,  0,  0,  6,  0,  0,  0,  0,  0,  0,  0,  0,  0,  0, ],
[ 0, 11,  0,  0,  0,  0,  0,  0,  0,  0,  0,  0,  0,  0,  0,  0,  0,  0,  0,  8,  0,  0,  0,  0, ],
[ 0,  0,  0,  0,  0,  0,  5,  0,  0,  0,  0,  0,  0,  0,  0,  0, 14,  9,  0,  9,  0,  0,  0,  0, ],
[ 0,  0,  0,  0,  0,  0,  0,  0,  4,  0,  0,  2,  0, 14,  0,  0,  0,  0,  0,  0,  7, 13,  0,  0, ],
[ 0,  0,  0,  0,  0,  0,  0,  0,  0,  0,  0,  0,  0,  0,  0,  0,  0,  0,  0,  0,  0,  0,  0, 12, ],
[ 0,  0,  0,  0,  0,  0,  0,  0,  0,  0,  0,  0,  0,  0,  0,  0,  0,  0,  0,  0,  0,  0,  0,  0, ],
[ 0,  0,  0,  0,  0,  0,  0,  0,  2,  0,  0,  0,  0,  0,  0,  0,  0,  0,  9,  0,  9,  0,  1,  6, ],
[ 0,  0,  0,  0,  0,  2,  0,  0,  1,  0,  0,  0,  0,  0,  0,  0,  0,  0,  0,  0,  0,  0,  0,  0, ],
[ 0,  0,  0,  0,  3,  0,  0,  0,  0,  0,  0,  0,  0,  0,  0,  0,  0,  0, 13,  0,  0, 13,  9,  0, ],
[ 0,  0,  0,  0,  0,  0,  0,  0, 13,  0,  0,  0,  0,  0,  0,  0,  0,  0,  0,  0,  0,  0, 12,  0, ],
[ 0,  0,  0,  0,  7,  0,  0,  0,  0,  0,  0,  0,  4,  0,  0,  0,  0, 12,  0,  0, 12,  0,  3,  0, ],
[ 0,  0,  0,  0,  0,  0,  0, 14,  0,  4,  0,  0,  0,  0,  0,  0,  0,  7,  0,  0,  0,  0,  0,  0, ],
[ 0,  0,  0,  0,  0,  0,  0,  0,  0,  9,  0,  2,  0,  0,  0,  0,  0,  0,  0,  0,  0,  0,  0,  0, ],
[ 0,  0,  0,  0,  0,  0,  0,  0,  0,  0,  0,  0,  0,  0,  6,  0,  0,  0,  0,  0,  0,  0,  0,  0, ],
[ 0,  0,  0,  0,  0,  0,  0,  0,  0,  0,  0,  0,  0,  0,  0,  0,  0,  0,  0,  0, 12,  0,  0,  0, ],
[ 0,  0,  0,  0,  0,  0,  0,  0,  0,  2,  0,  0,  0,  0,  0,  0,  7,  0,  0,  0,  0,  0,  0,  0, ],


[0.4356, -0.8286, ],
[0.0463, -0.9591, ],
[-0.0349, 0.5207, ],
[0.9054, -0.3408, ],
[-0.1570, 0.8230, ],
[0.5352, 0.0320, ],
[-0.6507, 0.3886, ],
[0.1754, 0.5817, ],
[0.1699, 0.3882, ],
[-0.2195, 0.2671, ],
[0.5171, 0.2645, ],
[0.0260, 0.0805, ],
[0.5115, -0.1158, ],
[0.5945, 0.4984, ],
[0.2322, -0.6561, ],
[-0.7385, 0.0612, ],
[-0.0132, -0.6194, ],
[-0.0684, 0.5736, ],
[0.7264, 0.4641, ],
[0.3889, -0.1136, ],
[0.9586, 0.6528, ],
[0.3659, -0.3888, ],
[0.6205, 0.4072, ],
[-0.9830, -0.4890, ],
[1.0000, -0.7265, ],
[0.0282, 0.2175, ],
[0.5336, 0.5869, ],
[-0.0996, 0.6235, ],
[0.4392, 0.4018, ],
[0.5488, 0.4700, ],
[-1.0000, 0.5121, ],
[-0.0235, 0.4126, ],
[-0.9285, 0.0198, ],
[0.9173, 0.9373, ],
[0.8959, 0.6937, ],
[-0.7562, 0.1841, ],
[0.4696, -0.3843, ],
[0.3837, 0.0068, ],
[-1.0000, -0.4119, ],
[0.9439, 0.5286, ],
[0.6490, -0.8416, ],
[0.0371, 0.2151, ],
[0.9493, -0.1699, ],
[0.4204, -0.8955, ],
[0.1784, -0.5946, ],
[0.8689, -0.1572, ],
[0.7605, -0.2446, ],
[-0.5239, 0.4626, ],
[-0.2114, 0.4757, ],
[0.8335, 0.3947, ],
[0.5296, -0.1825, ],
[0.6566, 0.1211, ],
[0.4707, -0.9378, ],
[0.1339, -0.8926, ],
[0.5487, 0.8879, ],
[0.5071, -0.2681, ],
[0.7066, 0.0280, ],
[0.3906, 0.4427, ],
[-0.8141, 0.4452, ],
[0.0224, 0.7780, ],
[0.5518, 0.4364, ],
[0.2694, 0.0478, ],
[-0.6715, 0.0230, ],
[0.1756, 0.3255, ],
[0.9262, 0.0141, ],
[0.2762, -0.2003, ],
[0.8379, 0.3921, ],
[0.6132, -0.4616, ],
[-0.7927, 0.9222, ],
[0.5156, 0.0127, ],
[-0.6160, 0.5244, ],
[0.1495, 0.4420, ],
[-0.0487, -0.3915, ],
[0.0027, 0.4753, ],
[0.2875, 0.9160, ],
[-0.8172, -0.1171, ],
[0.7120, 0.3702, ],
[0.9813, 0.9585, ],
[0.2295, 0.1335, ],
[-0.4125, -0.7088, ],
[0.4891, -0.4014, ],
[-0.4323, 0.3424, ],
[-0.7175, 0.1679, ],
[-0.5096, 0.7448, ],
[-0.7607, 0.0184, ],
[-0.1423, -0.3644, ],
[0.1868, 0.4984, ],
[0.9307, 0.0655, ],
[0.5298, -0.7619, ],
[0.1714, -0.2275, ],
[-0.4867, 0.4211, ],
[-0.2344, 0.5267, ],
[0.0519, 0.7207, ],
[-0.5694, -0.0083, ],
[-0.4398, -1.0000, ],
[-0.3579, -0.0964, ],
[-0.2558, 0.0358, ],
[1.0000, 0.7579, ],
[0.9333, 0.0843, ],
[0.3531, 0.0920, ],


[4.0000, ],
[9.0000, ],
[4.0000, ],
[0.0000, ],
[3.0000, ],
[6.0000, ],
[14.0000, ],
[7.0000, ],
[4.0000, ],
[7.0000, ],
[3.0000, ],
[7.0000, ],
[7.0000, ],
[6.0000, ],
[8.0000, ],
[6.0000, ],
[6.0000, ],
[3.0000, ],
[5.0000, ],
[0.0000, ],
[3.0000, ],
[0.0000, ],
[7.0000, ],
[9.0000, ],
[0.0000, ],
[7.0000, ],
[4.0000, ],
[17.0000, ],
[4.0000, ],
[9.0000, ],
[5.0000, ],
[1.0000, ],
[2.0000, ],
[13.0000, ],
[16.0000, ],
[5.0000, ],
[0.0000, ],
[5.0000, ],
[1.0000, ],
[3.0000, ],
[4.0000, ],
[8.0000, ],
[10.0000, ],
[10.0000, ],
[0.0000, ],
[10.0000, ],
[2.0000, ],
[6.0000, ],
[7.0000, ],
[0.0000, ],
[9.0000, ],
[8.0000, ],
[4.0000, ],
[14.0000, ],
[4.0000, ],
[7.0000, ],
[12.0000, ],
[4.0000, ],
[3.0000, ],
[9.0000, ],
[8.0000, ],
[12.0000, ],
[10.0000, ],
[4.0000, ],
[0.0000, ],
[12.0000, ],
[2.0000, ],
[3.0000, ],
[2.0000, ],
[4.0000, ],
[8.0000, ],
[8.0000, ],
[8.0000, ],
[3.0000, ],
[0.0000, ],
[14.0000, ],
[16.0000, ],
[11.0000, ],
[8.0000, ],
[11.0000, ],
[4.0000, ],
[8.0000, ],
[7.0000, ],
[2.0000, ],
[5.0000, ],
[7.0000, ],
[12.0000, ],
[14.0000, ],
[4.0000, ],
[0.0000, ],
[11.0000, ],
[2.0000, ],
[13.0000, ],
[8.0000, ],
[15.0000, ],
[9.0000, ],
[4.0000, ],
[3.0000, ],
[4.0000, ],
[4.0000, ],


