[ 0,  0,  0,  0,  0, 12,  0,  0,  0,  0,  0,  0,  0,  0,  0,  0,  0,  0,  0,  0,  0,  0,  0,  0, ],
[ 0,  0,  0,  0,  0,  0,  0,  0,  0,  0, 10,  0,  0,  0,  0,  0,  0,  0,  0,  0,  0,  0,  0,  0, ],
[ 0,  0,  0,  3,  0,  0,  0,  0,  0,  3,  0,  0,  0,  8,  0,  0, 12,  4,  0,  0,  0,  0,  0,  0, ],
[ 0,  0,  0,  0,  0,  0,  0,  0,  0,  0,  0, 12,  0,  0,  0,  1,  0,  0,  0,  0,  0,  0,  0,  0, ],
[ 0,  0,  0,  0,  0, 13,  0,  0,  0,  0,  2,  0,  0,  0,  4,  0,  0,  0,  0,  0,  0,  0,  0,  0, ],
[ 0,  0,  0,  0,  0,  5,  0,  0,  0,  0,  7,  0,  0,  0,  9,  6,  0,  0,  0,  0,  0,  0,  0,  0, ],
[ 0,  0,  0,  0,  0, 13,  0,  0,  0,  0,  0,  0,  1,  0,  0,  4,  0,  0,  0,  0,  0,  0,  0,  0, ],
[ 0,  0,  0,  0,  0,  0,  0,  0,  6,  0, 10,  0,  0,  0,  0,  0,  0,  0,  0,  0,  0,  0,  0,  0, ],
[14,  0,  0,  0,  0,  0,  0,  0,  0,  0,  0,  0,  0,  0,  0,  0,  0,  0,  0,  0,  0,  0,  0,  0, ],
[ 0,  0,  0,  0,  0,  0,  0,  0,  0,  0,  0,  0,  0,  0,  0,  0,  0,  0,  0,  0,  0,  0,  0,  0, ],
[ 0,  0,  0,  0,  0,  6,  0,  0,  5,  0,  0,  0,  0,  0,  0,  0,  0, 11,  0,  0,  8,  0,  0,  0, ],
[ 0,  0,  0,  0,  0,  0,  0,  0,  0,  0,  0, 14,  0,  0, 13,  0,  0,  0,  0,  0,  0,  0,  0,  0, ],
[ 0,  0,  0,  0,  0,  0,  0,  0,  0,  3,  0,  0,  0,  2,  0,  0,  0,  0,  0,  0,  0,  0,  0,  0, ],
[ 0,  0,  0,  0,  0,  0,  0,  0,  0,  0,  0,  0,  0,  0,  0,  0,  0,  0,  0,  0,  0, 13,  0,  0, ],
[ 0,  0,  0,  0,  0,  0,  0,  0,  0,  0,  0,  9,  0,  0,  0,  0,  0,  0,  0,  0,  0,  0,  0,  0, ],
[ 0,  0,  0,  0,  0,  0,  0,  0,  0,  0,  0,  0,  0, 14,  0,  0,  0,  0,  0,  0,  0,  0,  0,  0, ],
[ 0,  0,  0,  0,  0,  0,  0,  0,  0,  0, 12,  8,  7,  0,  0,  5,  0,  0,  0,  0,  0,  0,  9,  0, ],
[ 0,  8,  9,  9,  0,  0,  0,  0,  0,  0, 13,  9,  0,  0,  0,  0,  0,  7,  0,  0,  0,  2,  0,  0, ],
[ 0,  0,  0,  0,  0,  0,  0,  0,  0,  0,  0,  0,  0,  0,  0,  0,  0,  5,  0,  0,  0,  0,  0,  0, ],
[ 0, 12,  0,  0,  0,  0,  0,  0,  0,  0,  0,  0,  0,  0,  0,  0,  8,  2,  0,  0,  0,  0,  0,  0, ],
[ 0,  0,  0,  0,  0,  0,  0,  0,  0,  0,  0,  0,  0,  0,  0,  2,  0,  0,  0,  0,  0,  0,  7,  0, ],
[ 0,  0, 14,  0,  0,  0,  0,  0,  0,  0,  0,  0,  0,  0,  0,  0,  0, 13,  0,  0,  0,  0,  0,  0, ],
[ 0,  0,  0,  0,  0,  0,  0,  2,  0,  0,  0,  0,  0,  0,  0,  0, 11,  0,  0,  0,  0,  9,  0,  0, ],
[ 0,  0,  0,  0,  8,  0,  0,  0,  0,  0,  0,  0,  0,  0,  0,  0,  0,  0,  0,  0,  0,  0,  0,  0, ],
[ 0,  0,  0,  0,  0,  0,  0,  0,  0,  0,  0,  0,  0,  0,  0,  0,  0,  0,  0,  0,  0,  0,  0,  0, ],
[ 0,  0,  0,  0,  0,  0,  0,  0,  0,  0,  0,  0,  0,  0,  0,  0,  0,  0,  0,  0,  6,  0,  0,  0, ],
[ 0,  0,  0,  0,  0,  0,  0,  0,  0,  0, 14,  0,  0,  0,  0,  0,  0,  0,  0,  0,  0,  0,  0,  3, ],
[ 0,  0,  0,  0,  0,  0,  0,  0,  0,  0,  0,  0,  0,  0,  0,  0,  0,  0,  0, 10,  0,  9,  0,  0, ],
[ 0,  0,  0,  0,  0,  0,  0,  0,  0,  0,  0,  0,  0,  0,  0,  0,  0,  0,  0,  0,  0,  0,  0,  0, ],
[14,  0,  0,  0,  0,  0,  0,  0,  1,  0,  0,  0,  2,  3,  0,  0,  0,  0,  0,  0,  0,  0,  0,  0, ],
[ 0,  0,  0,  0,  0,  3,  0,  0,  0,  0,  0,  0, 11,  0,  0,  0,  2,  0,  0,  0,  0,  0,  0, 13, ],
[ 0,  0,  0,  0,  0,  0,  0,  0,  0,  0,  0,  0,  0,  0,  0,  0,  0,  0,  0,  0,  0,  0,  0,  0, ],
[11,  0,  0,  0,  0,  0,  0,  0,  0,  0,  0,  0,  0,  0,  0,  0,  0,  0,  0,  0,  0,  0,  0,  0, ],
[ 0, 10,  7,  0,  0,  0,  0,  0,  0,  1,  0,  0,  0,  0,  0,  0,  0, 10,  0,  0,  0,  0,  0,  0, ],
[ 0,  0,  0,  0,  0,  0,  0,  0,  0,  0,  0,  0,  0,  0,  0,  0,  0,  0,  0,  0,  0,  0,  0,  0, ],
[ 0,  0,  0,  0,  0,  0,  0,  9,  0,  0,  0,  0,  0,  0,  0,  0,  2,  0,  0,  0,  0,  0,  0,  0, ],
[ 0,  0,  0,  0,  0,  2,  0,  0,  0,  8,  0,  0,  3,  0,  0,  0,  0,  0,  0,  4,  0,  0,  0,  0, ],
[11,  0,  0,  0,  0,  0,  0,  0,  0,  0,  0,  0,  0,  0, 13, 10,  9,  0,  0,  0,  0,  0,  0,  0, ],
[ 4,  9,  5,  0,  0,  0,  0,  0,  0,  0,  0,  0,  0,  0,  0,  0,  0,  0,  0,  0,  0,  0,  0,  5, ],
[ 0,  0,  0,  9,  0,  0, 14,  0,  0,  0,  0,  0,  0,  0,  0,  0,  0,  0,  0,  0,  0,  0,  0,  0, ],
[ 0,  8,  0,  0,  7,  0,  0,  0,  0,  0,  0,  0,  0,  0,  0,  0,  0,  0,  0,  0,  0,  0,  0,  0, ],
[ 0,  0,  0,  0,  0,  0,  0,  0,  0, 10,  0, 10,  0,  0,  0,  0,  0,  0,  0,  0,  0,  0,  0,  0, ],
[ 0, 13,  0,  0,  2,  0,  0,  0,  0,  0, 11,  0,  0,  0,  0,  0,  0,  0,  0,  0,  1,  0,  0,  0, ],
[ 0,  0,  0,  0,  0,  0,  0,  0,  0,  0,  7,  0,  0,  0,  0,  0,  0,  0,  0,  0,  0,  0,  0,  0, ],
[ 0,  0,  0,  0,  0,  8,  0, 10,  0,  0, 14,  0,  0,  0,  0,  2,  0,  0,  0,  3,  0,  0,  0,  0, ],
[ 0,  0,  1,  0,  0,  0,  3,  0,  0,  0,  0,  0,  0,  0,  0,  0,  5,  0,  0,  6,  0,  0,  0,  4, ],
[14,  0,  0,  0,  0,  0,  0,  0,  0,  0,  0,  0,  0,  0,  0,  0,  0,  0,  5,  0,  0,  0,  0,  0, ],
[ 0,  0,  0,  0,  0,  0,  0,  0,  1,  0,  0, 14,  0, 11,  0,  0,  0, 10,  4,  0,  0,  0,  0,  0, ],
[ 0,  0,  0,  0,  0,  0,  0,  0,  0,  0,  0,  0,  0,  3,  0,  0,  0,  0,  0,  0,  0,  0,  0,  0, ],
[ 0,  0,  0,  0,  0,  0,  0,  7,  0,  0,  0,  0,  0,  0,  0,  0,  0,  0,  0,  0,  0,  0,  0,  0, ],
[ 0,  0,  0,  0,  0,  0,  0,  0,  0,  0,  0,  0,  0,  0,  0,  0, 14,  9,  0,  0,  0,  0,  0,  0, ],
[ 0,  3,  0,  0,  0,  0,  0,  0,  0,  0,  0,  0,  3,  0,  0,  0,  0,  0,  0,  0,  0,  0,  0,  0, ],
[ 0,  4,  0,  0,  0,  5,  0,  0,  0, 10,  0,  0,  0,  0, 11,  0,  0,  0,  8,  6,  0,  0,  0,  6, ],
[ 0,  0,  0,  0,  0,  0,  0,  0,  0,  0,  0,  0,  0, 12,  0,  0,  0,  0,  0,  0,  0,  0,  0,  0, ],
[ 0,  0,  0,  0,  0,  0,  0,  0,  0,  0,  0,  0,  0, 14,  0,  0,  5,  0,  0,  0,  0,  0,  0,  0, ],
[ 0,  7,  0,  0,  0,  0,  0,  6, 12,  0,  0,  0, 10,  0,  0,  0,  0,  0,  6,  0,  0,  0,  0,  0, ],
[ 0,  0,  0,  0,  0,  0,  0,  0, 10,  0,  0,  0,  0,  0,  0,  0,  0,  0,  0,  0,  0,  0,  0,  0, ],
[ 0,  0,  0,  0,  2,  0,  0,  0, 13,  0,  0,  0,  0,  0,  0,  0,  0,  0,  0,  0,  0,  6,  0,  0, ],
[ 0,  9,  0,  0, 13,  0,  0, 10,  0,  0,  0,  0,  0,  0,  0,  0,  0,  0,  0,  0, 11,  0,  0,  0, ],
[ 0,  0,  0,  0,  0,  0,  0,  0,  0,  0,  0,  0,  0,  0,  0,  0,  0,  0,  0,  0,  0,  0, 11,  0, ],
[13,  0, 10,  0,  0,  0,  0,  0,  0,  0,  0,  0,  0,  0,  6,  0,  0,  0,  0,  0,  0,  0,  0,  0, ],
[ 0, 11,  0,  0,  0,  0,  0,  0,  0,  0,  0,  0,  0,  0,  0,  0,  0,  0,  0,  0,  0,  0,  0,  0, ],
[ 0,  0,  5,  0,  0,  9,  0,  0,  0,  0, 12,  0,  0,  0,  0,  0,  0, 14,  0,  0,  0,  0,  0,  0, ],
[ 0,  0,  0,  0,  0,  0,  0,  0,  0,  0,  0,  0,  0,  0,  0,  0,  0,  0,  0,  0,  0,  0,  0,  0, ],
[ 0,  0,  0,  0,  0,  0,  0,  0,  0,  0,  0,  0,  0,  6,  0,  0,  0,  0,  0,  0,  0,  0,  0, 11, ],
[ 0,  0,  0,  0,  0,  0,  0,  0,  0,  0,  7,  0,  0,  0,  0,  0, 11,  0,  0,  0,  0,  0,  0,  0, ],
[ 0,  0,  0,  0,  0,  0,  0,  0,  0,  0,  0,  0,  0,  0,  0,  0,  0,  0,  0,  0,  0,  0,  0, 13, ],
[ 3,  0,  0,  0,  0,  0,  0,  3,  0,  0,  0,  0,  0,  0,  0,  0,  0,  0,  0,  0,  0,  0,  0,  0, ],
[ 0,  0,  5,  0,  0,  0,  0,  0,  0,  0,  0,  0,  0,  0,  0,  0,  0,  0,  0,  0,  0, 13,  0,  0, ],
[ 0,  0,  0,  0,  0,  0,  0,  0,  0,  0,  0,  0,  7,  0,  0,  0,  0,  0,  2,  0,  0,  0,  0,  0, ],
[ 0,  0,  0,  0,  0,  0,  0,  0,  0,  0,  0,  0,  0,  0,  0,  0,  0,  0,  0,  0,  0,  1,  0,  0, ],
[ 0,  0, 10,  0,  0,  0,  2,  0,  0,  0,  2,  0,  0,  0,  0,  0,  0,  0,  0,  0,  0,  0,  0,  0, ],
[ 0,  0, 12,  0,  0,  0,  0,  0,  0,  0,  0,  0, 14,  0,  0,  0,  0,  0,  0,  0, 12,  0,  0,  0, ],
[ 0,  4,  0,  0,  0,  0,  0,  0,  0,  0,  0,  0,  0,  8,  0,  0,  0,  0,  0,  0,  0,  0,  0,  0, ],
[ 0,  0,  0,  0,  0,  0,  0,  0,  0,  0,  0,  0,  0,  0,  0,  0,  0,  0,  0,  0,  0,  0,  0,  0, ],
[ 4, 11,  0,  0,  0,  0,  0,  0,  0,  0,  0,  0,  0,  0, 14,  0,  0,  0,  0,  0,  0, 13,  0,  0, ],
[ 0, 14,  0,  0,  2,  0,  0,  0,  8,  0,  0,  0,  0,  0,  0,  0,  0,  0,  0,  9,  3,  0,  0, 12, ],
[ 0,  2,  0,  0,  0,  0,  0,  0,  0,  0,  2,  0,  0,  0,  0, 14,  0,  0,  0,  0,  0,  0,  0,  0, ],
[ 0,  0,  0,  0,  4,  0,  2,  0,  0,  0,  0,  0,  0,  0,  0,  0,  0,  0,  0,  0,  0,  0,  0,  0, ],
[ 9,  0,  0,  0,  0,  0,  4,  0,  0,  0,  0,  0,  0,  0,  0,  0,  0,  0,  0,  0,  0,  0,  0,  0, ],
[ 0,  0,  0,  0,  0,  0, 14,  0,  6, 12,  0,  0,  0,  0,  0,  7,  0,  0,  0,  0,  0,  0,  0,  0, ],
[ 0,  0,  4,  0,  0,  9,  0,  0,  0,  0,  0,  0,  5,  0,  0,  0,  0,  0,  0,  0,  0,  0,  0,  0, ],
[ 5,  0,  0,  0,  0,  9,  0,  0,  0, 11,  0,  0,  0,  0,  0,  1,  0,  0,  0,  9,  0,  0,  0,  0, ],
[ 0,  0,  0,  0,  0,  0,  0,  0,  0,  0,  0,  0,  0,  0,  0,  0,  0,  0,  0,  0,  0,  0,  0,  0, ],
[ 0,  6,  0,  0,  0,  0,  0,  0,  0,  0,  0,  0,  0, 12,  0, 14, 12,  0,  0,  0,  0,  0,  0,  0, ],
[ 0,  0,  0, 14,  0,  0,  0,  0,  0,  0,  0,  0,  0,  0,  0,  0,  0, 14,  0,  0,  0,  0,  0,  0, ],
[ 0,  0,  0,  0,  1,  0,  0,  0,  0,  0,  0,  0,  0,  0,  0,  0,  0, 12,  0,  0,  0,  0, 12,  3, ],
[ 0, 14,  0,  0,  0, 11,  0,  0,  0,  0,  0,  0,  0,  0,  2,  0,  0,  0,  0,  0,  0,  0,  6,  0, ],
[ 0,  4,  0,  0,  0,  0,  0,  0,  0,  0,  0,  0,  3,  0,  0,  0,  0,  0,  0,  0,  2,  0,  0, 13, ],
[ 0,  0, 11,  0,  6,  0,  0,  0,  0,  0,  0,  0,  0,  0,  0,  0,  0,  0,  0,  7,  0,  8,  0,  6, ],
[ 0,  0,  0,  1,  0,  0,  0,  0,  0,  0,  0,  0,  0,  0,  0,  0,  0,  0,  0,  0,  0,  0,  0,  0, ],
[ 0,  0,  0,  0,  0,  0,  0,  0,  0,  0,  0,  0,  0,  0,  0,  0,  0,  0,  0,  1,  0,  0,  0,  0, ],
[ 8,  0,  0,  0,  0,  0,  0,  0,  0,  0,  0,  0,  0,  3,  0,  0,  0,  0,  0,  0,  0,  0,  0,  0, ],
[ 0,  0,  0,  0,  0,  0,  0,  0,  0,  0,  0,  0,  0,  0,  6,  0,  0,  0,  0,  0,  0, 14,  0,  0, ],
[ 0,  0,  0,  0,  0,  0,  0,  0,  0,  0,  0,  0,  0,  0,  0,  0,  0,  0,  0,  0,  0,  0,  0,  0, ],
[ 0,  0,  0,  0,  0,  0,  3,  0,  0,  0,  0,  0,  0,  0,  0,  0,  0,  0,  0,  0,  0,  0,  0,  0, ],
[ 0,  0,  0,  0,  0,  0,  0,  0,  0,  0,  0,  5,  0,  0,  0,  0,  0,  0,  0,  0,  0,  0,  0,  0, ],
[ 0,  3,  9,  0,  0,  0,  0,  0,  0,  0,  0,  0,  0,  0,  0,  0,  0,  0,  0,  0,  0,  0,  0,  0, ],
[12,  0,  0,  0,  0,  0,  0,  0,  0,  0,  0,  0,  0,  0,  0,  0,  0,  0,  0,  0,  0,  0,  0,  0, ],
[ 0,  0,  0,  0,  0,  0,  0,  0,  0,  0,  0,  0,  0,  0,  0,  0,  0,  0,  7,  0,  0,  0,  0,  0, ],


[0.6626, -1.0000, ],
[-0.2103, -0.3050, ],
[-0.1793, -0.4940, ],
[-0.1020, 0.2372, ],
[0.6505, 0.8299, ],
[0.6444, -0.0777, ],
[-0.7309, 0.3160, ],
[0.1491, 0.1855, ],
[-0.2644, -0.5800, ],
[-0.3888, 0.2588, ],
[0.5769, -0.2588, ],
[-0.0702, -0.4763, ],
[-0.7129, -0.3329, ],
[0.5478, 0.2255, ],
[0.7668, 0.6750, ],
[-0.6167, -0.2283, ],
[-0.4893, -0.6124, ],
[-0.1632, -0.6117, ],
[0.3837, 0.1316, ],
[-0.1299, -0.4196, ],
[0.6977, 0.7855, ],
[0.3044, 0.1430, ],
[0.7474, -0.1139, ],
[-1.0000, 0.0029, ],
[0.5010, 0.1278, ],
[-0.1510, 0.2175, ],
[-1.0000, 0.8552, ],
[0.1268, -0.2263, ],
[0.4865, 0.3978, ],
[0.8367, -0.3493, ],
[-0.2908, 0.3850, ],
[-0.0791, 0.5525, ],
[0.6780, -0.0000, ],
[0.3643, 0.5587, ],
[-0.2417, -0.2905, ],
[-0.6478, 0.9618, ],
[-0.7624, -0.2111, ],
[0.4555, -0.3631, ],
[0.3593, 0.7850, ],
[0.9578, 0.5131, ],
[0.2845, -0.8049, ],
[0.0428, 0.2151, ],
[0.2410, 0.5240, ],
[0.3784, -0.7468, ],
[0.7450, -0.0509, ],
[0.2517, 0.8498, ],
[0.1970, -0.2652, ],
[-0.5879, -0.0075, ],
[-0.7502, -0.8052, ],
[1.0000, 0.8791, ],
[0.5296, -0.0024, ],
[0.5237, -0.5151, ],
[0.0417, -0.6809, ],
[-0.3143, -0.6045, ],
[-0.1674, 0.4517, ],
[0.6473, -0.4694, ],
[0.6425, -0.0121, ],
[0.3906, 0.0020, ],
[-0.7515, 0.4333, ],
[0.1822, -0.4621, ],
[0.7165, 0.3079, ],
[-0.4880, 0.2063, ],
[-0.7324, 0.0031, ],
[0.4459, -0.1056, ],
[0.7697, -0.2170, ],
[-0.0193, 0.5584, ],
[0.2435, 0.2936, ],
[0.2285, -0.9123, ],
[0.4826, 0.1253, ],
[0.7349, 0.0052, ],
[0.7643, 0.5133, ],
[-0.6794, 0.1654, ],
[0.0035, 0.3208, ],
[-0.2169, -0.3157, ],
[-0.6903, 0.7256, ],
[-1.0000, -0.2594, ],
[0.1409, 0.3432, ],
[0.9619, -0.1096, ],
[-0.0651, 0.1431, ],
[-0.5455, -0.3189, ],
[-0.1611, -0.9298, ],
[-0.0929, 0.6455, ],
[0.1531, 0.9696, ],
[-0.5856, 0.8421, ],
[-0.5595, 0.1693, ],
[-0.2016, -0.4152, ],
[0.3415, 0.5990, ],
[0.7370, 0.4712, ],
[0.4261, -0.6313, ],
[0.2454, -0.8988, ],
[-0.3777, -0.4046, ],
[-0.2935, 0.7561, ],
[-0.0802, -0.3908, ],
[1.0000, 0.3308, ],
[-0.7679, -1.0000, ],
[-0.4523, 0.0267, ],
[-0.6995, 0.0358, ],
[0.6380, -0.5713, ],
[0.9973, 0.4626, ],
[0.4042, 0.8211, ],


[4.0000, ],
[4.0000, ],
[13.0000, ],
[5.0000, ],
[7.0000, ],
[11.0000, ],
[7.0000, ],
[7.0000, ],
[4.0000, ],
[0.0000, ],
[12.0000, ],
[8.0000, ],
[3.0000, ],
[4.0000, ],
[3.0000, ],
[4.0000, ],
[15.0000, ],
[20.0000, ],
[2.0000, ],
[8.0000, ],
[4.0000, ],
[8.0000, ],
[8.0000, ],
[3.0000, ],
[0.0000, ],
[3.0000, ],
[6.0000, ],
[7.0000, ],
[0.0000, ],
[8.0000, ],
[11.0000, ],
[0.0000, ],
[4.0000, ],
[12.0000, ],
[0.0000, ],
[4.0000, ],
[8.0000, ],
[15.0000, ],
[9.0000, ],
[7.0000, ],
[6.0000, ],
[8.0000, ],
[10.0000, ],
[3.0000, ],
[14.0000, ],
[10.0000, ],
[6.0000, ],
[15.0000, ],
[2.0000, ],
[3.0000, ],
[7.0000, ],
[4.0000, ],
[21.0000, ],
[4.0000, ],
[6.0000, ],
[17.0000, ],
[4.0000, ],
[8.0000, ],
[15.0000, ],
[4.0000, ],
[11.0000, ],
[4.0000, ],
[13.0000, ],
[0.0000, ],
[7.0000, ],
[7.0000, ],
[4.0000, ],
[4.0000, ],
[6.0000, ],
[4.0000, ],
[1.0000, ],
[6.0000, ],
[12.0000, ],
[5.0000, ],
[0.0000, ],
[14.0000, ],
[17.0000, ],
[6.0000, ],
[3.0000, ],
[5.0000, ],
[14.0000, ],
[7.0000, ],
[13.0000, ],
[0.0000, ],
[15.0000, ],
[8.0000, ],
[11.0000, ],
[12.0000, ],
[9.0000, ],
[16.0000, ],
[1.0000, ],
[1.0000, ],
[5.0000, ],
[7.0000, ],
[0.0000, ],
[2.0000, ],
[2.0000, ],
[5.0000, ],
[4.0000, ],
[3.0000, ],


