[ 0,  0, 13,  0,  0,  0,  0,  0,  0,  0, 14,  0,  0,  0,  2,  2, 11,  0,  0,  0,  0,  1,  0,  0, ],
[ 0,  0,  0,  0,  0,  0,  0,  0,  0,  0,  0,  0,  0,  0,  0,  0,  0,  0,  0,  0,  0,  0,  0,  0, ],
[ 0,  0,  0,  0,  7,  0,  0,  0,  0,  0,  0,  0,  0,  0,  0,  0,  0,  0,  0,  0,  0,  0,  0,  0, ],
[ 0,  0,  0,  8,  0,  0,  0,  0,  0,  0,  0, 12,  0,  0,  0,  0,  0,  0,  0,  0,  0,  0,  0,  0, ],
[ 4,  2,  0,  0,  0, 12,  0,  0,  0,  0,  0,  0,  0, 11,  0, 12,  0,  0,  0,  0,  0,  0,  0,  0, ],
[ 0,  0,  0,  0, 13,  0,  0,  0,  0,  0,  0,  0,  0,  0,  0,  0,  0,  0,  0,  0,  0,  0,  0,  8, ],
[ 0,  0,  0,  0,  0,  0,  0,  1,  0,  0,  0,  0,  0,  0,  0,  0,  0,  0,  0,  0,  0,  0,  0,  0, ],
[ 0,  0,  0,  0,  0,  0,  0,  0,  6,  0, 10,  0,  0,  0,  0,  0,  0,  0,  0,  0,  0,  0,  0,  0, ],
[ 0,  9,  0,  0,  0,  0,  3,  0,  0,  0,  0,  0,  0,  0,  0,  0,  1,  0,  0,  0,  0,  0,  0,  0, ],
[ 0,  0,  0,  0,  0,  0,  0,  0,  0,  3,  0,  0, 12,  0,  0,  0,  0,  0,  0,  0,  0,  7,  0,  0, ],
[ 0,  0,  0,  0,  0,  0,  0,  0,  0,  0,  0,  0,  0,  0,  0,  0,  0,  0,  0,  0,  0,  0,  0,  0, ],
[ 0,  0,  0,  0,  0,  0,  0,  0,  0,  0,  0,  0,  0, 14,  0,  0,  0,  0,  0,  0,  0,  0,  0,  1, ],
[ 0, 13,  0,  4,  0,  0,  0,  0,  0,  0,  0,  0,  0,  0,  0,  0,  0,  0,  0,  0,  0,  0,  0,  0, ],
[ 0,  0,  0,  0,  0,  0,  0,  2,  0,  0,  0,  0,  0,  9,  0,  0,  4,  0,  0,  0,  0,  0,  0,  0, ],
[ 0,  0,  0,  0,  0,  0,  0,  0,  0,  0,  0,  0,  0,  0,  0,  0,  0,  0,  0,  0,  0,  0,  0,  0, ],
[ 0,  0,  5,  0,  0,  0,  8,  0,  0,  0,  0,  0,  0,  0,  0,  0,  0,  0,  0,  0,  0, 12,  0,  0, ],
[ 0,  8,  0,  0,  0,  0,  0,  0,  0,  0,  0,  0,  7,  0,  0,  0,  0,  0,  2,  0,  0,  0,  0,  0, ],
[ 0,  0,  0,  0,  0,  0,  0,  0,  0,  0,  0,  9,  0,  0,  0, 10,  0,  0, 14,  0,  0,  0,  0,  0, ],
[ 0,  0,  0,  0,  0,  8,  0,  0,  0,  0,  0,  0,  7, 14,  0,  2,  0,  0,  0,  0,  0,  0,  5,  0, ],
[ 0,  0,  0,  0,  0,  0,  0,  2,  0,  5,  0,  0,  0,  0,  0,  0,  0,  0,  0,  0,  0,  0,  1,  0, ],
[ 0,  0,  0,  0,  0,  0,  0,  8,  0,  0,  0,  0,  0,  0,  0,  0,  0,  0,  0,  0, 14,  0,  0,  0, ],
[ 0,  0,  0,  0,  0,  0,  0,  0,  0,  0,  3,  0,  0,  0,  0,  0,  5,  0,  0,  0,  0,  0,  0,  0, ],
[ 0,  0,  0,  0,  0,  0,  0,  0, 10,  0,  0,  0,  0,  0,  0,  0,  0,  0,  0,  0,  0,  0,  0,  0, ],
[ 0,  0,  8,  0,  0,  0,  8,  0,  0,  0,  0,  0,  0,  0,  0,  0,  0,  0,  4,  0, 12,  0,  0,  0, ],
[ 0,  0,  0,  0,  0,  0,  0,  0,  8,  0,  0,  0,  0,  0,  0,  0,  0,  0,  0,  0,  0,  0,  8,  0, ],
[ 0,  0,  0,  0,  0,  0,  0,  0,  0,  0,  2,  0,  0,  0, 14,  0,  0,  0,  0,  0,  0,  0,  0,  0, ],
[ 0,  0,  7,  0,  0, 13,  0,  0,  0,  3,  9,  0,  0,  0,  0, 13,  0,  0,  6,  0,  0,  7,  0,  0, ],
[ 6,  0,  0,  0,  0,  0,  0,  0,  0,  0,  0,  0,  0,  0,  0,  0,  0,  0,  0, 13,  0,  0,  0,  0, ],
[ 0,  0,  0,  0,  0,  0,  0,  0,  0,  0,  0,  0,  6,  0,  0,  0,  0,  0,  0,  0,  0,  0,  0,  0, ],
[ 0,  0,  0,  0,  0,  0,  0,  0,  0, 10,  0,  0,  0,  0,  0,  2,  0,  0,  0,  7,  0,  0,  0,  0, ],
[ 0,  0,  0,  0,  0,  0,  0,  0,  0,  0,  0,  0,  0,  0,  0,  0,  0,  0,  0,  0,  0,  0,  0,  0, ],
[ 0,  0,  0,  5,  0,  0,  0,  0,  0,  0,  0,  0,  0,  0,  0,  0,  0,  0,  0,  1,  0,  0,  0,  0, ],
[ 0,  0,  0,  0,  0,  0,  0,  0, 12,  0,  0,  0, 13,  0,  0,  0,  0,  0,  5,  0,  0,  0,  4,  0, ],
[ 0,  0,  0,  3,  0,  0,  0,  0,  0,  0,  0,  0,  0,  0,  0,  0,  0,  0,  0,  0,  0,  0,  0,  0, ],
[ 0,  0,  0,  0,  0,  0,  0,  7,  0,  0,  0,  0,  0,  3,  0,  7,  0,  0,  0,  0,  0,  0,  0,  0, ],
[ 0,  0,  0,  0,  0,  0,  9,  0,  0,  0,  0,  0,  0,  0,  0,  0,  0,  0,  0,  8, 11,  0,  0,  0, ],
[ 0,  0,  0,  0,  0,  0,  0,  0,  0,  0,  0,  0,  0,  0,  0,  0,  0,  0,  0,  0,  0,  0,  0,  0, ],
[ 0,  0,  0,  0,  0,  0,  0,  0,  0,  0,  0,  0,  0,  0,  0, 11,  0,  0,  0,  0,  0,  0,  0,  0, ],
[ 0,  0,  0,  0,  0,  0,  0,  0,  0,  0,  0,  0,  0,  0,  0,  0,  0,  0,  0,  0,  0,  0,  0,  0, ],
[ 0,  0,  0,  0,  0,  0,  0,  0, 14,  0,  0,  0,  0,  0,  0,  0,  0,  0,  0,  0,  0,  0,  0,  0, ],
[ 0,  0,  0,  0,  0,  0,  0,  0,  0,  0,  0,  0,  0,  0,  0,  0,  0,  0,  0,  0,  0,  0,  0,  0, ],
[ 0,  0,  0,  0,  0,  0,  0,  0,  0, 10,  0, 10,  0,  0,  0,  0,  0,  0,  0,  0,  0,  0,  0,  0, ],
[ 0,  0,  0,  0,  0,  0,  0,  0,  0,  0,  0,  0,  0,  0,  0,  0,  8,  0,  0,  0,  0,  0,  0,  0, ],
[ 0,  0,  0,  0,  0,  0,  0,  0,  0,  0,  0,  0,  2, 10,  0,  0,  0,  0,  0,  0,  0,  0,  0,  0, ],
[ 8,  0,  0,  0,  0,  0,  0,  0,  0,  6, 12,  0,  0,  4,  0,  0,  0,  0, 11, 13,  0,  0,  0,  0, ],
[ 0,  0,  1,  0,  0,  0,  0,  0,  0,  0,  0,  0,  0,  0,  0,  0,  0,  0,  0,  0,  0,  0,  5,  0, ],
[ 0,  0,  9,  0,  0,  1,  0,  0,  0,  0,  0,  0,  0,  0,  0,  0,  0,  0,  0,  0,  0,  0,  0,  0, ],
[ 0,  0,  0,  0,  0,  0,  0,  0,  0,  8,  0,  0,  0,  0,  0, 10,  0,  0,  0,  0,  0,  0,  0,  0, ],
[ 0,  0,  2,  0,  0,  0,  0,  0,  0,  0,  0,  0,  0,  0,  0,  0, 12,  0,  0,  0,  0,  0,  0,  0, ],
[ 0,  0,  0,  4,  0,  0,  5,  0,  0,  0,  0,  0,  0,  0,  0,  0,  0,  0,  0,  0,  0,  0,  5,  0, ],
[ 0,  0,  0, 14,  0,  0,  0,  0,  0,  0,  0,  0,  0, 10,  0,  0,  0,  0,  0,  0, 13,  0,  0,  2, ],
[ 0,  0,  0,  0,  0,  0,  0,  0,  0,  3,  0,  0,  0,  0,  0,  0,  0,  7,  0,  0,  0,  0,  0,  0, ],
[ 0,  0,  0, 14,  0,  5,  0,  0,  0,  0,  0,  1,  0,  0,  0,  0,  0,  0,  0,  0,  0,  4,  0,  0, ],
[ 0,  0,  6,  0,  0,  0,  0,  0,  0,  0,  0,  0,  0,  0,  0,  0,  8,  0,  0,  0,  0,  0,  0,  0, ],
[ 0,  0,  0,  0,  0,  0,  0,  0,  0,  0,  0,  0,  0,  0,  2,  0,  0,  0,  0,  0,  0,  0,  0,  0, ],
[ 0,  7,  0,  0,  0,  0,  0,  0,  1,  0,  0,  0,  0,  0,  0,  0,  0,  0,  0,  0,  0,  0,  0,  0, ],
[ 0,  0,  0,  0, 13,  0,  1,  0,  0,  0,  0,  0,  0,  0,  8,  0,  0,  0,  2,  0,  3,  0,  0,  3, ],
[ 0,  0,  0,  0,  0,  0,  0,  0,  0,  0,  0,  0,  0,  0,  0,  0,  0,  0,  0,  0,  0,  0,  0,  0, ],
[ 0,  0,  0,  0,  0,  0,  0,  0,  0,  0,  0,  0,  0,  0,  0,  0,  3,  0,  0,  0,  2,  0,  0,  0, ],
[ 0,  4,  0,  0,  0,  0,  0,  0,  0,  0,  0,  0,  0,  0,  0,  9, 14,  7,  0,  0,  0,  0, 11,  0, ],
[ 0,  0,  0, 14,  0,  0,  0,  0,  0,  0,  0,  0,  0,  0,  0,  0,  6,  0,  0,  0,  0,  0,  0,  0, ],
[ 0,  0,  0,  0,  0,  0,  0,  0,  0,  0,  0,  0,  0,  0,  0,  0,  6,  0,  0,  0,  0,  0,  0,  0, ],
[ 0,  0,  4,  0,  9,  0,  0,  0,  0,  0,  0,  0,  0,  0,  0,  0,  0,  0,  9,  0,  0,  0, 10,  1, ],
[ 0,  0,  0,  0,  0,  0,  0,  0,  0,  0,  4,  0,  0,  0,  0,  0,  0,  0,  0,  0,  0, 11,  0,  0, ],
[ 0,  0,  0,  0,  0, 13,  0,  0,  0,  0,  0,  0,  0,  0,  0,  0,  0,  0,  0,  0,  0,  0,  0, 14, ],
[ 0,  0,  0,  0,  0,  0, 12,  0,  0,  0,  0,  0,  0,  0, 11,  0,  0,  0,  0,  0,  0,  0,  0,  0, ],
[ 0,  0,  0,  0,  0,  0,  0,  0,  0,  0,  0,  0,  1,  0,  0,  0,  0,  6,  0,  0,  0,  0,  0,  0, ],
[ 0,  0,  0,  0,  0,  0,  0,  0,  2,  0,  0,  0,  0,  0,  4,  0,  0,  0,  0,  0,  0,  0,  0,  0, ],
[ 0, 13,  0,  7,  0,  0, 12,  0,  0,  0,  0,  0,  0,  1,  0,  0,  0,  0,  0,  0,  0,  0,  0,  0, ],
[ 0,  0,  0,  0,  0,  0,  0,  0,  0,  0,  0,  0,  0,  0,  0,  0,  6,  0,  6,  0,  0,  0,  0,  0, ],
[ 9,  0,  0,  0,  0,  0,  0,  0,  0,  0,  0,  1,  0,  0,  0, 11,  0,  8, 11,  0,  0,  0,  0,  0, ],
[ 0,  0,  0,  0,  0,  0,  0,  0,  0,  0,  0,  0,  0,  8,  0,  0,  0,  0,  3,  0,  0,  3,  0,  0, ],
[ 0,  0,  0, 12,  0,  0,  0,  0,  0,  0,  0,  0,  0,  0,  0,  0,  0,  0,  0,  0,  0,  0,  2,  0, ],
[ 0,  0,  0,  0,  0,  0,  0,  0,  0,  0,  0, 10,  0,  0,  0,  0,  0,  0,  0,  0,  0,  0,  0,  0, ],
[ 0,  7,  0,  0,  0,  0,  8,  8,  0,  0,  0,  0,  0,  0,  0,  0,  9,  0,  0,  0,  0,  0,  0,  0, ],
[ 0,  0,  0,  0,  0,  0,  0,  0,  0,  0,  0,  0,  0,  3,  0,  0,  0,  0,  0,  0,  0,  0,  0,  0, ],
[ 0,  0,  0,  0,  0,  0,  0,  0,  0,  0, 13,  0,  0,  6,  0,  0,  0,  8,  0,  0,  0,  0,  0,  0, ],
[ 0,  0,  0,  4,  0,  0,  0,  0,  0,  0,  0,  0,  0,  0,  0,  0,  0,  0,  9,  0,  0,  0,  0,  0, ],
[ 0,  0,  0,  0,  0,  0,  0,  0,  0,  0,  0,  0,  0,  3,  0,  0,  0,  0, 12,  0,  0,  0,  0,  0, ],
[ 0,  2,  0,  0,  0,  0,  4,  0,  0,  0,  0,  0, 13,  0,  0,  0,  1,  0,  0,  0,  0,  0,  0,  0, ],
[ 0,  0,  0,  0,  0,  0,  0,  0,  0,  0,  0,  0,  0,  0, 10,  0,  0,  0,  0,  0,  0,  0,  2,  0, ],
[ 0,  0,  0,  0,  0, 12,  0,  0,  0,  0,  0,  0,  0,  0,  0,  0,  0,  0,  0,  0, 10,  0,  0,  0, ],
[ 3,  0,  0,  0,  0,  9,  0,  9,  0,  0,  0,  0, 10,  0,  0,  0,  0,  0,  0,  0,  0,  0,  0,  0, ],
[10,  0,  0,  0,  0,  0,  0,  0,  0,  0,  0,  0,  0,  0,  0,  0,  0,  0,  0,  0,  0,  0,  3,  0, ],
[ 0,  0, 13,  0,  0,  0,  0,  4,  0,  0,  0,  0,  4,  0,  0,  0,  1,  0,  0,  0,  0,  0,  0,  0, ],
[ 0,  0,  0,  0,  0,  9,  0,  0,  0,  0,  0,  0,  0,  0,  0,  4,  0,  0,  0,  0,  0,  0,  0,  0, ],
[ 0,  0,  0,  0,  0,  0,  0,  0,  0,  0,  0,  0,  0,  0, 14,  0,  0,  0,  0,  0,  0,  0,  0,  0, ],
[ 0,  0,  0,  0,  0,  0,  0,  0,  0,  0,  0, 11,  0, 12,  0,  0,  0,  0,  0,  0,  0,  0,  0,  0, ],
[ 0,  0,  0,  0, 11,  0,  0,  0,  0,  0,  0,  0,  5,  0,  0,  5,  0,  0,  0,  0,  0,  0,  0,  0, ],
[ 0,  0, 11,  0,  7,  0,  0,  0,  0,  2,  0,  0,  0,  0,  0,  0,  0,  0,  0,  0,  0,  0,  6,  0, ],
[ 0,  0,  0,  0,  0,  0,  0,  0,  0,  9,  0,  0,  0,  0,  0,  0,  0,  0,  0,  0,  0,  0,  0,  0, ],
[ 0, 11, 13,  0, 11,  0,  0,  0,  0,  0,  0,  0,  0,  0, 12,  0,  0,  0,  3,  0,  0,  0,  2,  0, ],
[ 0,  0,  0,  0,  0,  0,  0,  0,  0,  0,  0,  0,  0,  0,  6, 12,  0,  0,  0,  0,  0,  8,  0,  0, ],
[ 0,  0,  0,  0,  0,  0,  0,  9,  0,  0,  0,  0,  0,  0,  0,  0,  0,  0,  0,  0,  0,  7,  0,  0, ],
[ 0,  0,  0,  0,  0,  0,  0,  0,  7,  0,  0,  0,  0,  0,  3,  0,  0,  0,  0,  0,  0,  0,  0, 13, ],
[ 9,  0,  0,  0,  0,  0,  0,  0,  0,  0,  3,  0,  0,  0,  0,  0,  0,  0,  0,  0,  0,  0,  0,  0, ],
[ 0,  0,  0,  0,  0,  0,  0,  0,  0, 12,  0,  0,  0,  0,  0,  0,  0, 12,  0, 13,  0,  0,  0,  0, ],
[ 0,  0,  0,  0,  0,  0,  0,  0,  0,  0,  0,  0,  0,  0,  0,  0,  0,  0,  0,  0,  0,  0,  0,  0, ],
[ 0,  0,  0,  0,  0,  0,  0,  0,  0,  0,  0,  0,  0,  0,  0,  0,  0,  0,  0,  0,  0,  0,  0,  0, ],
[ 0,  0,  0,  0,  0,  0,  0,  6,  0,  0,  0,  0,  0,  0,  0,  0,  0,  0,  0,  0,  0,  0,  0,  0, ],


[0.5277, -0.1989, ],
[-0.0980, -0.2687, ],
[-0.0792, -0.4578, ],
[0.7925, 0.1134, ],
[0.7013, 0.6324, ],
[0.5722, -0.0015, ],
[-0.6841, 0.3886, ],
[0.2562, 0.3880, ],
[-0.0216, -0.6168, ],
[-0.7795, 0.6284, ],
[0.5222, -0.0822, ],
[-0.2147, 0.0805, ],
[0.2688, -0.1664, ],
[0.4215, 0.3768, ],
[0.5748, 0.5918, ],
[-0.5849, -0.1375, ],
[-0.3817, -0.9050, ],
[-0.0164, 0.8329, ],
[0.4930, 0.4674, ],
[-0.2050, -0.7502, ],
[0.6977, 0.1211, ],
[0.4856, 0.0847, ],
[0.5473, 0.0350, ],
[1.0000, 0.1020, ],
[0.8457, -0.7265, ],
[0.2180, 0.2506, ],
[-1.0000, -0.4217, ],
[0.1156, -0.4795, ],
[0.1570, -0.9204, ],
[-0.4610, 0.5029, ],
[-0.6775, -0.3692, ],
[-0.0834, 0.5525, ],
[0.6718, -0.2097, ],
[0.7120, 0.7888, ],
[0.1747, -0.1683, ],
[-0.6377, 0.1971, ],
[-0.7749, -0.2263, ],
[-0.4364, -0.3138, ],
[1.0000, 0.9702, ],
[0.2125, 0.5801, ],
[0.5101, -1.0000, ],
[0.0250, 0.1795, ],
[0.3320, 0.5352, ],
[0.3531, -0.8984, ],
[0.8402, -0.2216, ],
[0.2136, 0.9051, ],
[-0.5499, -0.4349, ],
[-0.5838, 0.4626, ],
[-1.0000, -0.8479, ],
[0.8335, 0.3947, ],
[0.6969, -0.1825, ],
[0.3389, 0.1803, ],
[0.3747, -0.7344, ],
[0.1070, -0.5985, ],
[-0.3224, 0.3399, ],
[0.5846, -0.1318, ],
[0.7014, -0.0185, ],
[-0.8719, 0.2922, ],
[-0.3654, 0.4126, ],
[0.1822, -0.4915, ],
[0.6809, 0.1864, ],
[-0.5625, 0.0591, ],
[-0.6715, 0.6042, ],
[0.4113, 0.1426, ],
[1.0000, 0.9493, ],
[0.1627, -0.8109, ],
[0.3364, 0.2069, ],
[0.3649, -0.6959, ],
[0.2399, 0.2381, ],
[0.7419, 0.0883, ],
[-0.1134, 0.3889, ],
[-0.7051, 0.5752, ],
[-0.4934, 0.2776, ],
[-0.2030, -0.3212, ],
[-0.8684, 0.6899, ],
[-1.0000, -0.1136, ],
[1.0000, 0.3702, ],
[1.0000, -0.0138, ],
[0.2186, 0.0970, ],
[0.8972, -0.2094, ],
[-0.4060, -0.9717, ],
[-0.0663, 0.6455, ],
[-0.2765, 0.9234, ],
[-0.4882, 0.8155, ],
[-0.3673, -0.0276, ],
[-0.3286, -0.3963, ],
[0.1868, 0.6078, ],
[0.6914, 0.5819, ],
[0.5298, -0.6567, ],
[0.6273, -0.4950, ],
[-0.4863, 0.7298, ],
[-0.0581, 0.9150, ],
[-0.1326, -0.4762, ],
[0.3581, -0.1995, ],
[-1.0000, -0.9472, ],
[0.0713, 0.2009, ],
[-0.6422, -0.0566, ],
[0.6380, -0.5417, ],
[0.7066, 0.4131, ],
[0.4009, 0.8196, ],


[15.0000, ],
[0.0000, ],
[3.0000, ],
[7.0000, ],
[15.0000, ],
[7.0000, ],
[1.0000, ],
[7.0000, ],
[6.0000, ],
[9.0000, ],
[0.0000, ],
[5.0000, ],
[6.0000, ],
[6.0000, ],
[0.0000, ],
[9.0000, ],
[7.0000, ],
[11.0000, ],
[13.0000, ],
[4.0000, ],
[7.0000, ],
[4.0000, ],
[4.0000, ],
[12.0000, ],
[6.0000, ],
[5.0000, ],
[22.0000, ],
[7.0000, ],
[3.0000, ],
[8.0000, ],
[0.0000, ],
[3.0000, ],
[12.0000, ],
[2.0000, ],
[8.0000, ],
[10.0000, ],
[0.0000, ],
[4.0000, ],
[0.0000, ],
[4.0000, ],
[0.0000, ],
[8.0000, ],
[3.0000, ],
[5.0000, ],
[20.0000, ],
[3.0000, ],
[4.0000, ],
[7.0000, ],
[5.0000, ],
[6.0000, ],
[13.0000, ],
[5.0000, ],
[9.0000, ],
[6.0000, ],
[1.0000, ],
[4.0000, ],
[13.0000, ],
[0.0000, ],
[3.0000, ],
[16.0000, ],
[7.0000, ],
[3.0000, ],
[13.0000, ],
[6.0000, ],
[8.0000, ],
[8.0000, ],
[4.0000, ],
[3.0000, ],
[12.0000, ],
[6.0000, ],
[15.0000, ],
[7.0000, ],
[5.0000, ],
[4.0000, ],
[12.0000, ],
[2.0000, ],
[10.0000, ],
[5.0000, ],
[6.0000, ],
[8.0000, ],
[5.0000, ],
[8.0000, ],
[12.0000, ],
[6.0000, ],
[9.0000, ],
[5.0000, ],
[4.0000, ],
[8.0000, ],
[8.0000, ],
[11.0000, ],
[3.0000, ],
[19.0000, ],
[10.0000, ],
[6.0000, ],
[9.0000, ],
[5.0000, ],
[12.0000, ],
[0.0000, ],
[0.0000, ],
[3.0000, ],


