[ 0,  0,  0,  0,  0,  0,  0,  0,  0,  0,  0,  0,  0,  0,  0,  0,  0,  0,  0,  0,  0,  0,  0,  0, ],
[ 3,  9,  0,  0,  0,  0,  0,  0,  0,  0,  0,  0,  0,  0,  0,  0,  0,  0,  0,  0,  0,  0,  0,  0, ],
[ 0,  0,  0,  9,  0,  0,  9,  0,  0,  0, 13,  0,  0,  8,  0,  0, 12, 14,  0,  0,  0,  2,  0,  0, ],
[ 0,  0,  0,  0,  0,  0,  0,  0, 13, 12,  0, 12,  0,  0,  0,  0, 10,  6,  0,  0,  0,  0,  2,  0, ],
[ 4,  0,  0,  0,  0,  0,  0,  0,  0,  0,  0,  0,  0,  0,  0,  0,  0,  0,  0,  0,  0,  0,  0,  0, ],
[ 0,  0,  0,  0,  0,  0,  0,  0,  0,  0,  0,  0,  0,  0,  0,  0,  0,  7,  0,  0,  0,  0,  0,  0, ],
[ 0,  0,  0,  0,  0,  0,  0,  0,  0,  0,  0,  0,  1,  0,  0,  0,  0,  0,  0,  7,  0,  0,  0,  0, ],
[ 0,  0,  0,  0,  0,  0,  0,  0,  6,  0, 10,  0,  0,  0,  0,  0,  0,  0,  0,  0,  0,  0,  0,  0, ],
[ 0,  0,  0,  2,  0,  0,  0,  0,  0,  0,  0,  0,  0,  0,  0,  0,  0,  8,  0,  0,  0,  0,  0,  0, ],
[ 0,  0,  0,  0,  0,  0,  0,  0,  0,  0,  0,  0,  0,  0,  0,  0,  0,  0,  0,  0,  0,  0,  0,  0, ],
[ 0,  0,  4,  0,  0,  0,  0,  0,  5,  1,  0,  0,  1,  0,  0,  0,  0,  0,  0,  5,  0,  0,  0,  0, ],
[ 0,  0,  0,  0,  0,  0,  0,  0,  0,  2,  0,  0,  0,  9,  1,  0,  0,  0,  0,  0,  0,  0,  0,  0, ],
[ 0,  0,  0,  0,  0,  0,  0,  0,  0,  0,  0,  0,  0,  0,  0,  0,  0,  0,  8,  0,  0,  0,  4,  0, ],
[ 0,  8,  6,  0, 11,  0,  0,  0,  0, 11,  0, 13,  0,  9,  0,  0, 12,  0,  4,  0,  0,  0,  0,  0, ],
[ 0,  0,  0,  0,  0,  0,  0,  0,  0,  0,  0,  0,  0,  0,  0,  0,  0,  0,  7,  0,  0,  0,  0,  0, ],
[ 0,  0,  0,  1,  0,  0,  8,  0,  0,  0,  0,  0,  0, 13,  0,  0,  0,  0,  0,  0,  0,  0,  0,  0, ],
[ 0,  0,  0,  0,  0,  0,  0,  0,  0,  0,  0,  0,  0,  0,  1,  0,  0,  0,  0,  5,  0,  0,  0, 13, ],
[ 0,  0,  0,  0,  0,  0,  0,  0,  0,  0,  6,  0,  0,  0,  0,  0,  5,  0,  0,  0,  0,  0,  0,  0, ],
[ 0,  0,  0,  0,  0,  0,  0,  0,  0,  0,  0,  0,  0,  8,  0,  0,  0,  0,  0,  0,  0,  0,  5,  0, ],
[ 0,  0,  0,  0,  0,  0,  0,  5,  0,  0,  0,  0,  8,  0,  0,  0,  0,  0,  0, 11,  0,  0,  0,  0, ],
[ 0,  0,  0,  0,  0,  0,  0,  0,  0,  0,  0,  0,  0,  0,  0,  0,  0,  0,  0,  0, 14,  0,  0,  0, ],
[ 0,  0,  0, 14,  0,  0,  0,  0,  0,  0,  0,  0,  0,  0,  0,  0,  0,  2, 13,  0,  0,  0,  0,  0, ],
[ 0,  0,  0,  0,  0,  0,  0,  0, 10,  0,  0,  0,  0,  0,  0,  0,  0,  0,  0,  0,  0,  0,  0,  0, ],
[ 0,  0,  8,  0,  0,  0,  0,  0,  0,  0,  0, 14,  0,  0,  0,  0,  0,  0,  0,  0,  0,  0,  0,  0, ],
[ 0,  0,  0,  1,  0,  0,  0,  0,  8,  0,  0,  0,  0,  0,  0,  0,  0,  0,  0,  0,  0,  0,  0,  0, ],
[ 0,  0,  0,  0,  0,  0,  0,  0,  0,  0,  0,  0,  0,  0,  0,  0,  0,  0,  0,  0,  0,  0,  0,  4, ],
[ 0,  0,  0,  0,  0,  0,  0,  0,  0,  0,  0,  0,  0,  0,  3,  0,  0,  0,  0,  0,  0,  0,  0,  8, ],
[ 0,  0,  0,  0,  0,  0,  0,  0,  0,  0,  0,  0,  0,  0,  0,  0,  0,  0,  0,  0,  0,  0,  0,  0, ],
[ 0,  0,  0,  0,  0,  0,  0,  8, 13,  0,  0,  0,  0,  0,  0, 13,  0,  0,  0,  0,  0,  0,  0,  0, ],
[ 0,  0, 10,  0,  0,  0,  0,  0,  0,  0,  0,  0,  0,  0,  0,  0,  6,  0,  0,  0,  0,  0,  0,  0, ],
[ 0,  0,  0,  0,  0,  1,  0,  0,  0,  0,  0,  0,  0,  0,  0,  0,  0,  0,  6,  0,  0,  0,  0,  0, ],
[ 0,  0,  0,  5,  0,  0,  0,  0,  0,  0, 11,  0,  0,  2, 12,  0,  6,  0,  0,  0,  0,  0,  0,  0, ],
[ 0,  0,  0,  0,  0,  0,  0,  0,  9,  0,  0,  0,  0,  0,  0,  0,  0,  2,  0,  0,  0,  0,  4,  0, ],
[ 0,  0,  0,  0,  6,  0,  0,  3,  0,  0,  0,  0,  0,  0,  0,  0,  0,  2,  0,  0,  0,  0,  0,  0, ],
[13,  0,  0,  5,  0,  0,  6,  0,  0,  0,  0,  0,  0,  0,  0,  0,  0,  0,  0,  0,  0,  0,  0,  0, ],
[ 0,  0, 13,  0,  0,  0,  0,  0,  0,  0,  0,  0,  0,  0,  0,  0,  0,  0,  0,  0,  0,  0,  0,  0, ],
[14,  0,  0,  0, 14,  0,  0,  0,  0,  0,  0,  0,  0,  0,  0,  0,  0,  0,  0,  1,  0,  0,  0,  0, ],
[ 0,  0,  0,  0,  0,  0,  0,  0,  0,  0,  0,  0,  0,  0,  0, 11,  0,  0,  0,  0,  0,  0,  0,  0, ],
[ 0,  0,  0,  0, 14,  0,  0,  0,  0,  0,  0,  0,  0,  0,  0,  0,  0,  0,  0,  3,  5,  0,  0,  0, ],
[ 0,  0,  0,  0,  0,  0,  0,  0,  8,  0,  0,  0,  0,  0,  0,  0,  0,  5,  0,  0,  0,  0,  4,  0, ],
[ 0,  0,  0,  0,  0,  0,  0,  0,  0,  0,  0,  0,  0,  0,  0,  0,  0,  0,  1,  0,  0,  0,  0,  0, ],
[ 0,  0,  0,  0,  0,  0,  0,  0,  0, 10,  0, 10,  0,  0,  0,  0,  0,  0,  0,  0,  0,  0,  0,  0, ],
[ 0,  0,  0,  0,  0,  0,  0,  0,  0,  0,  0,  0,  0,  0,  0,  0,  0,  0,  0,  0,  0,  0,  0,  0, ],
[ 0,  0,  0,  0,  0,  0,  9,  0,  0,  0,  0,  0,  0,  0,  0,  0,  0,  0,  0,  0,  0, 11,  0,  0, ],
[ 9,  0,  0,  0,  0,  0,  0,  0,  0,  0,  0,  0,  0,  0,  0,  0,  0,  0,  0,  0,  9,  0,  0,  0, ],
[ 0,  0,  0,  0,  0,  4,  0,  0,  0,  0,  0,  0,  0,  0,  0,  0,  0,  5,  0,  2,  0,  0,  0,  0, ],
[ 0,  0,  5,  0,  6,  0,  0,  0,  0,  0,  0,  0,  0,  0,  0,  0,  0,  0,  0,  0,  0,  6,  0,  0, ],
[12,  0,  5,  0,  0,  0,  0,  0, 12,  0,  0,  0,  0,  0,  0,  0,  8, 10,  0,  0,  0,  1,  0,  0, ],
[ 0,  0,  7,  5,  0,  0,  3,  0,  0,  0, 14,  0,  0, 10,  0,  0,  0,  0,  0,  0,  0,  0,  0,  0, ],
[ 0,  0,  0,  0,  0,  0,  0,  0,  0,  0,  0,  0,  0,  0,  0,  0,  0,  0,  0,  0,  0,  4,  0,  0, ],
[ 0,  6,  0,  0,  0,  0,  0,  0,  0,  0,  0,  0,  8,  0,  0,  0,  0, 10,  0,  0,  0,  0,  0,  0, ],
[ 0,  9,  0,  0,  0,  0,  0,  0,  0,  0,  0,  0,  0,  0,  0,  0,  0,  0,  0,  0,  0,  0,  0,  0, ],
[ 0,  0,  0,  0,  0,  5,  0,  0,  0,  0,  0,  0,  0,  0,  0,  0,  7,  0,  0,  0,  0,  0,  0,  0, ],
[ 0,  0, 13,  0,  3,  0,  0,  0,  0,  0,  0,  0,  1,  0,  0,  0,  0,  0,  0,  0,  0,  0,  0,  0, ],
[12,  0,  0,  0,  0,  0,  0,  0,  0,  0,  0,  0,  0,  0, 12,  9,  0,  0,  0,  0,  0,  0,  0,  0, ],
[ 3,  0,  0,  0,  0,  0,  0,  0,  0,  0,  0,  0,  0,  0,  0,  0,  0,  0,  0,  0,  0,  0,  0,  0, ],
[ 0,  0,  0,  0,  0,  0,  2,  0,  0,  0,  0,  0,  0,  0,  0,  0,  0,  0,  0,  0,  0,  0,  0,  0, ],
[ 0,  0,  0,  0,  0,  0,  0,  0,  0,  0,  0,  0,  0,  0,  0,  0,  0,  0,  0,  0,  0,  0,  0,  0, ],
[ 0,  0,  0,  0,  0,  6,  0,  0,  0,  5,  0,  0,  0,  0,  0,  0,  0,  0,  0,  0,  0,  0,  0,  0, ],
[ 0,  0,  0,  0,  0,  0,  0,  6,  0, 12,  0,  3,  0,  0,  0,  9,  0,  8, 14,  0,  0, 10,  0,  0, ],
[11,  0,  0,  0,  0,  0,  0,  0,  0,  0,  0,  0,  0,  0,  0,  0,  0,  0,  0,  0,  0,  0,  0,  0, ],
[ 0,  0,  0,  0,  0,  0,  0,  4,  0,  0,  0,  0,  0,  4,  0,  9,  0,  0,  0,  6,  0,  0,  0,  8, ],
[ 0,  0,  0,  0,  0,  0,  7,  0,  0,  9, 12,  0,  0,  0,  0,  0,  0,  0,  0,  0,  0,  0, 10,  0, ],
[ 0, 12,  0,  0,  0,  0,  0,  0,  0,  0,  0,  0,  0,  0,  0,  0,  0,  0,  0,  0,  3,  3,  0,  0, ],
[ 1,  9,  0,  0,  0,  7,  0,  0,  0,  1,  0,  0,  0, 13,  0,  0,  0,  0,  0,  0,  0,  0,  0, 14, ],
[ 0,  0,  0,  0,  0,  0,  0,  8,  0,  0,  7,  0,  9,  0,  0,  0,  0,  0,  0,  0,  0,  1,  0,  0, ],
[ 0,  0,  0,  0,  0,  0,  0,  0,  6,  0,  0,  0,  0,  0,  0,  0,  0,  3,  0,  0,  0,  0,  0, 13, ],
[ 0,  0,  0,  0,  0,  0,  2,  0,  2,  0,  0,  0,  0,  0,  0,  0,  0,  0,  0,  0,  0,  0,  0,  2, ],
[ 0,  0,  0,  0,  0,  0,  0,  1,  0, 10,  0,  0,  0,  0,  0,  0,  0,  0,  0,  0,  0,  0,  0,  0, ],
[ 0,  0,  0,  0,  0,  0,  0,  0,  0,  0,  7,  0,  0,  0,  8,  0,  0,  5,  0,  0,  0,  8,  0,  0, ],
[ 0,  0,  0,  0,  0,  0,  0,  0,  0,  0,  0,  0,  0,  0,  0,  4,  0,  0, 11,  0,  0,  0,  0,  0, ],
[ 0,  0,  0,  0,  0,  0, 12,  0,  0,  0,  0,  0,  0,  0,  0,  8,  0,  0,  0,  0,  0,  0, 11,  0, ],
[ 0,  0, 12,  0,  0,  0,  0,  0,  0,  0,  0,  0,  8,  4,  0,  0,  0,  0,  0, 14,  0, 13,  0,  0, ],
[ 0,  0,  0,  0,  0,  0, 11,  0,  0,  0,  0, 10,  0,  0,  0,  0,  0,  0,  0,  0,  0,  0,  0,  1, ],
[ 0,  7,  0,  0,  0,  0,  0,  0,  0,  0,  0,  0,  0,  0,  0,  7,  0,  0,  0,  0,  0,  0,  0,  0, ],
[ 0, 11,  0,  0,  0,  0,  0,  0,  0,  0,  0,  0,  0,  0,  0,  0,  0,  0,  0,  0,  0,  0,  9,  0, ],
[ 0,  0,  0,  0,  2,  0,  0,  0,  8,  0, 13,  0,  0,  0,  0,  0,  0,  0,  0,  0,  0,  0,  0,  0, ],
[ 0,  0,  0,  8,  0,  0,  0,  0,  0,  0,  4,  0,  0,  0,  0,  0,  0,  0,  0,  0,  0,  0,  0,  0, ],
[ 0,  0,  0,  0,  0,  0,  0,  0,  0,  0,  0,  0,  0,  0,  0,  0,  0,  0, 12,  0,  0,  0,  4,  0, ],
[ 0,  0,  0,  0,  0,  0,  0,  0,  0,  0,  0,  0,  0,  0,  0,  0,  1,  0,  0,  0,  0,  0,  0, 14, ],
[ 0,  0,  0,  0,  0,  0,  0,  0,  0,  0,  0,  0,  0,  0,  0,  0,  0,  0,  0,  0,  0,  0,  4,  0, ],
[ 0,  0,  0,  0,  0,  0,  0,  0,  0,  0,  0,  0,  0,  0,  0,  0,  0,  0,  0,  0, 10,  0,  0,  0, ],
[ 0,  8,  0,  0,  0,  0,  0,  9,  0,  0,  0,  0,  0,  0,  8,  0,  0,  0,  0,  9,  9,  0,  0,  4, ],
[ 0,  0,  0,  0,  0,  5,  0,  6,  0,  0,  0,  0,  0,  0,  0,  0,  0,  0,  0,  0,  2,  0,  0,  0, ],
[ 0,  0,  0,  0,  0,  0,  0,  4,  0,  0,  0,  0,  0,  0,  0,  0,  0,  0,  0,  0,  0,  0, 13,  0, ],
[ 0,  0,  0, 13,  0,  9,  0,  0,  0,  0,  0,  9,  0,  0,  0,  0,  0,  0,  0,  0,  0,  0,  0,  0, ],
[ 0,  0,  0,  0,  4,  0,  0,  9,  0,  0,  0,  0,  0,  0,  0,  0,  0,  0,  0,  0,  0,  0, 12,  3, ],
[ 0,  0,  0,  8,  5,  0, 10,  0,  0,  0,  0,  0,  0,  0,  2,  0,  9,  0, 14,  0,  0, 12,  5,  0, ],
[13,  0,  0,  0, 11,  0,  0,  0,  0,  0,  0,  0,  0,  0,  0,  0,  0,  0,  0,  0,  0,  0,  0,  0, ],
[ 0,  0, 11,  0,  7,  1,  0,  0,  0,  8,  5,  0,  0,  0,  0,  0,  0,  0,  0,  0,  0,  0,  0,  0, ],
[ 0,  0,  0,  0,  0,  0,  0,  0,  0,  0,  9,  0,  0,  0,  0,  0,  0,  0,  0,  0,  0,  0,  0,  0, ],
[ 0,  0,  0,  0,  0,  0,  0,  0,  0,  0,  0,  0,  0,  0,  0,  0,  0,  0,  0,  0,  0,  0,  0,  0, ],
[ 0,  0,  0,  0,  0,  0,  0,  7,  0,  0,  0,  0,  0,  0,  0,  0,  0,  0,  0,  0,  0, 13,  0,  0, ],
[ 0,  0,  0,  0,  0,  0,  0,  0,  0,  0,  0,  0,  0,  0,  0,  0,  0,  0,  0,  0,  0,  0,  0,  0, ],
[ 0,  0,  0,  0,  0,  0,  0,  0,  0,  0,  0,  0,  0,  0,  0,  0,  0,  0,  0,  0,  0,  0,  0, 11, ],
[ 9,  0,  0,  0,  0,  0,  0,  0,  0,  0,  8,  0,  0,  0,  0,  0,  0,  0,  0,  0,  0,  0,  0,  0, ],
[ 0,  0,  0,  0,  0,  0,  0,  0,  0,  0,  0,  0,  0,  0,  0,  0,  0,  0,  0,  0,  0,  0,  0,  0, ],
[ 0,  0,  0,  0,  0,  0,  0,  0,  0, 13,  0,  0,  0,  0,  0,  4,  0,  3,  0,  0,  0,  0,  0,  0, ],
[ 0,  0,  0,  0,  0,  2,  0,  0,  0,  0,  0,  0,  0,  0,  0,  0,  0,  0,  0,  0,  0,  0,  0,  0, ],
[ 0,  0,  0,  0,  7,  0,  0,  6,  0,  8,  0,  0,  0,  0,  0,  0,  0,  0,  0,  0,  0,  9,  0,  0, ],


[0.7683, -0.9825, ],
[-0.1290, -0.1787, ],
[0.0489, -0.5539, ],
[0.0279, 0.3791, ],
[0.8484, 0.9738, ],
[0.5352, -0.3880, ],
[-0.6841, 0.2249, ],
[0.1491, 0.4827, ],
[-0.1719, -0.6323, ],
[-0.3418, 0.1647, ],
[-1.0000, -0.1229, ],
[-0.1584, -0.4763, ],
[-0.5891, -0.3329, ],
[0.4443, 0.2472, ],
[0.5748, 0.5290, ],
[-0.5929, -0.1375, ],
[-0.3817, -0.4617, ],
[-0.0671, 1.0000, ],
[0.7264, -0.0547, ],
[-0.1504, -0.6969, ],
[0.6428, 0.6812, ],
[0.4203, 0.1307, ],
[0.5877, -0.1139, ],
[0.9979, -0.0752, ],
[0.7601, 0.1251, ],
[0.0282, 0.0003, ],
[-0.7200, -0.4217, ],
[0.1342, -0.4322, ],
[0.6849, 0.3780, ],
[-0.3833, 0.6308, ],
[-0.5565, 0.3463, ],
[-0.1140, 0.5591, ],
[0.6718, -0.2473, ],
[0.3628, 0.6824, ],
[0.1747, 0.1560, ],
[-0.6984, 0.1197, ],
[-0.7453, 0.0109, ],
[-0.4274, -0.3138, ],
[1.0000, 0.9702, ],
[0.9439, 0.5131, ],
[0.5101, 0.7602, ],
[0.0557, 0.3158, ],
[0.3320, 0.3743, ],
[0.3100, -0.8890, ],
[0.9960, -0.2616, ],
[0.0043, -0.1462, ],
[0.2205, 0.2164, ],
[-0.7984, -0.6199, ],
[-0.0475, -0.8329, ],
[0.7722, 0.8791, ],
[0.7969, -0.1825, ],
[0.5166, -0.4706, ],
[0.1344, -0.7793, ],
[0.0229, -0.6102, ],
[0.7060, 0.3356, ],
[0.6622, -0.3786, ],
[0.9259, -0.0185, ],
[0.4100, 0.1412, ],
[-0.8277, 0.6015, ],
[0.0425, -0.6418, ],
[0.6651, 0.2718, ],
[-0.4520, 0.1473, ],
[-0.5686, 0.0272, ],
[0.1747, 0.3426, ],
[0.9083, 0.0141, ],
[-0.0193, 0.5584, ],
[0.2930, 0.8956, ],
[0.2805, -0.5129, ],
[0.2666, 0.1479, ],
[0.7419, 0.0127, ],
[0.9546, 0.6896, ],
[0.1716, 0.4567, ],
[-0.3311, 0.2776, ],
[-0.0751, 0.3986, ],
[0.3423, 0.6899, ],
[-0.9820, -0.2645, ],
[1.0000, -0.2102, ],
[0.9785, -0.0138, ],
[0.2054, 0.1967, ],
[-0.5132, -0.2558, ],
[-0.4537, -0.7107, ],
[-0.0929, 0.7835, ],
[-0.2765, 1.0000, ],
[-0.1479, 0.8155, ],
[-0.2123, 0.1908, ],
[-0.3286, -0.3963, ],
[0.1868, 0.2866, ],
[0.6914, 0.5809, ],
[-0.1004, -0.6102, ],
[0.1087, -0.7751, ],
[-0.4157, 0.7298, ],
[0.0780, 0.9150, ],
[0.0205, -0.4812, ],
[0.8583, 0.3721, ],
[-0.6864, -0.9516, ],
[-0.6353, 0.1358, ],
[-0.6995, 0.5193, ],
[0.6893, -0.7143, ],
[0.6868, 0.3938, ],
[0.3245, 0.8196, ],


[0.0000, ],
[5.0000, ],
[22.0000, ],
[20.0000, ],
[2.0000, ],
[3.0000, ],
[4.0000, ],
[7.0000, ],
[4.0000, ],
[0.0000, ],
[8.0000, ],
[5.0000, ],
[5.0000, ],
[27.0000, ],
[3.0000, ],
[8.0000, ],
[7.0000, ],
[5.0000, ],
[5.0000, ],
[9.0000, ],
[4.0000, ],
[9.0000, ],
[4.0000, ],
[7.0000, ],
[4.0000, ],
[2.0000, ],
[5.0000, ],
[0.0000, ],
[11.0000, ],
[7.0000, ],
[4.0000, ],
[14.0000, ],
[6.0000, ],
[6.0000, ],
[9.0000, ],
[4.0000, ],
[9.0000, ],
[4.0000, ],
[8.0000, ],
[7.0000, ],
[1.0000, ],
[8.0000, ],
[0.0000, ],
[7.0000, ],
[6.0000, ],
[5.0000, ],
[8.0000, ],
[18.0000, ],
[15.0000, ],
[2.0000, ],
[10.0000, ],
[3.0000, ],
[5.0000, ],
[7.0000, ],
[11.0000, ],
[2.0000, ],
[1.0000, ],
[0.0000, ],
[5.0000, ],
[23.0000, ],
[4.0000, ],
[13.0000, ],
[14.0000, ],
[8.0000, ],
[16.0000, ],
[10.0000, ],
[9.0000, ],
[3.0000, ],
[5.0000, ],
[11.0000, ],
[6.0000, ],
[11.0000, ],
[17.0000, ],
[9.0000, ],
[6.0000, ],
[7.0000, ],
[8.0000, ],
[5.0000, ],
[6.0000, ],
[5.0000, ],
[2.0000, ],
[4.0000, ],
[17.0000, ],
[6.0000, ],
[6.0000, ],
[10.0000, ],
[11.0000, ],
[23.0000, ],
[8.0000, ],
[13.0000, ],
[3.0000, ],
[0.0000, ],
[7.0000, ],
[0.0000, ],
[4.0000, ],
[6.0000, ],
[0.0000, ],
[8.0000, ],
[1.0000, ],
[12.0000, ],


