[ 4,  0,  0,  0,  0,  0,  0,  0,  0, 10,  0,  0,  0,  9,  0,  0,  0,  9,  0,  0,  0,  0,  0,  6, ],
[ 0,  0,  0,  0,  0,  0,  0,  0,  0,  0,  0,  0,  0,  0,  0,  0,  9,  0,  0,  0,  0,  0,  0,  0, ],
[ 0,  0,  0,  0,  0,  0,  9,  0,  0,  2,  6,  0,  0,  0,  0,  0, 13, 14,  0,  0,  0,  0,  0, 14, ],
[ 0,  0,  0,  0,  0,  5,  0,  0,  0,  0,  0, 12,  0,  0,  0,  0,  0,  0,  0,  0,  0,  0,  0,  0, ],
[ 4,  0,  0,  0,  0,  0,  8,  0,  0,  9,  0,  0,  5,  0,  0,  0,  0,  0, 14,  0,  0,  0,  0,  0, ],
[ 0,  0,  0,  0,  0,  0,  0,  0,  0,  0,  0,  0,  0,  0,  9,  0,  0,  0,  0,  0,  0,  0,  0,  0, ],
[ 0,  0,  0,  0, 11, 13,  0,  9,  0,  0,  0,  8,  1,  7,  1,  4,  0,  0,  0,  0,  0,  0,  0,  5, ],
[ 0,  0,  0,  0,  0,  0,  0,  0,  6,  0, 10,  0,  0,  0,  0,  0,  0,  0,  0,  0,  0,  0,  0,  0, ],
[ 0,  3,  0,  0,  0,  0,  0,  0,  0, 13,  0,  0,  0,  0,  0,  0,  0,  0,  0,  0,  0,  0,  0,  1, ],
[ 0,  0,  3,  0,  0,  0,  0,  0,  0,  0,  0,  0,  0,  0,  0,  0,  0,  0,  0,  0,  0,  0,  0,  0, ],
[ 0,  0,  0,  0,  0,  0,  0,  0,  5,  0,  0,  0,  1,  0,  0,  0,  0,  0,  3,  5,  0,  0,  4,  0, ],
[ 0,  0,  0,  0,  0,  0,  0,  0,  0,  0,  0,  0,  0,  0,  1,  0,  0,  0,  0,  0,  0,  0,  0,  0, ],
[ 0,  0,  4,  0,  0,  0,  0,  0,  1,  0,  0,  0,  0,  0,  0,  0,  0,  0,  8,  0,  0,  0,  0,  0, ],
[ 0,  8,  0,  0,  7,  0,  0,  2,  0,  0,  0,  0,  0,  0,  0,  0,  0,  0,  4,  0,  0,  0,  0,  0, ],
[ 0,  0,  0,  0,  0,  0,  0,  0,  0,  0,  0,  0,  0,  0,  0,  0,  0,  0,  0,  0,  0,  1,  0,  0, ],
[ 0,  0,  0,  0,  0,  0,  0,  0,  0, 10,  0,  0,  0, 13,  0,  0,  0,  0,  0,  0,  2,  0,  0,  0, ],
[ 0,  8,  0,  0,  0,  0,  0,  0,  0,  0,  0,  0,  7,  0,  0,  0,  0,  0,  0,  0,  0,  0,  0,  0, ],
[ 0,  0,  0,  0,  0,  0,  0,  0,  0,  0,  0,  0,  0,  0,  0,  0,  0,  0,  0,  0,  0,  0,  0,  0, ],
[ 0,  0,  0,  0,  0,  0,  0,  0,  0,  0,  0,  0,  0,  0,  0,  2,  0,  0,  0,  0,  0,  0,  5,  0, ],
[ 0,  0,  0,  0,  0,  0,  0,  0,  0,  0,  0,  0,  0,  0,  0,  0,  0,  0,  0,  0,  0,  0,  0,  0, ],
[ 0,  0,  0,  0,  0,  0,  0,  0,  0,  0,  0,  0,  0,  0,  0, 12,  0,  0,  0,  0, 14,  0,  0,  0, ],
[ 0,  0,  0,  0,  0,  0,  0,  0,  0,  0,  0,  0,  0,  0,  0,  0,  0,  2,  0,  0,  0,  0,  0,  0, ],
[ 0,  0,  0,  0,  0,  0,  0,  0, 10,  0,  0,  0,  0,  0,  0,  0,  0,  0,  0,  0,  0,  0,  0,  0, ],
[ 0,  0,  0,  0,  0,  0,  0,  0,  0,  0, 14, 14,  0, 11,  0,  0,  0,  0,  0,  0,  0,  0,  0,  0, ],
[ 0,  0,  0,  0,  0,  0,  0,  9,  0,  0,  0,  0,  0,  0,  0,  0,  9,  0,  0,  0,  0,  0,  0,  0, ],
[ 0,  0,  0,  0,  0,  0,  0,  0, 11,  0,  0, 12,  0,  0,  0,  0,  0,  0,  0,  0,  0,  0,  0,  0, ],
[ 0,  0,  0,  0,  0,  0,  0,  0,  0,  8,  0,  0,  0,  0,  0,  0,  0,  0,  0,  0,  0,  0,  0,  0, ],
[ 6,  0,  0,  0,  0,  0,  0,  0,  0, 12,  0,  0,  0,  0,  0,  0,  9,  0,  0,  0,  6,  0,  0,  0, ],
[ 0,  0,  0,  0,  0,  0,  0,  0,  0,  0,  0,  0,  0,  0,  1,  0,  0,  0,  0,  0,  0,  0,  0,  0, ],
[ 0,  0,  0,  0,  0,  0,  0,  0,  0,  0,  0,  0,  0,  0,  0,  0,  0,  0,  0,  0,  0,  0,  0,  0, ],
[ 0,  0,  0,  0,  0,  0,  0,  0,  0,  0,  2,  0,  0,  0,  0,  0,  0,  0,  0,  0,  0,  0,  0,  0, ],
[ 0,  0,  0,  5,  0,  0,  0,  0,  0,  0, 11,  0,  0,  2,  0,  0,  0,  0,  0,  0,  0,  0,  0,  0, ],
[ 0,  0,  0,  0,  0,  0,  0,  0,  0,  0,  0,  0,  0,  0,  5,  0,  0,  0,  0,  0,  0,  0,  0,  0, ],
[ 0,  0,  0,  0,  6,  0,  0,  5,  0,  0,  0,  0,  0,  0,  0,  0,  0,  0,  0,  0,  0,  0,  0,  0, ],
[ 0,  0,  0,  0,  0,  0,  0,  0,  4,  0,  8,  0,  0,  0,  0,  0,  0,  0,  0,  0,  0,  0,  0,  0, ],
[ 0,  4,  0,  0,  0,  0,  4,  0,  0,  0,  0,  0,  0,  0,  0,  0,  0,  0,  0,  0,  0,  0,  0,  0, ],
[ 0,  0,  0,  0,  0,  0,  0,  6,  0,  0,  0,  0,  3,  0,  0,  0,  9,  0,  0,  0,  0,  0,  0,  0, ],
[ 0,  0,  0,  0,  0,  0,  0,  0,  0,  0, 10,  0,  0,  0,  1,  0,  0,  0,  0, 12,  0,  0,  0,  0, ],
[ 0,  0,  0,  1,  0,  0,  0,  0,  0,  0,  0,  0,  0,  0,  0,  0,  0,  0, 14,  0,  9,  0,  0,  0, ],
[ 0,  0,  0,  0,  0,  0,  0,  0,  0,  0,  0,  0,  0,  0,  0,  0,  0,  0,  0,  0,  0,  0,  0,  0, ],
[ 0,  0,  0,  0,  0,  0,  0,  0,  0,  0,  0,  0,  0,  0,  0,  5,  4,  0,  0,  7,  0,  0,  0,  0, ],
[ 0,  0,  0,  0,  0,  0,  0,  0,  0, 10,  0, 10,  0,  0,  0,  0,  0,  0,  0,  0,  0,  0,  0,  0, ],
[12,  0,  0,  0,  0,  0,  0,  0,  0,  0,  0,  0,  0,  0,  0,  8,  0,  0,  0,  0,  0,  0,  0,  0, ],
[ 0,  0,  0,  0,  0,  0,  0,  0,  0, 12,  0,  0,  0, 10,  0,  0, 14,  0,  0,  0,  9,  0,  0,  0, ],
[ 0,  0,  0,  0,  0,  0,  0,  0,  0,  6, 12, 13,  0,  0,  0,  0,  0,  0,  7,  0,  0,  0,  0,  0, ],
[ 0,  0,  1,  0,  0,  0,  0,  0,  0,  0,  0,  0,  0,  0,  0,  0,  0,  0,  0,  2,  0,  8,  0,  0, ],
[14,  0,  0,  0,  0,  0,  0,  6,  5,  0,  0,  0,  0,  0,  1,  0,  0,  0,  2,  0,  0,  0,  0,  0, ],
[ 0,  0,  0,  0,  0,  0,  0,  0,  8,  0,  0,  0,  0,  0,  0, 10,  8, 10,  0,  0,  0,  0,  0,  6, ],
[ 0,  0,  0,  5, 10,  0,  0,  0,  0,  0,  0,  0,  0, 10,  0,  0,  7,  0,  0,  0,  0,  0,  0,  0, ],
[ 0,  0,  0,  0,  0,  0,  5,  0,  0,  0,  0,  0,  0,  0,  0,  0,  7,  0,  0,  0,  0,  0,  0,  0, ],
[ 0,  0,  0,  0,  0,  0, 13,  0,  0,  0,  0,  0,  0,  0,  0,  0,  0,  0,  0,  0,  0,  0,  0,  0, ],
[ 0,  0,  0,  0,  0,  0,  0,  0,  0,  0,  0,  0,  0,  0,  0,  0,  0,  7,  0,  0,  0,  0,  0,  0, ],
[ 0,  0,  0,  0,  0,  0,  0,  0,  0,  0,  0,  0,  0,  0,  0,  0,  0,  0,  0,  0,  0,  4,  0,  0, ],
[ 0,  0,  0, 14,  0,  0,  0,  1,  0,  0,  0,  0,  0,  0,  0,  0,  8,  0,  0,  0,  0, 13,  0,  0, ],
[ 2,  0,  0,  0,  0,  0,  0,  0,  0,  0,  0,  0,  0, 14,  2,  9,  9,  0,  8,  0,  0,  0,  0,  3, ],
[ 0,  0,  9,  0,  0,  0,  0,  0,  0,  0,  0,  0, 10,  0,  0,  0,  0,  0,  0,  0,  0,  0,  0,  0, ],
[ 0,  0,  0, 11,  0,  0,  0,  0, 10,  0,  7,  2,  0,  0,  0, 11,  0,  0,  0,  0,  0,  0,  0,  0, ],
[ 0,  0,  0,  0,  0,  0,  0,  0,  0,  0,  0,  0,  0,  0,  0,  0,  0,  0,  0,  0,  0,  0,  0,  0, ],
[ 0,  6,  0,  0,  0,  0,  0,  0,  0,  5,  0,  0,  8,  0,  0,  0,  3,  0,  0,  0,  0,  0,  0,  0, ],
[ 0,  0,  0,  0,  0,  0,  0,  0, 13,  0,  0,  0,  0,  0,  0,  9,  0,  0,  0, 10,  0,  0, 11,  0, ],
[ 0,  0,  0, 14,  8,  0,  0,  0,  0,  3,  0,  0,  0,  0,  4,  0,  6,  0,  0,  0,  0,  7,  0,  0, ],
[ 0,  0,  0,  8,  0,  0,  0,  0,  0,  0,  0,  0,  6,  0,  0,  0,  0,  5,  0,  0,  0,  0,  7,  0, ],
[ 0,  0,  0,  0,  0,  0,  0,  0,  0,  9, 12,  0,  0,  0,  0,  0,  0, 14,  0,  0,  0,  0, 10,  3, ],
[ 0,  0,  0, 12,  1,  0,  0,  0,  0,  0,  4,  0,  0,  0,  0,  0,  0,  0,  0,  0, 12,  0,  0,  0, ],
[ 0,  0,  0,  0,  0,  7,  0,  0,  0,  0,  0,  0,  0,  0,  0,  0,  0,  0,  0,  0,  0,  4,  0,  0, ],
[ 0,  0,  0,  0,  0,  0,  0,  0,  0,  0,  0,  0,  0,  0,  0,  0,  0,  0,  0,  0,  0,  0,  0,  0, ],
[ 0,  0,  0,  0,  0,  0,  0,  0,  0,  0,  0,  0,  0,  0,  0,  0,  0,  0,  0,  0,  0,  0,  0, 13, ],
[ 0,  0,  0,  0,  0,  0,  0,  0,  2,  0,  3,  0,  0,  0,  0,  8,  0,  0,  0,  0,  0,  0,  0,  2, ],
[ 0,  0,  0,  0,  0,  0,  0,  0,  0,  0,  0,  0,  0,  0,  0,  0,  0,  0,  0, 12,  0,  0,  0,  0, ],
[ 0,  0,  5,  0,  0,  0,  0,  0,  0,  0, 11,  0,  0,  0,  0,  1,  0,  8,  0,  0,  0,  8,  0,  0, ],
[ 0,  0,  0,  0, 11,  0,  3,  0,  0,  0,  0,  0,  0,  0,  0, 11,  0,  0,  0,  0,  3,  0,  0,  0, ],
[ 0,  0,  0,  0,  0,  0,  0,  0,  0,  0,  2,  0,  0,  0,  0,  0,  0,  0,  0,  0,  0,  0,  0,  0, ],
[ 0,  0,  0,  0,  0,  0,  0,  0,  0,  0,  0,  0,  2,  0, 14,  0,  0,  0,  0, 14,  0,  0,  0,  0, ],
[ 0,  0,  0,  0,  0,  0,  0,  0,  0,  0,  0,  0,  0, 10,  0,  0,  0,  0,  0,  0,  0,  0,  0,  0, ],
[ 0,  7,  0,  0,  0,  0,  0,  0,  0,  0,  0,  0,  0,  0,  0,  7,  0,  0,  0,  0,  0,  0,  0,  0, ],
[ 0,  0,  0,  0,  0,  0,  0,  0,  0,  5,  0,  0,  0,  0,  0,  0,  4,  0,  0,  0,  0,  0,  0,  0, ],
[ 0, 14,  0,  0,  0,  0,  0,  0,  8,  0, 13,  0,  0,  0,  0,  0,  0,  0,  0,  0,  0,  0,  0,  0, ],
[ 0, 10,  0,  0,  0,  0,  0,  0,  0,  0,  0,  0,  1,  0,  0,  0,  0,  0,  0,  0,  0,  3,  0,  0, ],
[ 0,  0,  0,  0,  0,  0,  8,  0,  0,  0,  0,  0,  0,  0,  0,  1,  0,  0,  0,  0,  0,  0,  0,  0, ],
[ 0,  0,  0,  2,  0,  0,  0,  0,  0,  0,  0,  0,  0,  0,  0,  0,  1,  0,  0,  5,  0,  0,  0,  0, ],
[ 0,  0,  0,  0,  0,  0,  0,  0,  0,  0,  0,  0,  0,  0,  1,  0,  0,  0,  0,  0,  0,  0,  0,  0, ],
[ 0,  9,  4,  0,  0, 14,  0,  9,  0,  0,  0,  0,  0,  0,  0,  0,  0,  0,  0,  0,  0,  0,  0,  0, ],
[ 0,  0,  0,  0,  0,  9,  0, 11,  0,  0,  0,  0,  0,  0,  0,  0, 11,  0,  8,  0,  0,  0,  0,  0, ],
[ 0,  0,  9,  6,  0,  5,  0,  0,  0,  0,  0,  0,  0,  0,  0,  0,  0,  0,  0,  0,  0,  0,  0,  0, ],
[ 0,  0,  0,  0,  0,  0,  0,  0,  0,  0,  0,  0,  0,  0,  0,  0,  0,  0,  0,  0,  0,  0,  0,  0, ],
[ 0,  0,  0, 13,  0,  0,  0,  0,  0,  0,  0,  9, 12,  0,  0,  0,  0,  0,  0,  0,  0,  0,  0,  0, ],
[ 0,  0,  0,  0,  1,  0,  0,  0,  0,  0,  0,  2,  0,  0,  0,  0,  0,  0,  0,  0,  0,  0,  0,  3, ],
[ 0,  0,  0,  0,  0,  0,  0,  0,  0,  6,  0,  0,  0,  0,  2,  0,  0,  0,  9,  0,  0,  0,  0,  0, ],
[ 0,  0,  0,  0,  0,  0,  1,  0,  0,  0,  0,  3,  0,  0,  0, 11,  0,  0,  0,  0,  0,  0,  0,  0, ],
[ 0,  0, 11,  0,  7,  0,  0,  0,  0,  0,  0,  0,  0,  0,  0,  0,  7,  0,  0,  0,  0,  0,  0,  0, ],
[ 0,  0,  0,  0,  0,  0,  0,  0,  0,  0,  6,  0,  0,  0,  0,  0,  0,  0,  0,  0,  0,  0,  0,  0, ],
[ 0,  0,  0,  0,  0,  0,  0,  0,  0,  0,  0,  0,  0,  0,  0,  0,  0,  0,  0,  0,  0,  0,  0,  0, ],
[ 0,  0,  0,  0,  0,  0,  0,  0,  0,  0,  0,  0,  0,  0,  0,  0,  8,  0,  0, 10,  7,  0,  0,  0, ],
[ 0,  8,  0,  0,  0,  0,  0,  0,  0,  0,  0,  0,  0,  0,  0,  0,  0,  0,  0,  0,  0,  0,  0,  0, ],
[ 0,  0,  0,  0,  0,  0,  0,  5,  7,  0,  0,  0,  0,  0,  3,  0,  0,  0,  0,  0,  0,  0,  0, 11, ],
[ 0,  0,  0,  0, 11,  0,  0,  0,  0,  0,  0,  0,  0,  0,  0,  0,  0,  0,  0,  0,  0,  0,  0,  0, ],
[ 0,  0,  0,  0,  0,  0,  0,  0,  0,  0,  0,  0,  0,  0,  0,  0,  0,  0,  0,  0,  0,  0,  0,  0, ],
[ 0, 12,  0,  3,  0,  0,  0,  0,  0,  0,  0,  0,  0,  0,  0,  0,  0,  0,  0,  0,  0,  0,  0,  0, ],
[ 0,  0,  1,  0,  0,  0,  0,  0,  0,  0,  0,  0,  0,  0,  0,  0,  0,  0,  8,  0,  0,  0,  0,  0, ],
[ 0,  0,  0,  0,  8,  0,  4,  6,  0,  0,  0,  0,  0,  0,  0,  0,  0,  0,  0,  0,  0,  0,  0,  0, ],


[0.9334, -0.9825, ],
[-0.0800, -0.2069, ],
[-0.0241, -0.4578, ],
[-0.0419, 0.0413, ],
[0.8679, 0.9123, ],
[0.6093, -0.0777, ],
[-0.6841, 0.6104, ],
[0.1422, 0.3203, ],
[-0.1719, -0.6367, ],
[-0.3335, 0.2671, ],
[-0.7752, 0.0284, ],
[-0.0702, -0.3842, ],
[0.3846, -0.7918, ],
[0.5826, 0.8290, ],
[0.4305, 0.5290, ],
[-0.6361, -0.1375, ],
[-0.3561, -0.4323, ],
[-0.0442, 0.8329, ],
[0.2117, -0.0547, ],
[0.5284, -0.8517, ],
[0.7698, 0.6382, ],
[0.2961, 0.0041, ],
[0.6455, -0.1775, ],
[1.0000, -0.2645, ],
[0.8097, 0.0987, ],
[0.2180, -0.0426, ],
[-1.0000, -0.4214, ],
[0.1396, -0.6733, ],
[0.6849, 0.1434, ],
[-0.4029, -0.5838, ],
[-0.5938, 0.3850, ],
[-0.0150, 0.5733, ],
[0.5390, -0.2752, ],
[0.4285, 0.6102, ],
[0.1747, 0.6937, ],
[0.0334, 0.1971, ],
[0.5075, 0.1338, ],
[-0.3066, -0.3138, ],
[1.0000, 0.9702, ],
[0.8271, 0.4709, ],
[0.4611, -1.0000, ],
[0.0451, 0.2151, ],
[0.3320, 0.4153, ],
[0.3531, -0.7468, ],
[0.9715, -0.2164, ],
[0.2136, 0.8498, ],
[0.2130, -0.2675, ],
[-0.4330, -0.6199, ],
[-0.1486, -0.6122, ],
[0.7624, 0.7292, ],
[0.5829, -0.1825, ],
[-0.0351, -0.4706, ],
[0.1344, -0.7894, ],
[-0.4150, -0.6759, ],
[-0.5023, 0.3399, ],
[0.6900, -0.2885, ],
[0.4921, -0.0185, ],
[-1.0000, 0.1412, ],
[-0.6554, 0.4716, ],
[0.2326, -0.5871, ],
[0.3085, 0.1550, ],
[-0.5620, 0.2344, ],
[-0.6715, 0.1695, ],
[0.4782, 0.0836, ],
[1.0000, 0.0141, ],
[-0.1536, -0.8678, ],
[0.2930, 0.3581, ],
[0.3649, -0.7539, ],
[0.3206, 0.1008, ],
[0.7160, -0.0283, ],
[-0.3849, 0.5346, ],
[0.3184, 0.3853, ],
[-0.3311, 0.3290, ],
[-0.1339, 0.4508, ],
[-0.6199, 0.6899, ],
[-1.0000, -0.2645, ],
[0.8851, -0.4425, ],
[1.0000, -0.0138, ],
[0.2186, 0.1335, ],
[1.0000, -0.2558, ],
[-0.3575, -0.9912, ],
[-0.0929, 0.7391, ],
[-1.0000, 0.9696, ],
[-0.5096, 0.8465, ],
[-0.2652, 0.1552, ],
[-0.3286, -0.3963, ],
[0.1123, 0.4968, ],
[1.0000, 0.4965, ],
[-0.1857, -0.6787, ],
[0.6123, -0.1680, ],
[-0.5329, -0.2380, ],
[0.0156, 0.9150, ],
[0.0165, 0.6049, ],
[0.5297, 0.2076, ],
[-0.1560, -0.8406, ],
[-0.6353, 0.0586, ],
[-0.7111, 0.5193, ],
[0.3539, 0.2938, ],
[0.7385, 0.3450, ],
[0.2274, -0.8370, ],


[15.0000, ],
[3.0000, ],
[19.0000, ],
[6.0000, ],
[14.0000, ],
[3.0000, ],
[23.0000, ],
[7.0000, ],
[7.0000, ],
[2.0000, ],
[9.0000, ],
[1.0000, ],
[6.0000, ],
[9.0000, ],
[1.0000, ],
[9.0000, ],
[6.0000, ],
[0.0000, ],
[3.0000, ],
[0.0000, ],
[8.0000, ],
[1.0000, ],
[4.0000, ],
[12.0000, ],
[6.0000, ],
[8.0000, ],
[3.0000, ],
[13.0000, ],
[1.0000, ],
[0.0000, ],
[1.0000, ],
[7.0000, ],
[2.0000, ],
[5.0000, ],
[5.0000, ],
[4.0000, ],
[8.0000, ],
[9.0000, ],
[8.0000, ],
[0.0000, ],
[7.0000, ],
[8.0000, ],
[7.0000, ],
[15.0000, ],
[14.0000, ],
[5.0000, ],
[11.0000, ],
[17.0000, ],
[13.0000, ],
[5.0000, ],
[4.0000, ],
[3.0000, ],
[2.0000, ],
[12.0000, ],
[17.0000, ],
[7.0000, ],
[16.0000, ],
[0.0000, ],
[10.0000, ],
[15.0000, ],
[17.0000, ],
[11.0000, ],
[17.0000, ],
[11.0000, ],
[5.0000, ],
[0.0000, ],
[4.0000, ],
[7.0000, ],
[4.0000, ],
[13.0000, ],
[12.0000, ],
[1.0000, ],
[9.0000, ],
[4.0000, ],
[6.0000, ],
[4.0000, ],
[11.0000, ],
[7.0000, ],
[4.0000, ],
[4.0000, ],
[1.0000, ],
[12.0000, ],
[14.0000, ],
[8.0000, ],
[0.0000, ],
[11.0000, ],
[4.0000, ],
[7.0000, ],
[7.0000, ],
[10.0000, ],
[3.0000, ],
[0.0000, ],
[10.0000, ],
[3.0000, ],
[11.0000, ],
[4.0000, ],
[0.0000, ],
[6.0000, ],
[4.0000, ],
[8.0000, ],


