[ 4,  0,  0,  0,  0,  0,  0,  0,  0,  0,  0,  0,  8,  0,  0,  0,  0,  0,  0,  0,  0,  0,  0,  0, ],
[ 0,  0,  0,  0,  0,  0,  0,  0,  0,  0,  0,  0,  0,  0,  0,  3,  0,  0,  0,  0,  0, 10,  0,  0, ],
[ 0,  0,  0,  1,  1,  6,  9,  0,  0,  0,  0,  0,  0,  0,  0,  0,  0,  0,  0,  0,  0,  0,  0,  0, ],
[ 0,  0,  0,  0,  0,  0,  0,  0,  4,  0,  0,  0,  0,  0,  0,  1,  0,  0,  0,  0,  0, 11,  0,  0, ],
[ 0,  0,  0,  0,  0,  0,  0,  0,  0,  0,  0,  0,  0,  0,  1,  0,  0,  0,  0,  0,  0,  2,  0,  0, ],
[ 0,  0,  0,  0,  5,  0,  0,  0,  0,  1,  0,  0,  0,  0,  0,  0,  0,  0,  0,  0,  1,  1,  0,  0, ],
[ 0,  0,  0,  0,  0,  0,  0,  0,  0,  0,  0,  0,  0,  0,  0,  0,  0,  0,  0,  0, 12,  0,  0,  0, ],
[ 0,  0,  0,  0,  0,  0,  0,  0,  0,  0,  0,  0,  0,  0,  0,  0,  0,  0,  0,  0,  0,  0,  0,  0, ],
[ 0,  0,  2,  0,  0,  0,  0,  0,  0,  0,  0,  0,  0,  0,  0, 12,  0,  0,  0,  0,  0,  0,  0,  0, ],
[ 0,  0,  0,  0,  3,  0,  0,  0,  7,  0,  0,  0,  0,  0,  0,  0,  0,  0,  0,  3,  0,  7,  0,  0, ],
[ 0,  0,  0,  0,  0,  0, 12, 13,  0,  0,  0,  0,  0,  0,  0,  0,  0,  0,  0,  0,  0,  0,  0,  0, ],
[ 0,  0,  0,  0,  0,  0,  0,  0,  0,  0,  0,  0,  0,  0,  3,  0,  2,  0,  0,  0,  0,  0,  0,  0, ],
[ 0,  0,  0,  0,  0,  0,  0,  0,  0,  0,  0,  0,  0,  0,  0,  0,  0,  0,  8,  0,  0,  0,  0,  0, ],
[ 0,  0,  0,  0,  0,  0,  0,  0,  0,  0,  0, 12,  0,  0,  2,  0,  0,  0,  0,  0,  0,  0,  0,  0, ],
[ 0,  0,  0,  0,  0,  0,  0,  0,  0,  0,  0,  0, 13,  0,  0,  0,  0,  0,  0,  0,  0,  0,  0,  0, ],
[ 0,  0,  5,  0,  0,  0,  0,  0,  0,  0,  0,  0,  0,  0,  0,  0,  0,  0,  0,  0,  0,  0,  0,  0, ],
[ 0,  0,  0,  0,  0,  0,  0,  0,  0,  0,  0,  0,  9,  0,  2,  0,  0,  0,  6,  0,  0,  0,  0,  0, ],
[ 0,  0,  0,  0,  0,  0,  0,  0,  8,  0,  0,  0,  9,  0,  0,  0,  0,  0,  0,  0,  0,  0,  0,  0, ],
[ 0,  0,  0,  0,  0,  0,  0,  0,  0,  4,  0, 12,  7,  0,  0,  2,  0,  0,  0,  0,  0,  0,  0,  0, ],
[ 0,  0, 11,  0,  0,  0,  6,  0,  0,  0,  0,  0,  0,  5,  0,  0,  0, 10,  0,  0,  0,  0,  0,  0, ],
[ 0,  0,  0, 13,  0,  0,  0,  0,  2,  0,  0,  0,  0,  0,  0,  0,  0,  0,  0,  0,  0,  4,  0,  0, ],
[ 0, 12,  0,  0,  0,  0,  0,  0,  0,  0,  0,  0,  0,  0,  0,  0,  0,  0, 13,  0,  0,  0,  0,  0, ],
[ 0,  0,  0,  0,  0, 12,  0,  0,  0,  0,  0,  0,  0,  0,  0,  6,  0,  0,  0,  0,  0,  0,  0,  7, ],
[ 0,  0,  0,  0,  0,  0,  0,  0,  0,  0,  0,  0,  0,  0,  0, 11,  0,  0,  0,  0,  0,  0,  0,  0, ],
[ 0,  0,  0,  0,  0,  0,  0,  0,  8,  0,  0,  0,  0,  0,  0,  0,  0,  0,  0,  0,  0,  0,  0,  9, ],
[ 0,  8,  5,  0,  0,  0,  0,  0,  0,  0,  0,  0,  0,  0,  0,  0,  0,  0,  0,  0,  0,  0,  0,  7, ],
[ 0,  0,  7,  0,  0,  6,  0,  0,  0,  8,  0,  0,  0,  0,  1,  0,  3,  0,  0,  0,  0,  0,  0,  0, ],
[ 0,  0,  0,  0, 10,  0,  0,  4,  0,  0,  0,  0,  9,  0,  0,  0,  0,  0,  0,  0,  0, 13,  0,  0, ],
[ 0,  0,  0,  0,  0,  0,  0,  0,  0,  0,  0,  0,  0,  0,  6,  0,  0,  1,  0,  0,  0,  0,  0,  0, ],
[ 0,  0,  0,  0,  0,  0,  0,  0,  0, 10,  0,  0,  0,  0,  0,  0, 12,  0,  0,  0,  0,  0,  0,  0, ],
[ 0,  0,  0,  0,  0,  0,  0,  0,  0,  0,  0,  0,  6,  0,  0,  0,  0,  7, 14,  0,  0,  0,  0,  0, ],
[ 0,  0,  0,  0, 14,  0,  0,  0,  0, 11,  0,  0,  0,  0,  0,  0,  0,  0,  0,  0,  0,  0,  0,  0, ],
[ 0,  0,  0,  0,  0,  4,  0,  0,  0,  0,  0,  0,  0,  0,  0,  0,  0,  0,  0,  0,  0, 14,  6,  0, ],
[ 0,  0,  0,  3,  0,  0,  0,  0,  0,  0,  0,  0,  4,  0,  0,  0,  0,  2,  0,  0,  0,  3,  0,  0, ],
[ 0,  0,  0,  0,  0,  0,  0,  0,  0,  0,  0,  0,  0,  0,  3,  0,  0,  0,  0,  0,  0,  0,  0,  0, ],
[ 0,  0,  0,  0,  0,  0,  0,  0,  0,  0,  0,  0,  0,  0,  0,  0,  0,  0,  0,  0,  6,  0,  0, 13, ],
[ 7,  0,  0,  0,  0, 10,  0,  0,  0,  0,  0,  0,  0,  0,  0,  0,  0,  0,  0,  0,  0,  0,  0,  0, ],
[ 0,  0,  0,  0,  0,  0,  0,  0,  0,  0,  0,  0,  0,  0,  0,  0,  0,  3,  8,  0,  0,  0,  0,  0, ],
[ 0,  0,  0,  0,  0,  0,  0,  0,  0,  0,  0,  8,  0,  0,  0,  0,  0,  0,  0,  0,  0,  0,  0,  0, ],
[ 0,  0,  0,  0,  0,  0,  0,  0,  0,  0,  0,  0,  0,  0,  0,  0,  0,  0,  0,  0,  0,  0,  0,  0, ],
[ 0,  0,  0,  0,  0,  2,  0,  1,  0,  0,  0,  0,  0,  0,  0,  0,  0,  0,  0,  0,  0,  0,  2,  0, ],
[ 0,  0,  0,  0,  0,  0,  0,  0,  0, 10,  0, 10,  0,  0,  0,  0,  0,  0,  0,  0,  0,  0,  0,  0, ],
[ 0,  0,  0,  0,  0,  2,  0,  0,  0,  0,  0,  0,  0,  0,  0,  0,  0,  5,  0,  0,  0,  0,  0,  0, ],
[ 0,  0,  0, 12,  0,  0,  0,  0,  0, 12,  0,  0,  0,  0,  0,  0,  0,  0,  0,  0,  0,  0,  0,  0, ],
[ 0,  0,  0,  0,  2,  9,  0,  0,  0,  0,  0,  0,  0,  0,  0,  0,  0,  0,  7,  0,  0,  0,  0,  0, ],
[ 0,  0,  0,  0,  0,  0,  0,  0,  0,  0,  0,  0,  0,  0,  0,  0,  0,  0,  0,  0,  0,  0,  1,  0, ],
[ 0,  0,  0,  0,  0,  0,  0,  0,  0,  5,  0,  4,  0,  0,  0,  0,  0,  0,  0,  0,  0,  3,  0,  0, ],
[ 0,  0,  0,  0,  0,  0,  0,  0,  0, 11,  0,  0,  0,  0,  0,  5,  0,  0,  0,  0,  0,  0,  0, 10, ],
[ 0,  0,  0,  8,  0,  0,  3,  0,  0,  0,  0,  0,  0,  0,  0, 13,  0,  0,  0,  1,  0,  0,  0, 10, ],
[ 0,  0,  0,  0,  0,  0,  0,  0,  0,  0,  0,  0,  7,  0,  0,  0,  0,  0,  0,  0,  0,  0,  0,  7, ],
[ 0,  0,  0,  0,  0,  0,  0,  0,  0,  0,  0,  0, 11,  0,  0,  0,  0,  2,  0,  0, 13,  0,  3,  0, ],
[ 0,  0,  0,  0,  0,  0,  0,  0,  0,  0,  0,  0,  0,  5,  0,  0,  0,  0,  0,  0,  0,  0,  7,  0, ],
[ 0,  3,  0,  0,  0,  0,  0,  0,  0, 11,  0,  0,  0,  0,  0, 14,  0, 12,  0,  0,  0,  0,  0,  0, ],
[ 0,  0,  0,  0,  0,  0,  0,  0,  0, 11,  0,  0,  0,  3,  0,  0,  8,  0,  0,  0,  0,  7,  0,  3, ],
[ 0,  0,  0,  0,  0,  0,  0,  0,  0,  0,  0,  0,  0,  0,  0,  0,  0,  0,  0,  0,  8,  0,  0,  0, ],
[ 0,  0,  0,  0,  0,  0,  0,  0,  0,  0,  0, 14,  0,  0,  0,  0,  0,  0,  0,  7,  0,  0,  0,  0, ],
[ 0,  0,  0,  0, 13,  0,  0,  0,  0,  0,  0,  2,  0,  0,  0,  0,  0,  0,  0,  0,  0,  0,  0,  3, ],
[ 0,  0,  0,  0,  0,  0,  0,  0,  0,  0,  1,  0,  0,  0,  0,  0,  0,  0,  0,  8,  0,  0,  0,  0, ],
[ 0,  0,  0,  0,  0,  0,  0,  0,  0,  0,  0,  0,  0,  0,  0,  0,  0,  0,  0,  0,  0,  0,  0,  0, ],
[ 0,  0,  6,  0,  0,  0,  0,  0,  9,  0,  0,  0,  0,  1,  0,  0,  0,  0,  0,  0,  0,  0,  0,  0, ],
[ 0,  0,  0,  0,  0, 14,  0,  0,  0,  0,  0,  0,  0, 11,  0,  0,  0,  0,  0,  0,  0,  0,  0,  0, ],
[ 0,  0,  0,  0,  0,  0,  0,  0,  0, 14,  9,  0,  0,  0,  4,  0,  0,  0,  0,  0,  0,  0,  0, 13, ],
[ 0,  0,  0,  0,  0,  0,  0,  0,  0,  0,  0,  0,  0,  0,  0,  0,  0,  0,  0,  0,  0,  0,  0,  0, ],
[ 0,  0,  0,  0,  0,  0,  0,  0,  0,  0,  0,  0,  0,  0,  0,  0,  0,  0,  0,  0,  3,  0, 10,  0, ],
[ 0,  0,  0,  0,  0,  0,  0,  0,  0,  4,  0,  0,  0,  0,  0,  0,  0,  0,  0,  0,  0,  4,  0,  0, ],
[ 0,  0,  0,  0,  0,  0,  0,  4,  7,  0,  0,  0,  0,  0,  0,  0,  0,  0,  0,  0,  0,  0,  0,  0, ],
[ 0,  0,  0,  0,  0,  0,  0,  0,  0,  0,  0,  0,  0,  0,  0,  0,  0,  0,  0,  0,  0,  0,  0,  0, ],
[ 5,  0,  0,  0,  0,  0,  0,  0,  0,  0,  0,  0,  0,  2,  0,  0,  0,  0,  0,  0,  0,  0,  0,  0, ],
[ 0,  7,  0,  0,  0,  0,  0,  0,  0,  0,  0,  0,  0,  3,  0,  0,  0,  0,  0,  0,  0,  0,  0,  0, ],
[ 0,  0,  0,  0,  0,  0,  0,  0,  0,  0,  0,  0,  0,  0,  5,  0,  0,  0,  0,  0,  0,  0,  0,  0, ],
[ 0,  0,  0,  2,  1,  0,  0,  0,  0,  0,  0,  1,  0,  0,  0,  0,  0,  0,  0,  0,  0,  0,  0,  0, ],
[ 0,  0,  0,  0,  0,  0,  0,  0,  0, 10,  0,  0,  0,  0,  0,  0,  0,  0,  0,  0,  0,  9,  0,  5, ],
[ 0,  0,  0,  0,  0,  0,  0,  0,  0, 13,  2,  0,  0,  0,  0,  0,  0,  0,  0,  0,  0,  0,  0,  0, ],
[ 0,  0,  2,  0,  0,  0, 13,  0,  0,  0,  0,  0,  0,  0,  0,  0,  0,  0,  0,  0,  1,  0,  0,  0, ],
[ 0,  0,  0,  0,  0, 14,  0,  0,  0,  8,  0,  0,  0,  0,  0,  0,  0,  0,  0,  0,  0,  0,  0,  0, ],
[ 0,  0, 10,  0,  0,  0,  6,  0,  0,  0,  7,  0,  0,  0,  4, 12,  0,  0,  0,  0,  0,  0,  0,  0, ],
[ 0,  0,  0,  0,  9,  0,  0,  4,  0,  0,  0,  0,  0,  0,  0,  0,  0,  0,  4,  9,  1,  5,  1,  0, ],
[ 0,  0,  0,  0,  0,  0,  0,  0,  0,  0,  0,  0,  0,  0,  0,  0,  0,  0,  0,  0,  0,  0,  0,  0, ],
[ 0,  0,  1,  0,  0,  0,  0,  0,  0,  0,  0,  0,  0,  0,  6,  0,  0,  0,  0, 10,  0,  0,  0,  0, ],
[ 9,  0,  6,  0,  0,  1,  0,  0,  0,  0,  0,  0,  0,  0,  0,  0,  0,  0,  0,  0,  0,  0,  0,  0, ],
[ 0,  0,  0,  0,  0,  0,  0,  0,  0,  0,  0,  0,  0,  0,  0,  0,  0,  0,  0,  9, 11,  0,  0,  0, ],
[ 0,  0,  0,  0,  0,  0,  0,  0,  0,  0,  0,  9,  0,  0,  0,  0,  0,  0,  0,  0,  0,  0,  0,  0, ],
[ 0,  0,  0,  0,  0,  5,  0,  9,  0,  0,  0,  0,  0,  0,  0,  0,  0,  0,  0,  0,  6,  0,  0,  0, ],
[ 0,  0,  0,  0,  0,  0,  0,  0,  0,  0,  0,  0,  0,  5,  9,  0,  0,  0,  0,  0,  0,  0,  0,  2, ],
[ 0,  0,  0,  0, 10,  0,  0,  0,  0,  0,  0,  0,  0,  0,  0,  0,  0,  5,  0,  0,  9,  0,  0,  0, ],
[ 0,  0,  0,  0,  0,  0,  4,  0,  0,  9,  0,  0,  0,  0,  0,  0,  0,  0,  0,  0,  0,  0,  0,  0, ],
[ 0,  0,  0,  0,  0,  0,  0,  0,  0,  0, 12,  0,  0,  0,  0,  1,  0,  0,  0,  0,  0,  0, 14,  0, ],
[ 0,  0,  0,  0,  0,  0,  0,  0,  0,  0,  0,  0,  0,  0,  0,  0,  0,  0,  0,  0,  0,  0,  0,  0, ],
[ 0,  0,  0,  0,  0,  0,  0,  0,  0,  0,  0,  0,  0,  0,  0,  0,  0,  0,  0,  0,  0,  0,  0,  0, ],
[ 0,  1,  0,  0,  0,  0,  0,  0,  0,  2,  0,  0,  9,  0,  0,  0,  0,  0,  0, 12, 13,  0,  0,  0, ],
[ 0,  0,  0,  0,  0,  0,  0,  0,  0,  0,  0,  0,  0,  0,  0,  0,  0,  0,  0,  0,  0,  2,  0,  0, ],
[10,  0,  0,  0,  0, 14,  0,  0,  0,  0,  0,  0,  0,  0,  0,  0,  0,  0,  0,  0,  0,  0,  0,  0, ],
[ 0,  0,  1,  0,  0,  0,  0,  0,  0,  0,  0,  0,  0,  0,  0,  0,  0,  0,  0,  0,  6,  0,  0,  0, ],
[ 0,  0,  0,  0,  0,  0,  0,  0,  0,  0,  0,  0,  0,  0,  0,  0,  0,  0,  0,  0,  0,  0,  0,  0, ],
[ 0,  0,  4,  0,  0,  0,  0, 10,  7,  0,  0,  0,  0,  0,  0,  0, 14,  0,  0,  0,  0,  0,  0,  0, ],
[ 0,  0,  0,  0,  0,  0,  0,  8,  0,  0,  0,  0,  0,  0,  0,  0,  0,  0,  0,  0, 11,  0,  0,  0, ],
[ 0,  0,  0,  0,  0,  0,  0,  0,  0,  0,  1,  2,  0, 12,  0,  0,  0,  0,  0,  0,  0,  0,  0,  0, ],
[ 0,  7,  0,  0,  2,  0,  0,  0,  0,  0,  0,  0,  1,  0,  0,  0,  0,  0,  0,  0,  0,  0,  0,  0, ],
[ 0,  0,  0,  0, 12,  0,  0,  2,  0,  0,  0,  0,  0,  0,  0,  0,  4,  0,  9,  0,  0,  0,  0,  0, ],
[ 0,  0,  0,  0,  0,  0, 13, 13,  9,  0,  0,  0,  0,  0,  0,  0,  0,  0,  0,  0,  0,  0,  0,  0, ],


[0.8373, 0.3621, ],
[0.0066, -0.4012, ],
[0.0574, 0.4884, ],
[0.7541, -0.3878, ],
[0.8429, 0.9743, ],
[0.4446, 0.8351, ],
[-0.3781, -0.9706, ],
[0.5614, 0.3880, ],
[-0.1884, 0.6345, ],
[0.7949, -0.0599, ],
[-0.5993, 0.0189, ],
[0.0482, -0.4763, ],
[0.2863, -0.6843, ],
[0.8337, 0.3835, ],
[0.4363, 0.5435, ],
[-0.0927, -0.2234, ],
[1.0000, -0.8157, ],
[0.2413, -0.5196, ],
[0.7264, 0.4461, ],
[0.5542, 0.4718, ],
[0.7940, 0.6315, ],
[-0.9915, -0.7261, ],
[0.7401, 0.0350, ],
[0.8467, 0.2426, ],
[0.8457, -0.0911, ],
[0.3695, 0.2239, ],
[0.4391, 0.2874, ],
[-0.5129, 0.7520, ],
[-0.0235, -0.8185, ],
[0.6658, -0.5533, ],
[0.1468, -0.3692, ],
[0.2323, 0.5525, ],
[0.2607, -0.0878, ],
[0.8421, 0.7869, ],
[-0.4818, -0.0212, ],
[-0.6525, -0.1438, ],
[0.4802, 0.1338, ],
[0.4975, -0.3712, ],
[1.0000, 0.7123, ],
[0.6345, 0.5481, ],
[0.7146, -0.9165, ],
[0.1129, 0.2506, ],
[1.0000, -0.4013, ],
[0.2252, 0.7832, ],
[0.8336, -0.2032, ],
[0.7252, -0.3519, ],
[-0.2190, -0.2297, ],
[-0.4827, -0.4691, ],
[-0.1974, -0.4191, ],
[0.8335, 1.0000, ],
[0.0755, 0.4683, ],
[0.6349, 0.0150, ],
[0.3202, -0.9827, ],
[0.1973, -0.5709, ],
[-0.3224, -0.1747, ],
[0.1427, -0.3786, ],
[-0.8588, -0.0185, ],
[-0.8719, 0.0229, ],
[-0.3869, -0.8727, ],
[0.3231, -0.4915, ],
[0.5837, 0.5187, ],
[-0.5625, 0.0478, ],
[0.1155, 0.0230, ],
[0.0640, 0.2025, ],
[0.2002, -0.1779, ],
[-0.3260, -0.8228, ],
[0.8379, -0.7571, ],
[0.4341, -0.6744, ],
[0.2681, 0.7411, ],
[0.4773, 0.0127, ],
[-0.6057, -0.6760, ],
[-0.7051, 0.2664, ],
[0.4354, -0.4252, ],
[-0.8714, 0.5386, ],
[0.5448, -0.8617, ],
[-0.9622, -0.0987, ],
[-0.8847, -0.6245, ],
[0.9861, 0.2066, ],
[0.2186, 0.4632, ],
[0.9410, 0.1772, ],
[-0.0419, 0.8252, ],
[-0.4323, 0.5110, ],
[0.3397, -0.0494, ],
[-0.6057, 0.2650, ],
[0.2432, 0.1372, ],
[-0.3970, -0.4797, ],
[0.0671, -0.3091, ],
[0.9307, 0.0650, ],
[0.4478, -0.8659, ],
[0.4125, -0.4269, ],
[-0.9001, -0.7894, ],
[0.8963, 0.7738, ],
[-0.2697, -0.4430, ],
[0.8583, 0.3392, ],
[-0.6069, 0.9081, ],
[-0.5605, -0.8865, ],
[-0.6995, 0.0358, ],
[0.4368, -0.5417, ],
[0.8717, 0.1010, ],
[-0.4235, 0.5391, ],


[5.0000, ],
[6.0000, ],
[8.0000, ],
[7.0000, ],
[2.0000, ],
[5.0000, ],
[4.0000, ],
[0.0000, ],
[5.0000, ],
[10.0000, ],
[8.0000, ],
[3.0000, ],
[3.0000, ],
[5.0000, ],
[4.0000, ],
[2.0000, ],
[7.0000, ],
[6.0000, ],
[10.0000, ],
[13.0000, ],
[7.0000, ],
[8.0000, ],
[10.0000, ],
[4.0000, ],
[6.0000, ],
[8.0000, ],
[12.0000, ],
[13.0000, ],
[4.0000, ],
[8.0000, ],
[10.0000, ],
[8.0000, ],
[9.0000, ],
[7.0000, ],
[2.0000, ],
[7.0000, ],
[7.0000, ],
[5.0000, ],
[3.0000, ],
[0.0000, ],
[3.0000, ],
[8.0000, ],
[3.0000, ],
[8.0000, ],
[7.0000, ],
[1.0000, ],
[6.0000, ],
[10.0000, ],
[14.0000, ],
[6.0000, ],
[11.0000, ],
[5.0000, ],
[14.0000, ],
[14.0000, ],
[3.0000, ],
[7.0000, ],
[7.0000, ],
[4.0000, ],
[0.0000, ],
[7.0000, ],
[8.0000, ],
[13.0000, ],
[0.0000, ],
[6.0000, ],
[4.0000, ],
[5.0000, ],
[0.0000, ],
[3.0000, ],
[5.0000, ],
[2.0000, ],
[3.0000, ],
[9.0000, ],
[5.0000, ],
[6.0000, ],
[7.0000, ],
[16.0000, ],
[14.0000, ],
[0.0000, ],
[8.0000, ],
[7.0000, ],
[7.0000, ],
[3.0000, ],
[8.0000, ],
[6.0000, ],
[9.0000, ],
[5.0000, ],
[9.0000, ],
[0.0000, ],
[0.0000, ],
[13.0000, ],
[1.0000, ],
[8.0000, ],
[4.0000, ],
[0.0000, ],
[13.0000, ],
[7.0000, ],
[6.0000, ],
[5.0000, ],
[10.0000, ],
[11.0000, ],


