[ 4,  0,  0,  0,  0,  0,  0,  0,  0,  6,  0,  0, 14,  0,  0,  0,  0, 14,  0,  0,  0,  0,  0,  0, ],
[ 0,  0,  0,  0,  9,  0,  0,  0,  0,  0,  0,  0,  0,  0,  0,  0,  0,  0,  0,  0,  0,  0,  0,  0, ],
[ 0,  0,  0, 14,  0,  0,  0,  0,  0,  0,  2,  0,  0,  0,  0,  0,  0,  0,  0,  0,  0,  0,  0,  0, ],
[ 0,  0, 10,  0,  0,  0, 11,  0,  0,  0,  0,  0,  0,  0,  0,  0,  0,  0,  0,  0,  0,  9,  0,  0, ],
[ 0,  0,  0,  0,  0,  0,  0,  0,  0,  0,  0,  0,  0,  0, 11,  0,  0,  0,  0,  0,  0,  4,  0,  0, ],
[ 0,  0,  0,  1,  0,  0,  5,  0,  0,  0,  0,  0,  0,  0,  0,  0,  0,  0,  0, 10,  0,  1,  0,  0, ],
[ 0,  0,  0,  0,  0,  0,  0,  0,  0,  0,  0,  0,  0,  0,  0,  0,  0,  0,  7,  0,  0,  0,  0,  0, ],
[ 3,  0,  0,  0,  0,  0,  0,  0,  6,  0,  0,  0,  1,  0,  0,  0,  0,  0,  9,  0,  0,  0,  0,  0, ],
[10,  0,  0,  0,  0,  0,  0,  0,  0,  0,  0,  0,  0, 13,  0,  0,  0,  0,  0,  0,  0,  0,  0, 10, ],
[ 0,  0,  0,  0,  0,  0,  0,  0,  0,  0,  0,  0,  0,  0,  0,  0,  0,  0,  0,  0,  0,  7,  0,  0, ],
[ 0,  0,  0, 13,  0,  0,  0,  3,  0,  0,  0,  0,  0,  0,  6,  0,  0,  0,  0,  0,  0,  0,  0,  0, ],
[ 0,  0,  0,  5,  0,  0,  9,  0,  0,  0,  0,  0, 14,  0,  1,  0,  0,  0,  0,  0,  0,  0,  0,  0, ],
[ 0,  0,  0,  0,  0,  0,  0,  0,  0,  0,  0,  0,  0,  0,  0,  0,  0,  0,  0,  0,  0,  0,  0,  0, ],
[ 0, 13,  0,  0,  0,  0,  0,  0,  0,  0,  0,  0,  0,  0,  0,  0,  0,  0,  0,  0,  0,  0,  0,  0, ],
[ 0,  0,  0,  0,  0,  0,  0,  0,  1,  0,  0,  0,  0,  0,  0,  0, 11,  0,  0,  0,  0,  0,  0,  0, ],
[ 0,  6,  0,  0,  0,  0,  5,  0,  0,  0,  0,  0,  0,  0,  0,  6,  0,  0,  0,  0,  0,  0,  0,  0, ],
[ 0,  0,  0,  0,  0,  0, 13,  0,  0,  0,  0,  0,  0, 11, 11,  7,  0,  0,  0,  0,  7,  0,  0,  0, ],
[ 0,  0,  0,  0,  0,  0,  0,  0,  0,  0,  0,  0,  0,  0,  0,  0,  0,  0,  0,  0,  0,  0,  0,  0, ],
[ 0,  0,  0,  0,  0, 10,  0,  4,  0,  0,  0,  0,  0,  0,  6,  0,  3,  0,  0,  0,  0,  0,  0,  0, ],
[ 0,  0,  0,  0,  0,  0,  7,  0,  0,  0,  0,  0,  6,  0,  0,  0,  0,  0,  0,  0,  0,  0,  0,  0, ],
[ 0,  0,  0, 13,  0,  0,  0,  0,  0,  0,  0,  0,  0,  0,  0,  0,  0,  0,  0,  0,  0,  0,  0,  0, ],
[ 0,  0,  0,  0,  0,  0,  0,  0,  0,  0,  0,  0,  0,  0,  0,  0,  0,  0,  0,  0,  0,  0,  0,  0, ],
[ 2,  0,  0,  8,  0,  0,  0,  0,  0,  0,  0,  0,  0,  0,  0,  0,  0,  0,  0,  0,  0,  0,  0,  0, ],
[ 8,  0,  0,  0,  0,  0,  0,  0,  0,  0,  0,  0,  0,  0,  0,  0,  0, 13,  0,  0, 12,  0,  0,  0, ],
[ 0,  0,  0,  0,  1,  0,  0,  1,  0,  0,  0,  0,  2,  0,  0,  0,  0,  3,  0,  0,  0,  0,  0,  0, ],
[ 0,  0,  0,  0,  0,  0,  0,  0,  0,  0,  0,  0,  0,  3,  0,  0,  0,  8,  0,  0,  0,  0,  0,  7, ],
[ 0,  0,  7,  0,  0,  8, 14,  0,  0,  0,  0,  0,  0,  0,  0,  0,  0,  0,  0,  1,  0,  0,  0,  0, ],
[ 0,  0,  0,  0,  0,  0,  0,  3,  0,  0,  0,  0,  0,  0,  0,  0,  0,  0,  5,  0,  0,  0,  0,  0, ],
[ 0,  0,  0,  0,  0,  0,  0,  0,  0,  3,  0,  0,  0,  0,  9,  0,  0,  0,  0,  0,  0,  6,  0,  2, ],
[ 0,  0,  0,  0,  0,  0, 14,  0,  0,  0,  0,  0,  0,  0,  0,  0,  0,  0,  0,  0, 11,  0, 10,  0, ],
[ 0,  0,  0,  0,  0,  0,  0,  0,  0,  0,  0,  0,  0,  0, 13,  6,  0,  0,  0,  4,  0,  0,  0,  0, ],
[ 0,  8,  0,  0,  0,  0,  0, 14,  0,  0,  0,  0,  0,  0,  0,  0,  0,  0,  0,  0,  0,  0,  0,  0, ],
[ 0,  0, 10,  0,  0,  0,  0,  0,  5,  0,  0,  0,  0,  7,  0,  0,  0,  0,  0,  0,  0,  0,  0,  0, ],
[ 0,  0,  0,  0,  0,  0,  0,  0,  0,  0,  0,  5,  0,  0,  0,  1,  0,  8,  0,  0,  0,  0,  0,  0, ],
[ 0,  0,  0,  0,  0,  0,  0,  0,  0,  0,  0,  0,  0,  0,  0,  0,  0,  0,  0, 11,  0,  0,  0,  0, ],
[ 0,  0,  0,  0,  0,  0,  0,  0,  0,  0,  0,  0,  0,  2,  0,  0,  0,  1,  0,  0,  0,  0,  0,  0, ],
[ 0,  0,  0,  0,  0,  0,  0,  0,  0,  0,  0,  0,  0,  0,  0,  0,  0,  0,  0,  0,  0,  0,  0,  0, ],
[12,  0,  0,  0,  0,  0,  0,  0,  0,  0,  0,  0,  0,  0,  0,  0,  0,  3,  0,  0,  0,  0,  0,  0, ],
[ 0,  0,  0,  0,  0,  0,  0,  0,  0,  0,  0,  8,  0,  0,  0,  0,  9,  0,  0,  0,  0,  0,  0,  0, ],
[ 6,  0,  0,  4,  0,  0,  0,  8,  0,  0,  0,  0,  0,  0,  0,  0,  0,  0,  0,  0,  0,  0, 13,  0, ],
[ 0,  0,  0,  0,  0,  0,  0,  0,  0,  0,  0,  0,  0,  0,  0,  0,  0,  0,  0,  0,  0,  0,  0,  0, ],
[ 0,  0,  0,  0,  0,  0,  0,  0,  0, 10,  0, 10,  0,  0,  0,  0,  0,  0,  0,  0,  0,  0,  0,  0, ],
[ 0,  0,  0,  0,  0, 13,  0,  0,  0,  0,  0, 12,  0,  0,  0,  8,  6,  0,  0,  0,  0,  0,  0,  0, ],
[ 0,  0,  0,  0,  0,  0,  0,  0,  5, 12,  0,  0,  2,  0,  0,  0,  0,  0,  3,  0,  0,  0,  0,  0, ],
[ 0,  0,  0,  0,  0,  0,  0,  0,  0,  0,  0,  0,  0,  0,  0,  0,  0,  0,  4,  0,  0,  0,  0,  0, ],
[ 0,  0,  0,  0,  0,  0,  0,  0,  0,  0,  0,  0,  0,  0,  0,  7,  4,  0,  0,  0,  0,  0,  0,  0, ],
[ 0, 10,  0,  0,  0,  0,  0,  0,  0,  5,  0,  0,  0,  0,  0,  0,  0,  0,  0,  0,  0,  0,  0,  0, ],
[ 0,  0,  0,  0,  8,  0,  0,  0,  0,  0,  0,  0,  0,  0,  3,  0,  0,  0,  0,  0,  0,  0,  0,  0, ],
[ 0,  0,  1,  0,  4,  0,  3,  0,  0,  0,  0,  0,  0,  0,  0,  0, 13,  0,  0,  0,  0, 12,  0, 10, ],
[ 0,  0,  0,  0,  0,  0,  0,  0,  0,  0,  0,  0,  0,  0,  0,  0,  0,  0,  0,  0,  0,  0,  0,  9, ],
[13,  0,  0,  0,  0,  0,  0,  0,  0,  0,  0,  0,  0,  0,  0, 10,  0, 14,  0,  0,  0,  0,  3,  0, ],
[ 0,  0,  0,  0,  0,  0,  0,  0, 10,  0,  0,  0,  2,  0,  0,  0,  0,  0,  0,  0,  0,  0,  0,  0, ],
[ 0,  0,  0,  0,  0,  5,  0,  0,  0, 11,  0,  0,  0,  0,  0,  0,  0,  0,  0,  0,  0, 10, 10,  0, ],
[ 0,  0,  0, 13,  0,  0,  0,  0,  0,  0,  0,  0,  0,  0,  0,  0,  0,  0,  0,  0,  0,  0,  0,  0, ],
[ 0,  0,  0,  0,  0,  0,  0,  2,  0,  0,  0,  0,  0,  0,  0,  0,  0,  0,  0,  0,  0,  0,  0,  0, ],
[ 0,  0,  0,  0,  0,  0,  0,  0,  0,  0,  0, 14,  0,  0,  0,  0,  0,  0,  0,  7,  0,  0,  0,  0, ],
[ 0,  0,  0,  0,  0,  0,  0,  0,  0,  0,  0,  0,  5,  0,  0,  0,  0,  0,  0,  0,  0,  0,  0,  4, ],
[ 0,  0,  0,  0, 12,  0,  1,  0,  0,  0,  0,  0,  0,  0,  0,  0,  0,  0,  0,  0,  0,  0,  0,  0, ],
[ 0,  0,  0,  0,  0,  0,  0,  7,  0, 11,  0,  0,  0,  0,  0,  0,  0,  0,  0,  0,  0,  4,  0,  0, ],
[ 8,  0,  0,  0,  0,  0,  0,  0,  0,  0,  0,  0,  0,  0,  0,  0,  9,  0,  0,  0,  0,  0,  0,  0, ],
[ 0,  0,  0,  0,  0,  0,  0,  0,  0,  0,  0,  0,  0,  0,  0,  0,  0,  0,  0,  0,  0,  0,  6,  0, ],
[ 0,  0,  0,  0,  0,  2,  0,  0,  0,  0,  9,  0,  0,  0,  0,  0,  0,  0,  0,  0,  0,  0,  0, 13, ],
[ 5,  0,  0,  0,  0,  0,  0,  0,  0,  0,  0,  0,  0,  0,  0,  0,  2,  0,  0,  0,  0,  3, 10,  0, ],
[ 0,  0,  0,  0,  6,  0,  0,  0,  0,  3,  9,  0, 13, 14,  0,  0,  0,  0,  0,  0,  0,  0,  0,  0, ],
[ 0,  0,  0,  9,  0,  0,  0,  0,  0,  0,  0,  0,  5,  0,  0,  0,  0,  0,  0,  0,  0,  0,  0,  0, ],
[ 0,  0,  0,  0,  4,  0,  9,  0,  0,  0,  0,  0,  0,  0,  0,  4,  0,  0,  9,  0,  0,  3,  0,  0, ],
[ 0,  0,  0,  0,  0,  0,  0,  0,  0,  0, 10,  0,  0,  0,  0,  0,  0,  0,  0,  0,  0,  0,  0,  0, ],
[ 0,  0,  0,  0,  0,  0,  0,  0,  0,  0,  0,  0,  0,  2,  0,  0, 14,  0,  0,  0,  0,  0,  0,  0, ],
[ 0,  0,  0,  0,  0,  0,  0,  0,  0,  0,  0,  0,  0,  0,  0,  0,  6,  0,  0,  0,  0, 12,  0,  0, ],
[ 0,  0,  8,  0,  3, 13,  0,  0,  0,  0,  0,  0,  0,  3,  0,  0,  0,  0,  0,  0,  2,  0,  0,  0, ],
[ 9,  0,  0,  2,  0,  0,  0,  0,  0,  0,  0,  0,  0,  0,  0,  0,  0,  1,  0,  0,  0,  0,  0,  0, ],
[ 0,  0,  0,  3,  0,  0,  0,  0,  0, 12,  0,  0,  0,  0,  0,  0,  0,  0,  0,  0,  0,  0,  0,  0, ],
[ 0,  0,  0,  0,  0,  0,  3,  0,  0,  0,  0,  0,  0,  0,  0,  0,  0,  0,  0,  0,  0,  0,  0,  0, ],
[ 0,  0,  0,  0,  0,  0,  0,  0,  8,  0,  0,  0,  0,  0,  0,  0,  0,  0,  0,  0,  0,  0,  0,  0, ],
[ 0,  0,  0,  0,  0,  0,  0,  0,  0,  0,  0,  0,  0,  0,  0,  4,  0,  0,  0,  0,  0,  0,  0,  0, ],
[ 0,  0, 10,  0,  0,  0,  0,  0,  0,  0,  7,  0,  0,  0,  0,  0,  0,  0,  0,  0,  0,  0,  0,  0, ],
[ 0,  0,  0,  0,  0,  0,  0,  0,  0,  0,  0,  0,  0,  0,  0,  0,  0,  0,  0,  0,  0,  0,  0,  0, ],
[ 3,  0,  0,  0,  0,  0,  0,  0,  0, 14,  0,  0,  0,  0,  0,  0,  0,  0,  0,  0,  9,  0,  0,  0, ],
[ 0,  0,  0,  0,  0,  0,  0,  0,  0,  0,  0,  0,  0,  3,  6,  1,  0,  0,  0,  0,  0,  0,  4,  0, ],
[ 0,  0,  0,  0,  0,  0,  0,  0,  0,  0,  0,  0,  0,  0,  0,  0,  0,  0,  0,  0,  0,  0,  0,  0, ],
[ 0,  0,  0,  0,  0,  0,  0,  0,  0,  0,  0,  0,  0,  0,  0,  0,  0,  0,  0,  0,  0,  0,  0,  0, ],
[ 0,  0,  5,  0,  0,  0,  0,  0,  0,  0,  0,  0,  0,  0,  0,  0,  0,  0,  0,  0,  0,  0,  5,  0, ],
[ 0,  0,  0,  0,  0,  0,  0,  0,  0,  7,  0,  0,  0,  0,  0,  0,  0,  0,  0,  0,  0,  0,  0,  0, ],
[ 0,  0,  0,  0,  0,  0,  0,  0,  0,  0,  0,  0,  0, 12,  0,  0,  0,  0,  0,  0,  0,  0,  0,  0, ],
[ 0,  0,  0,  0,  0,  0,  0,  9,  0,  0,  0,  0,  0,  0,  0,  0,  0,  0,  0,  0,  9,  0,  0,  0, ],
[ 0,  0,  0,  0,  0,  0,  0,  0,  0,  0,  0,  0,  0,  0,  0,  0,  0,  0,  0,  0, 12, 13,  0,  0, ],
[ 0,  7,  0,  0,  0,  0,  0,  0,  0,  0,  0,  0,  0,  0,  0,  0,  0,  0,  0,  0,  0,  0,  0,  0, ],
[ 0,  0,  0,  0,  0,  0,  0,  0,  0,  0,  9,  0,  0, 12,  0,  0,  0,  0,  0,  0,  0,  0,  0,  0, ],
[ 0,  0,  0,  0,  0,  0,  0,  0,  0,  0,  0,  0,  5,  0,  0,  0,  9,  0,  0,  0,  0,  0,  0,  0, ],
[ 0,  0,  0,  0,  0,  0,  0,  0,  0,  2,  0,  0,  0,  0,  0,  0,  0,  0,  0,  0, 13,  0,  0,  0, ],
[ 0,  0,  0, 13,  0,  0, 10,  0,  0,  0,  0,  0,  0,  0,  0,  0,  0,  0,  0,  0,  0,  0,  0,  0, ],
[10,  0,  0,  6,  0, 14,  0,  0,  0,  0,  0, 12,  0,  0,  0,  0,  0,  0,  0, 11,  0,  0,  0,  5, ],
[ 0,  0,  0,  0,  0,  0,  0,  0,  0,  0,  0,  0,  0,  0,  0,  0,  0,  0,  0,  0,  4,  0,  0,  0, ],
[ 0,  0, 11,  0,  0,  0,  0,  0,  0,  0,  0,  0,  0,  0,  0,  0,  0,  0,  0,  0,  0,  7,  0,  0, ],
[ 0,  0,  0,  0,  7,  0,  0,  0,  0,  0,  0,  0,  0,  0,  0,  0,  0,  0,  0,  0,  0,  0,  9,  0, ],
[ 0,  0,  0,  0,  0,  0,  0,  0,  0,  0,  3,  0,  0,  0,  0, 14,  0,  0,  0,  0,  0,  0,  0, 13, ],
[ 0,  1,  0,  0,  0,  0, 13,  5,  0,  0,  0,  0,  0,  0,  0,  0,  0,  0,  0,  0, 14,  0,  0,  0, ],
[ 0,  0,  0, 14,  0,  0,  0,  0,  0,  4,  0,  0,  0,  0,  0,  7,  0,  0,  0,  0,  0,  0,  0,  0, ],
[ 0,  0,  0,  0,  0,  0,  0,  0,  0,  0,  0,  0,  0,  0,  0,  0,  0,  0,  0,  0,  0,  0,  0,  0, ],
[ 8,  0,  0,  0,  5,  0,  0, 13,  0,  0,  0,  0,  0,  0,  0,  0,  0,  0,  0,  0,  0,  0,  0,  0, ],


[0.8373, -0.1540, ],
[-0.7799, -0.2312, ],
[-0.0349, 0.5918, ],
[0.0063, -0.3878, ],
[0.8664, 0.6453, ],
[0.5965, 0.0154, ],
[-0.4939, -0.5739, ],
[0.5614, 0.2742, ],
[-0.1158, 0.6345, ],
[-0.4674, -0.6906, ],
[-0.7257, -0.0996, ],
[-0.1015, -0.4763, ],
[0.2892, -0.7396, ],
[0.3726, 0.4817, ],
[-0.3984, 0.4115, ],
[-0.5962, -0.2234, ],
[0.8848, -0.3499, ],
[0.2724, -0.7338, ],
[0.7264, -0.0908, ],
[0.3233, -0.6587, ],
[0.0900, 0.5792, ],
[0.4326, -0.6148, ],
[-0.5660, 0.0350, ],
[0.2820, -0.7224, ],
[0.2640, -0.0911, ],
[0.1398, 0.2171, ],
[0.4965, 0.5826, ],
[-0.4676, 0.7520, ],
[-0.2685, 0.3919, ],
[0.5353, -0.5533, ],
[-1.0000, -0.3692, ],
[0.1006, 0.5004, ],
[0.0749, -0.0878, ],
[0.3643, 0.4608, ],
[-0.0646, 0.4722, ],
[-0.5734, 0.2107, ],
[0.5460, -0.0215, ],
[0.3837, -0.3084, ],
[1.0000, -0.4119, ],
[0.6731, 0.5997, ],
[0.7633, -1.0000, ],
[0.0428, 0.0718, ],
[0.9215, 0.5600, ],
[0.8744, -1.0000, ],
[0.5159, -0.2032, ],
[0.6088, -0.4916, ],
[-0.5499, -0.4590, ],
[-0.5134, 0.4382, ],
[-0.2673, -0.6786, ],
[1.0000, -0.9017, ],
[0.4263, -0.1248, ],
[0.6176, 0.1552, ],
[0.8787, -0.9092, ],
[0.1344, -0.2400, ],
[-0.3224, -0.6879, ],
[0.1427, -0.3455, ],
[-0.9091, -0.0523, ],
[-0.6865, -0.3378, ],
[-0.3869, 0.4906, ],
[-0.4261, -0.3232, ],
[0.7619, 0.6456, ],
[-0.5402, 0.0478, ],
[0.7598, -0.1949, ],
[0.4451, 0.2806, ],
[0.2002, 1.0000, ],
[-0.3526, 0.6228, ],
[0.2930, 0.3921, ],
[0.5210, -0.5270, ],
[-0.7927, -0.0824, ],
[0.3054, 0.1184, ],
[-0.1713, -0.6760, ],
[-0.6213, 0.2736, ],
[0.7620, 0.2867, ],
[-0.8714, 0.8237, ],
[0.6320, 0.6166, ],
[0.4948, -0.0711, ],
[0.3708, 0.6622, ],
[0.9785, 0.3081, ],
[0.2186, 0.1278, ],
[0.9595, 0.1700, ],
[-0.3575, 0.4673, ],
[-0.0929, 0.8567, ],
[0.3397, 0.8628, ],
[-0.5096, 0.8772, ],
[-0.6682, 0.0184, ],
[-0.3286, -0.3963, ],
[0.1868, 0.6336, ],
[0.9307, 0.4687, ],
[0.5298, -0.7619, ],
[0.2500, -0.9437, ],
[-0.4310, -0.1726, ],
[0.8064, -0.5709, ],
[-0.2697, -0.4762, ],
[0.8583, 0.3587, ],
[-0.1560, -0.8320, ],
[-0.6191, -0.4158, ],
[-0.6995, -0.1013, ],
[0.0836, -0.5417, ],
[0.0866, 0.2418, ],
[0.3655, 0.3111, ],


[13.0000, ],
[3.0000, ],
[5.0000, ],
[11.0000, ],
[6.0000, ],
[8.0000, ],
[3.0000, ],
[9.0000, ],
[12.0000, ],
[3.0000, ],
[9.0000, ],
[10.0000, ],
[0.0000, ],
[4.0000, ],
[5.0000, ],
[8.0000, ],
[18.0000, ],
[0.0000, ],
[11.0000, ],
[6.0000, ],
[4.0000, ],
[0.0000, ],
[4.0000, ],
[11.0000, ],
[5.0000, ],
[8.0000, ],
[11.0000, ],
[4.0000, ],
[9.0000, ],
[12.0000, ],
[9.0000, ],
[7.0000, ],
[9.0000, ],
[6.0000, ],
[4.0000, ],
[2.0000, ],
[0.0000, ],
[6.0000, ],
[6.0000, ],
[12.0000, ],
[0.0000, ],
[8.0000, ],
[14.0000, ],
[9.0000, ],
[2.0000, ],
[5.0000, ],
[6.0000, ],
[5.0000, ],
[17.0000, ],
[3.0000, ],
[14.0000, ],
[5.0000, ],
[14.0000, ],
[4.0000, ],
[1.0000, ],
[7.0000, ],
[4.0000, ],
[5.0000, ],
[9.0000, ],
[6.0000, ],
[3.0000, ],
[8.0000, ],
[9.0000, ],
[16.0000, ],
[5.0000, ],
[12.0000, ],
[4.0000, ],
[5.0000, ],
[7.0000, ],
[12.0000, ],
[5.0000, ],
[6.0000, ],
[2.0000, ],
[3.0000, ],
[2.0000, ],
[7.0000, ],
[0.0000, ],
[9.0000, ],
[8.0000, ],
[0.0000, ],
[0.0000, ],
[4.0000, ],
[3.0000, ],
[4.0000, ],
[6.0000, ],
[8.0000, ],
[3.0000, ],
[7.0000, ],
[5.0000, ],
[5.0000, ],
[8.0000, ],
[21.0000, ],
[2.0000, ],
[7.0000, ],
[6.0000, ],
[10.0000, ],
[11.0000, ],
[9.0000, ],
[0.0000, ],
[9.0000, ],


