[ 0,  0, 14,  0,  0,  0,  0,  0,  0,  0,  0,  0,  0,  0,  0,  0,  0,  0,  0,  0,  0,  0,  0,  0, ],
[ 0,  0,  0,  0,  0,  0,  0,  0,  0,  7,  0,  0,  0,  0,  0,  0,  0,  0,  0,  2,  0,  0,  0,  0, ],
[ 0,  0,  5,  3,  0,  0,  0,  0,  0,  0,  0,  0,  0,  0,  0,  0,  0,  0,  0,  0,  0,  0,  0,  0, ],
[ 1,  0,  0,  0,  0,  0, 11,  0,  0,  0,  0, 12,  0,  0,  0,  0,  0,  0,  0,  0,  0,  0,  0,  0, ],
[ 0,  0,  0,  0,  0,  0,  0,  0,  0,  9,  0,  0,  0, 11,  0,  0,  0,  0,  0,  0,  0,  0,  0,  0, ],
[ 0,  0,  0,  0,  0,  0,  0,  0,  0,  0,  0,  0,  0,  0,  9,  0,  0,  0,  0,  0,  0,  0,  0,  0, ],
[ 0,  0,  0,  0,  0,  0, 13,  0,  0,  0,  0,  0,  0,  0,  0,  0,  0,  0,  0,  0,  0,  0,  2,  0, ],
[ 0,  0,  0,  0,  0,  0,  0,  0,  6,  0, 10,  0,  0,  0,  0,  0,  0,  0,  0,  0,  0,  0,  0,  0, ],
[ 0,  0,  0,  0,  0,  0,  0,  0,  0, 13,  0,  0,  0,  0,  0,  0,  0,  0,  0,  0,  0,  3,  0,  0, ],
[ 0,  0,  3,  0,  0,  0,  6,  0,  0,  0,  0,  0,  0,  0,  0,  0,  0,  0,  0,  0,  0,  0,  0,  0, ],
[ 0,  0,  0,  0,  0,  0,  0,  0,  0,  0,  0,  0,  0,  0,  0,  0,  0,  0,  0,  0,  0,  0,  0,  0, ],
[ 7,  0,  0,  0,  0,  0,  0,  0,  0,  0,  0,  0,  0,  0,  0,  0,  0,  0,  0,  0,  0,  0,  0,  0, ],
[ 0,  0,  9,  4,  0,  0,  0,  0,  0,  0,  0,  0,  1,  0,  0,  0,  0,  0,  0,  0,  0,  0,  0,  0, ],
[ 5, 11,  0, 12,  0,  0,  5,  0,  0,  0,  0, 10,  0, 10,  0,  0,  4,  0,  0,  0,  0,  0,  0,  0, ],
[ 0,  0,  0,  0,  0,  3,  0,  0,  0,  0,  0,  0,  0,  0,  0,  0,  0,  0,  0,  0,  0,  1,  0,  0, ],
[ 9,  0,  0,  0,  0,  0,  0,  0,  0,  0,  0,  0,  0,  0,  0,  0,  0,  0,  0,  0,  0,  0,  0,  0, ],
[ 0,  0, 14,  0, 11,  6,  0,  0,  0,  0,  5,  0,  7, 13,  0,  0,  0,  0,  0,  0,  0,  0,  0,  0, ],
[ 0,  0,  0,  0,  0,  0,  0,  0,  0,  0,  0,  9,  2,  0,  0,  0,  0,  0,  0,  0,  0,  0,  0,  0, ],
[ 0,  0,  0,  0,  0,  0,  0,  0,  0,  0,  0,  0,  0,  0,  0,  0,  0,  0,  0,  0,  0,  0,  0,  0, ],
[ 0,  0,  0,  0,  0,  0,  0,  0,  0,  0,  0,  0,  0,  0,  0,  0,  0,  0,  0,  0,  0,  0,  0,  0, ],
[ 0,  0,  0,  0,  0,  0,  0,  0,  0,  0,  0,  0,  7,  0,  0,  0, 10,  0,  0,  0, 14,  5,  0,  0, ],
[ 0,  0,  0,  0,  0,  0,  0,  0,  0,  0,  0,  0,  0,  0,  0,  0,  0,  0,  0,  0,  0,  0,  0,  0, ],
[ 0,  0,  0,  0,  0,  0,  0,  0, 10,  0,  0,  0,  0,  0,  0,  0,  0,  0,  0,  0,  0,  0,  0,  0, ],
[ 0, 13,  0,  0,  0,  0,  0,  0,  0,  0, 14, 14,  0,  0,  0,  3,  0,  0,  0,  0,  0,  0,  0,  0, ],
[ 0,  0,  0,  0,  0,  0,  0,  0,  0,  0,  0,  0,  0,  0,  0,  0,  0,  0,  0,  0,  0,  0,  0,  0, ],
[ 0,  0,  0,  0,  0,  0,  0,  0, 11,  0,  0,  0,  0,  0,  0,  0,  0,  0,  1,  0,  0,  0,  0,  0, ],
[ 0,  0,  0,  0,  0,  0,  8,  0,  0,  0,  0,  0,  0,  0,  0,  0,  0,  0,  0,  0,  0,  0,  0,  5, ],
[ 0,  0,  0,  0,  0,  0,  0,  0,  0,  0,  0,  0,  7,  0,  0, 10,  0,  0,  0,  0,  0,  0,  0,  0, ],
[ 1,  5,  0,  0,  0,  0,  0,  0, 13,  0, 12,  0,  0,  0,  0,  0,  0,  0,  0,  0,  0,  0,  0,  0, ],
[ 0,  0,  0,  0,  0,  0,  0,  0,  0,  3,  0,  0,  0,  0,  8,  0,  0,  0,  0,  2,  0,  0,  0,  0, ],
[ 0,  0,  0,  0,  0,  0,  0,  0,  0,  0,  0,  0,  0,  0,  0,  0,  0,  0,  0,  0,  0,  0,  0,  0, ],
[ 0,  0,  0,  0,  0,  0,  2,  0,  0,  0,  0,  0,  0,  2,  0,  0, 13,  0,  0,  0,  0,  0,  0,  0, ],
[ 0,  0,  0,  9,  0,  0,  0,  0,  0,  0,  0,  0,  0,  0,  0,  0,  0,  0,  4,  0,  0,  0,  0,  0, ],
[ 0,  0,  0,  0, 10,  0,  0,  0,  0,  0,  0,  0,  0, 13,  0,  1,  0,  0,  0,  0,  4,  0,  0,  0, ],
[ 0,  0,  0,  0,  0,  0, 12,  0,  0,  0,  0,  0,  0,  8,  0,  0,  0,  3,  0,  0,  0,  0,  0,  0, ],
[ 0,  0,  0,  0,  0,  0,  0,  0,  0,  0,  0,  0,  0,  0,  0,  0,  0,  0,  0,  0, 11,  0,  0,  0, ],
[ 0,  0,  0,  4,  0,  0,  0,  0,  0,  0,  0,  0,  0,  0,  0,  0,  0,  0,  0,  0,  0,  0,  0,  0, ],
[ 0,  0,  0,  0,  0,  0,  0,  0,  0,  0,  0,  0,  0,  0,  7,  0,  0,  0,  6,  0,  0,  0,  0,  0, ],
[ 0,  0,  0,  1,  0,  0,  0,  1,  0,  0,  0,  0,  0,  0,  0,  0,  0,  0,  0,  3,  0,  0,  0,  0, ],
[12,  0,  0,  0,  0,  0,  0,  0,  0, 11,  0,  0,  0,  0,  0,  0,  0,  0,  0,  0,  0,  0,  0,  0, ],
[ 0,  0,  0,  0,  0,  0,  0,  0,  0,  7,  0,  0,  0,  0,  0,  5,  0, 13,  0,  0,  0,  0,  0,  0, ],
[ 0,  0,  0,  0,  0,  0,  0,  0,  0, 10,  0, 10,  0,  0,  0,  0,  0,  0,  0,  0,  0,  0,  0,  0, ],
[ 0,  0,  0,  0,  0,  0,  0,  0,  0,  0,  0,  0,  0,  0,  0,  0,  0,  0,  0,  0,  0,  0,  0,  0, ],
[ 0,  0,  0,  0,  0,  0,  0,  0,  0, 12,  0,  0,  2,  0,  0,  0,  0,  0,  0,  0,  0,  0,  0,  0, ],
[ 0,  0,  0,  0,  0,  0,  0,  0,  0,  0,  0,  0,  0,  0,  0,  0,  0,  0,  7,  0,  0,  0,  0,  0, ],
[ 0,  0,  0,  0,  0,  0,  0,  0,  0,  0,  0,  0,  0,  0,  0,  0,  4,  0,  0,  9,  0,  0,  0,  0, ],
[ 0,  0,  0,  0,  0,  0,  0,  0,  5,  0,  0,  4,  0,  4,  0,  0,  0,  0,  2,  0,  0,  0, 10, 14, ],
[ 0,  0,  0,  0,  0,  0,  0,  0,  0,  0,  0,  0,  0,  0,  0,  0,  0, 10,  0,  0,  0,  0,  0,  0, ],
[ 1,  0,  0,  5,  0,  0,  0,  0,  0,  0,  0, 12,  0,  0,  0,  0,  0,  0,  0,  0,  0,  0,  0,  0, ],
[ 6,  0,  0,  0,  0,  0,  5,  0,  0,  9,  0,  0,  0,  0,  0,  0,  0,  0,  0,  0,  0,  0,  0,  0, ],
[ 0,  0, 14,  0,  0,  0,  0,  0,  0,  0,  0,  0,  0,  0,  0,  0,  0,  0,  0,  0,  0,  0,  0,  2, ],
[ 0,  0,  0,  0,  0, 10,  0,  0,  0,  0,  0,  0,  0, 12,  0,  0,  0,  0,  0,  0,  0,  0,  0,  0, ],
[ 0,  0,  0,  0,  7,  5,  0,  0,  0,  0,  0,  0,  0,  0,  0,  0,  5,  0,  0,  0,  8,  0,  0,  0, ],
[ 0,  0,  3,  0,  0,  0,  0,  0,  0,  0,  0,  0,  0, 12,  0,  0,  0,  0,  0,  0,  0,  0,  0,  0, ],
[ 0,  5,  4,  0,  0,  9,  0,  0,  0,  0,  0,  0,  0,  0,  1,  0,  4,  0,  0,  0,  0,  0,  0,  0, ],
[ 0,  0,  0,  0,  0,  0,  0,  0,  0,  0,  0,  0,  0,  0,  0,  0,  0,  0,  0,  0,  0,  0,  0,  0, ],
[ 0,  0,  0,  0,  0,  0,  0,  0,  0,  0,  0,  0, 10,  8,  0,  0,  0,  0,  0, 14,  0,  0,  0,  0, ],
[ 0,  0,  0,  0,  0,  0,  0,  0,  0,  0,  0,  0,  0,  0,  0,  0,  0,  2,  0,  0,  0,  0,  0,  0, ],
[ 0,  0,  0,  0, 14, 12,  0,  0,  0,  0,  0,  0,  0,  0,  0,  0,  0,  0,  0,  0,  0,  0,  0,  0, ],
[ 0,  4,  0,  0,  0,  0,  0,  0,  0,  0,  0,  0,  0,  0,  9,  9,  0,  0, 14,  0,  0,  0, 11,  0, ],
[ 0,  0,  0, 14,  0, 11,  0,  0,  0,  0,  0,  0,  0,  0,  0,  0,  0,  0,  0,  0,  0,  0,  0,  0, ],
[ 0,  0,  0,  0,  0,  0,  0,  0,  0,  0,  0,  0,  0,  0,  4,  0,  0,  0,  0,  0,  0,  0,  0,  0, ],
[ 0,  0,  0,  0,  0,  0,  0,  0,  0,  0, 12,  0,  0,  0,  0,  0,  0,  0,  0,  0,  0,  0,  0,  0, ],
[ 0,  0,  0,  0,  0,  0,  0,  0,  0,  0,  0,  0,  0,  0,  0,  0,  0,  0,  6,  0,  0,  0,  0,  0, ],
[ 7,  9,  0,  0,  0,  0,  0,  0,  0,  0,  0,  0,  0,  0,  0,  0,  0,  0,  0,  0,  0,  0,  0,  0, ],
[ 0,  0,  0,  0,  0,  0, 12,  0,  0,  0,  0,  0,  0,  0,  0,  0,  0,  0,  0,  0,  0,  0,  0,  0, ],
[ 0,  0,  0,  0,  0,  0,  0,  0,  0,  0,  0,  0,  0,  0,  0,  0,  0,  0,  0,  0,  0,  0,  0,  0, ],
[ 0,  0,  0,  0,  0,  0,  0,  0,  0,  0,  0,  0,  0,  0,  0, 13,  0,  0,  0,  0,  0,  0,  0,  2, ],
[ 0,  0,  0,  0,  0,  0,  0,  0,  0,  0, 10,  0,  0,  0,  0,  0,  0,  0,  0,  0,  0,  0,  0,  0, ],
[ 8,  0,  5,  0,  0,  8,  0,  0,  0,  0,  0,  0,  8,  0,  5,  0,  0,  0,  2,  0,  0,  0,  0,  0, ],
[ 9,  0,  0,  0, 11,  0,  0,  2,  0,  0,  0,  0,  2,  0,  0,  0,  0,  0, 11,  0,  0,  0,  0,  0, ],
[ 0,  0,  0,  0,  0,  0,  0,  0,  0,  0,  0,  0,  0,  0,  0,  0,  0,  0,  0,  0,  0,  0,  6,  0, ],
[ 0,  0, 12,  0,  0,  0,  0,  0,  0,  0,  0,  0,  2,  0,  0,  0,  0,  0,  0, 14,  0, 13,  0,  0, ],
[ 0,  0,  0,  0,  0,  0,  0,  0,  0,  0,  0,  0,  0,  0,  0,  0,  0,  0,  0,  0,  0,  0,  0,  0, ],
[ 0,  0,  0,  0,  0,  0,  0,  0,  0,  0,  0,  0,  0,  0,  0,  6,  0,  0,  0,  0,  0,  0,  0,  0, ],
[ 0,  0,  0,  0, 12,  0,  0,  0,  0,  0,  0,  0,  0,  0,  0,  0,  0,  0,  0,  0,  0,  0,  0,  0, ],
[ 0,  0,  0,  0,  0,  0,  0,  0,  0,  8,  0,  0,  0,  6,  0,  0,  0,  0,  0,  0,  0,  0,  0,  0, ],
[ 8,  0,  0,  0,  0,  0,  0,  0, 13,  0,  0,  0,  0, 13,  0,  1,  0,  0,  0,  0,  0,  0,  0,  0, ],
[ 0,  0,  0,  0,  0,  7,  0,  0,  0,  0,  0,  0,  0,  0,  0,  0,  0,  0,  0,  3,  0,  0, 10,  0, ],
[ 4,  0,  5,  0,  0,  0,  0,  0,  0,  0,  0,  0,  0,  0,  0,  0,  0,  0,  0,  0,  0,  0,  0,  0, ],
[11,  0,  0,  0,  0,  0,  0,  0,  0,  0,  0,  7,  0,  0,  0,  0, 11,  0,  0,  0,  0,  0,  0, 14, ],
[13,  0,  4,  0,  0,  0,  0,  0,  0,  0,  0,  0,  0,  0,  0,  0,  0,  0,  0, 11,  0,  0,  0,  6, ],
[ 2,  0,  0,  0,  0,  0,  0,  0,  0,  4,  0, 14,  0,  0,  0,  0,  0,  0, 10,  9,  0,  0,  0,  0, ],
[ 0, 13,  0,  0, 11,  0,  0,  0,  0,  0,  0,  0,  0,  0,  0,  0,  0,  0,  0,  0,  0,  5,  0,  0, ],
[ 0,  0,  3,  0,  0,  0,  0,  0,  0,  0,  0,  0,  0,  0,  0,  0,  1,  0,  0,  0,  0,  0,  0,  0, ],
[ 0,  0,  0, 14,  0,  9,  0,  0,  0,  0,  0,  0,  0,  0,  0,  0,  0,  0,  0,  0,  0,  0,  0,  4, ],
[ 0,  0,  0,  0,  0,  0,  0,  7,  0,  0,  0,  0,  0,  0,  0,  0, 14,  0,  0,  3,  0,  4,  0,  3, ],
[ 0,  0,  0,  0,  0,  0,  0,  0,  0,  0,  0,  0,  0,  0,  0,  0,  0,  0,  0,  0,  0,  7,  0,  0, ],
[ 0,  0,  0,  0, 11,  0,  0,  0,  0,  0,  0,  3,  0,  0,  0, 11,  7,  0,  0,  0,  0,  0,  0,  0, ],
[ 0,  0, 11,  0,  0,  0,  0,  5,  0,  0,  0,  0,  1,  0,  0,  0,  7,  0,  0,  0,  0,  0,  0,  6, ],
[ 0,  0,  0,  2,  0,  8,  0,  0,  0,  0,  0,  5,  0,  0,  0,  5,  0,  0,  3,  0,  0,  0,  0,  0, ],
[ 0,  0,  0,  0,  0,  0,  0,  0,  0,  0,  0,  0,  0,  0,  0,  0,  0,  0,  0,  0,  0,  0,  0,  0, ],
[ 0,  0,  0,  0,  0,  0,  0,  0,  0,  2,  0, 14,  0,  0,  0,  0,  0,  0,  0,  0, 13,  0,  0,  0, ],
[ 0,  0,  0,  0,  0,  0,  0,  0,  0,  0,  0,  0,  0,  0,  0,  0,  0,  0,  0,  0,  0,  0,  0,  0, ],
[ 0,  0,  0,  0,  0,  0,  0,  0,  0,  0,  0,  5,  0,  0,  0,  0,  0,  0,  0,  0,  0,  0,  0,  0, ],
[ 0,  0,  0,  0,  0,  0,  0,  0,  0,  0,  0,  0,  0,  0,  0,  0,  0,  0,  0,  0,  0,  0,  0,  0, ],
[ 0,  0,  0,  4,  0,  0,  0,  0,  0,  0,  0,  0,  0,  0,  0,  0,  0,  2,  0,  0,  0,  0,  0,  0, ],
[ 0,  0,  0,  0,  0,  0,  0,  0,  0,  0,  0,  0,  0,  0,  0,  0,  0,  0,  0,  0,  0,  0,  0,  0, ],
[ 0,  0,  0,  0,  0,  0,  0,  0,  0,  0,  0,  0,  0,  0,  0,  0,  0,  0,  0,  0,  0,  3,  0,  0, ],
[ 0,  0,  0,  0,  0,  0,  0,  0,  0,  0,  0,  0,  0,  0,  0,  0,  0,  0,  0,  0,  0,  0,  0,  0, ],


[1.0000, -1.0000, ],
[0.0936, -0.7945, ],
[-0.1643, -0.4593, ],
[-0.1020, 0.2335, ],
[0.8156, -0.3033, ],
[0.5352, -0.1245, ],
[-0.5912, 0.3886, ],
[0.1797, 0.4037, ],
[-0.1719, -0.6367, ],
[-0.3888, 0.6284, ],
[0.5171, -0.0858, ],
[0.2860, -0.5753, ],
[-0.6058, -0.7566, ],
[0.5478, 0.0556, ],
[0.2292, 0.5290, ],
[-0.6144, 0.0330, ],
[0.6770, -0.5619, ],
[-0.0442, 0.9962, ],
[0.4370, -0.1453, ],
[-0.0305, -0.7155, ],
[0.7917, 0.0814, ],
[0.3044, 0.3694, ],
[0.5844, -0.2544, ],
[-1.0000, -0.0752, ],
[0.7690, -0.7265, ],
[0.3641, -0.0819, ],
[-1.0000, 0.5829, ],
[0.1359, 1.0000, ],
[0.6849, 0.3750, ],
[-0.4610, -0.5491, ],
[-0.4954, 0.3850, ],
[-0.0235, 0.5525, ],
[0.8577, -0.1781, ],
[0.3643, 0.8072, ],
[-0.1402, 0.1560, ],
[-0.3982, 0.3075, ],
[-0.7624, 0.1238, ],
[0.6061, 0.0068, ],
[1.0000, 0.9702, ],
[0.8271, 0.5131, ],
[0.3844, -0.6780, ],
[0.0371, 0.2801, ],
[0.3937, 0.2687, ],
[0.3531, -0.6628, ],
[0.1784, -0.3178, ],
[0.3049, 0.8498, ],
[0.2130, -0.2510, ],
[-0.3974, -0.3266, ],
[-0.1486, 0.5530, ],
[1.0000, 0.7569, ],
[0.5296, -0.0991, ],
[0.0885, -0.2584, ],
[0.1344, -0.7793, ],
[-0.5947, -0.3943, ],
[-0.2114, 0.3399, ],
[0.5846, -0.7364, ],
[1.0000, -0.0121, ],
[-0.8719, 0.4427, ],
[-0.8141, 0.4505, ],
[0.0846, -0.3484, ],
[0.6651, 0.3976, ],
[-0.5625, 0.2944, ],
[-0.7729, -0.0892, ],
[0.4407, 0.2326, ],
[0.8648, 0.0141, ],
[0.6674, 0.5584, ],
[0.8068, 0.5783, ],
[0.2609, -0.5254, ],
[0.1698, 0.0627, ],
[0.8567, -0.1419, ],
[0.9327, 0.4060, ],
[0.0586, 0.4420, ],
[-0.4681, 0.1300, ],
[-0.2030, 0.5203, ],
[-0.8542, 0.7256, ],
[-0.9494, -0.2645, ],
[1.0000, 0.3240, ],
[0.2183, -0.0033, ],
[0.2513, 0.1335, ],
[-0.6880, -0.2558, ],
[0.2433, -0.9717, ],
[0.0620, 0.6183, ],
[-0.1135, -0.1985, ],
[-0.3164, 0.7659, ],
[-0.7607, 0.1552, ],
[-0.3286, -0.3963, ],
[-0.0314, 0.5990, ],
[0.6914, 0.4965, ],
[0.7079, -0.6787, ],
[0.5743, -0.9493, ],
[-0.4626, 0.0105, ],
[-0.0581, 0.9150, ],
[0.0176, -0.4812, ],
[0.2118, 0.1912, ],
[-0.3872, -0.9472, ],
[-0.3151, -0.3565, ],
[-0.7700, 0.0497, ],
[0.8256, -0.5009, ],
[0.8680, 0.5442, ],
[0.4273, 0.6647, ],


[4.0000, ],
[4.0000, ],
[4.0000, ],
[9.0000, ],
[7.0000, ],
[3.0000, ],
[5.0000, ],
[7.0000, ],
[6.0000, ],
[5.0000, ],
[0.0000, ],
[3.0000, ],
[6.0000, ],
[22.0000, ],
[3.0000, ],
[3.0000, ],
[20.0000, ],
[4.0000, ],
[0.0000, ],
[0.0000, ],
[13.0000, ],
[0.0000, ],
[4.0000, ],
[14.0000, ],
[0.0000, ],
[5.0000, ],
[5.0000, ],
[7.0000, ],
[11.0000, ],
[6.0000, ],
[0.0000, ],
[6.0000, ],
[5.0000, ],
[11.0000, ],
[9.0000, ],
[4.0000, ],
[2.0000, ],
[6.0000, ],
[4.0000, ],
[8.0000, ],
[9.0000, ],
[8.0000, ],
[0.0000, ],
[5.0000, ],
[3.0000, ],
[5.0000, ],
[15.0000, ],
[4.0000, ],
[7.0000, ],
[8.0000, ],
[5.0000, ],
[8.0000, ],
[10.0000, ],
[6.0000, ],
[10.0000, ],
[0.0000, ],
[11.0000, ],
[1.0000, ],
[8.0000, ],
[16.0000, ],
[8.0000, ],
[2.0000, ],
[4.0000, ],
[3.0000, ],
[6.0000, ],
[4.0000, ],
[0.0000, ],
[5.0000, ],
[4.0000, ],
[14.0000, ],
[13.0000, ],
[3.0000, ],
[13.0000, ],
[0.0000, ],
[3.0000, ],
[4.0000, ],
[6.0000, ],
[12.0000, ],
[9.0000, ],
[4.0000, ],
[15.0000, ],
[13.0000, ],
[14.0000, ],
[10.0000, ],
[3.0000, ],
[9.0000, ],
[13.0000, ],
[3.0000, ],
[13.0000, ],
[13.0000, ],
[10.0000, ],
[0.0000, ],
[9.0000, ],
[0.0000, ],
[2.0000, ],
[0.0000, ],
[3.0000, ],
[0.0000, ],
[2.0000, ],
[0.0000, ],


