[ 0,  0,  0,  0,  0,  0,  0,  0,  0,  0,  0,  0,  0,  0,  2,  0,  0, 11, 11,  0,  0,  0,  0,  0, ],
[ 0,  0,  0,  0,  0,  8,  0,  2,  0,  0,  0,  0,  0,  0,  0,  0,  0,  0,  0,  0,  0,  0,  1,  0, ],
[ 0,  0,  0,  1,  0,  0,  9,  0,  0,  0,  0, 13,  0,  0,  0,  0,  0, 14,  0,  0,  0,  0,  0,  0, ],
[ 0,  0,  0, 10,  0,  0,  0,  0,  0,  0,  0,  0,  0,  0, 12,  0,  0,  0,  0,  0,  2,  0,  0,  0, ],
[ 4,  0,  0,  0,  0,  0,  0,  0,  0,  0,  0,  0,  0,  0,  0,  0,  0,  0,  0,  0,  0,  0,  0,  0, ],
[ 0,  0,  0,  0,  0,  0,  0,  0,  0,  0,  0,  0,  0,  0,  0,  0,  0,  0,  0,  0,  1,  0,  0,  2, ],
[ 0,  0,  0,  0,  0,  0,  0,  1,  0,  0,  0,  0,  0,  9,  0,  0, 14,  0,  0,  0,  0,  0,  0,  0, ],
[ 0,  0,  0,  0,  0,  0,  0,  0,  6,  0, 10,  0,  0,  0,  0,  0,  0,  0,  0,  0,  0,  0,  0,  0, ],
[ 0,  0,  0,  0,  0,  0,  0,  0,  0,  0,  0,  0,  0,  0,  0,  0,  0,  0,  0,  0,  0,  0,  0,  0, ],
[ 0,  0,  0,  0,  0,  0,  0,  0,  0,  3,  0,  0,  0,  0,  0,  0,  0,  0,  0,  0,  0,  2,  0,  0, ],
[ 0,  0,  0,  8,  0,  0,  0,  0,  0,  0,  0,  0,  0,  0,  0,  0,  0,  0,  0,  0, 12,  0,  0,  0, ],
[ 0,  0,  0,  0,  0,  0,  9,  0,  0,  0,  0,  0,  0,  0,  1,  0,  0,  0,  2,  0,  0,  0,  0,  0, ],
[ 0,  0,  0,  0,  0,  0,  0,  0,  0,  0,  0,  0,  0,  0,  0,  5,  0,  0,  0,  0,  0,  0,  0,  2, ],
[ 0, 13,  0,  0,  0,  0,  0,  0,  0,  0,  0,  0,  0,  0,  0,  0,  0,  0,  0,  0,  0,  0,  0,  0, ],
[ 0,  0,  0,  0,  0,  0,  0,  0,  0, 13,  0,  0,  0, 13,  0,  0,  0, 12,  0,  0,  0,  0,  0,  0, ],
[ 0,  0,  0,  0,  0,  0,  0,  0,  0,  0,  0,  0,  0, 13,  0,  0,  0,  0,  0,  0,  2,  0,  2,  0, ],
[ 0,  0,  0,  0,  0,  0,  8,  0,  0,  0,  0,  0,  7,  0,  0,  0,  0,  0,  0,  0,  0,  0,  0,  0, ],
[ 0,  0,  0,  0,  0,  0,  0,  0,  0,  0,  0,  0,  0,  0,  0,  1,  0,  0,  0,  0,  0,  0,  7,  0, ],
[ 0,  0,  0,  0,  0, 10,  0,  0,  0,  0,  0,  0,  0,  0,  0,  0,  0,  0,  0, 12,  0,  0,  5,  0, ],
[ 5,  0,  0,  0,  4,  0,  0,  0,  0,  0,  0,  0,  6,  0,  0,  0,  0,  0,  0,  0,  0,  0,  0,  0, ],
[ 0,  0,  0,  0,  0,  0,  0, 10,  0,  9,  0,  0,  2,  0,  0,  0,  0, 11,  0,  0,  0,  0,  0,  0, ],
[ 0,  0,  0,  0,  0,  0,  0,  0,  0,  0,  8,  0,  0,  0,  0,  0,  0,  2,  0,  0,  0,  0,  0,  0, ],
[ 0,  0,  0,  0,  0,  0,  0,  0, 10,  0,  0,  0,  0,  0,  0,  0,  0,  0,  0,  0,  0,  0,  0,  0, ],
[ 0,  0,  8,  0,  0,  0,  0,  0,  0,  0,  0,  0,  0,  0,  0,  0,  0,  0,  0,  0, 12,  0,  0,  0, ],
[ 0,  0,  0,  0,  0,  0,  0,  1,  0,  0,  0,  0,  0,  0,  0,  0,  0,  0,  0,  4,  0,  0,  0,  0, ],
[ 0,  0,  0,  0,  0,  7,  0,  0,  0,  0,  0,  0,  0,  5,  0,  0,  0,  0,  0,  0,  0,  0,  0,  0, ],
[ 0,  0,  0,  0,  0,  0,  8,  0,  0,  0,  0,  0,  0,  0,  0, 13,  0,  6,  0,  0,  0,  0,  0,  6, ],
[ 0, 14,  0,  0,  9,  0,  0,  0,  0,  4,  0,  0,  7,  0, 12,  5,  0,  0, 11,  0,  0,  0,  0,  0, ],
[ 6,  0,  0,  0,  0,  0,  0,  0,  0,  0,  0,  0,  5,  0,  0,  9,  0,  0,  0,  0, 11,  0,  0,  0, ],
[ 0,  0,  0,  0,  0,  0,  0,  0,  0,  0,  0,  0,  0,  0,  0,  0,  0,  0,  0,  0,  0,  0,  0,  0, ],
[ 0,  0,  0,  0,  0,  0,  0, 12,  0,  0,  0,  0,  0,  0,  0,  0,  0,  7,  6,  0,  0,  0,  0, 14, ],
[ 0,  0,  0,  5, 14,  0,  0,  0,  0,  0,  0,  0,  0,  0,  0,  0,  0,  0,  0,  0,  0,  0,  0,  0, ],
[ 0,  0,  0,  0,  0,  0,  0,  0,  9,  0,  0,  0,  0,  0, 10,  0,  0,  0,  0,  0,  0,  0,  0,  3, ],
[ 0,  0,  0,  0,  0,  0, 13,  0,  0,  0,  0,  0,  0,  0,  0,  1,  0,  0,  0,  4,  0,  0,  0,  0, ],
[ 0,  0,  0,  0,  0,  0, 11,  7,  0,  0,  0,  0,  0,  0,  0,  7,  0,  0,  0,  0, 11,  0,  4,  0, ],
[ 0,  0,  0,  0,  0,  0,  8,  0,  0,  0,  0,  0,  0,  0,  0,  0,  0,  0,  0,  0,  0,  0,  0,  0, ],
[ 0,  0,  0,  0,  0,  0,  0,  0,  0,  0,  0,  0,  0,  0,  0,  0,  0,  0,  0,  0,  5,  0, 11,  0, ],
[12,  0,  0,  0,  0,  0,  0,  0,  0,  0,  0,  0,  0,  0,  0,  0,  0,  0,  0,  0,  0,  0,  0,  0, ],
[ 0,  0,  5,  0,  0,  0,  0,  0,  0,  0,  0,  8,  0,  0,  0,  0,  0,  0,  0,  0,  3,  0,  0,  0, ],
[ 0,  0,  0,  0,  0,  0, 14,  0, 14,  0,  0,  0,  0,  0,  0,  0,  0,  0,  0,  0,  0,  0,  0,  0, ],
[ 0,  0,  3,  0,  0,  0,  0,  0,  0,  0,  0,  0,  0,  0,  0,  0,  1,  2,  0,  0,  0,  0,  0,  0, ],
[ 0,  0,  0,  0,  0,  0,  0,  0,  0, 10,  0, 10,  0,  0,  0,  0,  0,  0,  0,  0,  0,  0,  0,  0, ],
[ 0, 14,  0,  0,  0,  0,  0,  0,  0,  0,  0,  0,  0,  0,  0,  0,  0,  0,  0,  0,  0,  0,  0,  0, ],
[ 0,  0,  0,  0,  0,  0,  0,  3, 13,  0,  0,  0,  0, 10,  0,  0,  0,  0,  0,  0,  6,  0,  0,  0, ],
[ 0,  0,  0,  0,  2,  0,  0,  0,  0,  0, 12,  0,  0,  0,  0,  0,  0,  0,  0,  0,  5,  0,  0,  0, ],
[ 0,  0,  0,  0,  0,  0,  0,  8,  0,  0,  0,  0,  0,  0,  0,  0,  0, 10,  0,  0,  0,  0,  0,  0, ],
[ 0,  0, 13,  0,  0,  0,  0,  0,  0,  0,  0,  0,  0,  0,  0,  0,  0,  0,  0,  0,  0,  0,  0,  0, ],
[ 0,  0,  0,  0,  0,  0,  0,  0,  0,  0,  0,  0,  0,  0,  0,  0,  0,  0,  0,  0,  0,  0,  2,  0, ],
[ 0,  0,  0,  5,  0,  8,  0,  0,  0,  0,  0,  0,  2,  0,  0,  0, 12,  0,  0,  0,  0, 12,  0,  0, ],
[ 0,  0,  0,  0,  5,  0,  0,  0,  0,  0,  0,  0,  0,  0,  0,  0,  0,  0,  0,  0,  0,  0,  0,  0, ],
[ 0,  0,  0, 14,  0,  0,  0,  0,  0,  0,  0,  0,  0,  0,  0,  0,  0,  0,  0, 13,  0,  0,  0,  0, ],
[ 0,  0,  0,  0,  0,  0,  0,  0,  0,  3,  3,  0,  0,  0,  0,  0,  0,  0,  0,  0,  0,  0,  0,  4, ],
[ 0,  0,  0,  0,  0,  0,  0,  0,  0,  0,  0,  0,  0,  0,  0,  0,  0,  0,  0,  0,  5,  0,  0,  0, ],
[ 0,  0,  6,  0,  0,  0,  0,  0,  0,  0,  0,  0,  0,  0,  0,  0,  0,  0,  0,  0,  0,  0,  0,  0, ],
[ 0,  0,  0,  0,  0,  0,  0,  0,  0,  0,  0,  0,  5,  0,  2,  0,  0,  0,  0,  0,  0,  0,  0,  0, ],
[ 0,  0,  0,  0,  0,  0,  0,  0,  0,  0,  0,  0,  0,  0,  0,  0,  0,  1,  0,  4,  0,  0,  0,  0, ],
[ 0,  0,  0,  2, 13,  0,  0,  0,  0,  0, 14,  3,  0,  0,  0,  0,  0,  0,  0,  0,  0,  0,  0,  0, ],
[ 0,  0,  0,  0, 12,  0,  0,  0,  0,  0,  0,  0,  0,  0,  0,  0,  0,  0,  0,  0,  0,  0,  0,  0, ],
[ 0,  0,  0,  0,  0,  0,  5,  1,  0,  0,  0,  3,  0,  0,  0,  0,  0,  0,  0,  0,  0,  0,  0,  0, ],
[ 0,  4,  0,  0,  0,  0,  0,  0,  0,  0,  0,  0,  0,  0,  0,  0,  0,  0,  2,  0,  0, 12,  0,  0, ],
[ 0,  0,  0, 14,  0,  0,  0,  0,  9,  0,  0,  0,  0,  0,  0,  0,  6,  0,  0,  0,  0,  0,  0,  0, ],
[ 0,  0,  0,  0,  0,  0,  0,  0,  0,  0,  9,  0,  0,  0,  7,  0,  0,  0,  0,  0,  0,  0,  0,  8, ],
[ 0,  0,  0,  0,  0,  0,  0,  0,  0,  0,  0,  0,  0,  0,  3,  0,  0,  0,  0,  0,  0,  0, 11,  0, ],
[ 0, 10,  0, 12,  0,  0,  0,  0,  0,  0,  4,  0,  0,  0,  8,  0,  0,  0,  0,  0,  0,  0,  0,  0, ],
[ 0,  0,  0,  0,  0,  0,  0,  0,  4,  0,  8,  0,  0,  0,  0,  0,  0,  0,  0,  0,  0,  0,  0,  0, ],
[ 0,  4, 12,  0,  0,  0,  0,  0,  0,  0,  7,  0,  0,  0,  0,  0,  0, 12,  0,  0,  0,  0,  0,  0, ],
[ 0,  0,  0,  0,  0,  0,  0,  9,  0,  0,  0,  0,  0,  0,  0,  0,  0,  0,  0,  0,  0, 14,  0,  0, ],
[ 0,  0,  0,  0,  0,  0,  9,  0,  0,  0,  0,  0,  0,  0,  4,  0,  0,  0,  0,  0,  0,  0,  0,  0, ],
[ 0,  0,  0,  0,  0,  0,  0,  0,  0,  0,  0,  0,  0,  1,  0,  0,  0,  0,  0,  0,  0,  0,  0,  0, ],
[ 0,  0,  4,  0,  0,  8,  0,  0, 13,  0, 12,  0,  0,  0,  0,  0,  0,  0,  0,  0,  0,  0,  0,  0, ],
[ 0,  0,  0,  0,  4,  0,  0,  0,  0,  0,  0,  0,  0,  0,  0,  0,  0,  0, 11,  0,  0,  0,  0,  5, ],
[ 0,  0,  0,  6,  0,  0,  0,  0,  0,  0,  0,  0,  0,  0,  0,  0,  0,  0,  0,  0, 14,  0,  0,  0, ],
[ 0,  0,  0,  0,  0,  0,  0,  0,  0,  0,  0,  0,  0,  0,  0,  0, 13,  0,  0,  0,  0,  0,  0,  0, ],
[ 0,  0,  0,  0,  0,  0,  0,  0,  0,  1,  0,  0,  0,  0,  0,  0,  0,  0,  0,  0,  0,  0,  0,  0, ],
[ 0,  7,  0,  0,  0,  0,  0,  0,  0,  0,  0,  0,  0,  0,  0,  0,  0,  0,  0,  0,  0,  0,  0,  0, ],
[ 0,  0,  0,  2,  0,  0,  0,  0,  0,  0,  7,  0, 14,  0,  4,  0,  0,  0,  0,  0,  0,  0,  0, 13, ],
[ 0,  0,  0,  0,  0, 11,  0,  0,  8,  0,  9,  0,  3,  0,  0,  0,  0,  9,  0,  0,  1,  0,  0,  0, ],
[ 0,  2,  0,  0,  0,  0,  0,  0,  0,  0,  0,  0,  0,  0,  0,  0,  0,  0,  0,  0,  0,  0,  0,  0, ],
[ 0,  0,  0,  0,  6,  0,  0,  0,  0,  0,  0,  0,  6,  3,  6,  1,  0,  0,  0, 10,  0,  0,  0,  0, ],
[ 9,  0,  0,  0,  0,  5,  4,  0,  0,  0,  0,  0,  0,  0,  0,  0,  0,  0,  0,  0,  0,  0,  0,  0, ],
[14,  0,  0,  0,  0,  0,  0,  0,  0, 12,  0,  3,  0,  0,  0,  0,  0,  0,  0, 13,  0,  0,  0,  0, ],
[ 0,  0,  0,  0,  0, 14,  0,  0,  0,  0,  0,  0,  0,  0,  0,  0,  0,  0,  0,  0,  0,  0,  0,  0, ],
[ 0,  0,  0,  0,  0,  9,  0,  0,  0,  0,  0,  0, 10,  0,  0,  0,  0,  0,  0,  0,  0,  0,  0, 12, ],
[ 0,  0,  0,  0,  0, 14,  0,  0,  0,  0,  0,  0,  0,  0,  0,  0,  0,  0,  0,  0,  0,  5,  0,  0, ],
[ 0,  0,  0,  0,  0,  0,  0,  0,  0,  0,  0,  0,  0,  0,  0,  0,  0,  0,  0,  0,  0,  0,  0,  0, ],
[ 0, 11,  2,  0, 14,  0,  0,  0,  0,  0,  0,  0,  0,  0,  0,  0,  9,  0,  0,  0,  0,  0,  0,  0, ],
[ 0,  0,  0,  0,  0,  0,  0,  0,  0,  0,  0,  0,  0,  0,  0,  0,  0, 12,  0,  0,  0,  0, 14,  0, ],
[ 0,  0,  0,  0,  0, 13,  0,  0,  0,  0,  0,  0,  0,  0,  2,  0,  0,  0,  0,  0,  0,  0,  0,  0, ],
[ 0,  0,  0,  0, 11,  0,  0,  0,  0,  0,  0,  0,  5,  0,  5,  0,  0,  0,  0,  5,  0,  0,  0,  0, ],
[ 3,  0,  0,  0,  6,  0,  0,  0,  0,  0,  0,  0,  0,  0,  0,  0,  0,  0,  0,  0,  0,  0,  0,  4, ],
[ 0,  0,  0,  0,  0,  0,  5,  0,  0,  0,  0,  0,  0,  0,  0, 11,  0,  0, 14,  0,  0,  0,  0,  0, ],
[ 0,  0, 13,  0,  0,  0,  0,  0,  0,  0,  0, 12,  0,  0,  4,  0,  0,  0,  5,  5,  0,  0,  0,  0, ],
[ 0,  0,  1,  0,  0, 11,  0,  0,  0,  0,  0,  0,  0,  0,  5,  0,  0,  0,  0,  0,  0,  0,  0,  0, ],
[ 0,  0,  0,  0,  4,  0,  0,  0,  0,  0,  0,  0,  0,  0,  0,  0,  0,  0,  0,  0,  0,  7,  0,  9, ],
[ 0,  0,  0,  0,  8,  0,  0,  0,  7,  0,  0,  0,  0,  5,  0,  0,  0,  0,  0,  0,  0,  0,  0,  0, ],
[ 9,  0,  0,  0,  0,  0, 12,  0,  0,  0,  0,  0,  0, 12,  0,  0,  0,  0,  0,  0,  0,  0,  0,  0, ],
[ 0,  0,  0,  0,  0,  0,  0,  0,  0,  0,  0,  0,  0,  0,  0,  8,  0, 11,  0,  4,  0,  0,  0,  0, ],
[ 0, 12, 13,  0,  0,  0,  0, 14,  0,  0,  0, 13,  0,  0,  0,  0,  0,  0,  0,  0,  0,  0,  5,  0, ],
[ 0,  0,  0,  0,  0,  0,  0,  0,  0, 14,  0,  0,  0,  0,  7,  0,  0,  0,  0,  0,  0,  0,  0,  0, ],
[ 0,  0,  0,  0,  0,  0,  9,  6,  0,  0,  0,  0,  0, 12,  0,  0,  0,  0,  0,  0,  0,  0,  0,  0, ],


[0.9485, 0.3556, ],
[-0.1796, -0.3868, ],
[-0.0004, -0.4578, ],
[0.9179, 0.2335, ],
[-0.2820, 0.6453, ],
[0.5352, -0.9135, ],
[-0.5738, -0.9706, ],
[0.0118, 0.3880, ],
[0.0369, -0.6367, ],
[-0.6910, 0.2671, ],
[-0.9564, 0.0189, ],
[0.0066, -0.4763, ],
[-0.6057, -0.6455, ],
[0.5528, 0.3835, ],
[0.3889, 0.5918, ],
[-0.5398, -0.1375, ],
[-0.3817, -0.9050, ],
[0.2185, 0.8329, ],
[0.5040, -0.0547, ],
[0.3248, -0.8145, ],
[1.0000, 0.9213, ],
[0.0561, 0.0863, ],
[0.7509, -0.0423, ],
[0.9756, -0.4379, ],
[0.8457, -0.0911, ],
[0.0282, 0.0275, ],
[-0.3995, -0.5426, ],
[0.1512, -0.1891, ],
[0.2596, 0.2126, ],
[-0.6089, -0.4665, ],
[-1.0000, -0.3692, ],
[-0.0150, 0.5844, ],
[-0.9902, -0.1235, ],
[0.8421, 0.7070, ],
[-0.5103, 0.6911, ],
[-0.0261, 0.3420, ],
[0.1589, -0.1354, ],
[-0.4364, -0.2322, ],
[0.5870, 0.9208, ],
[0.7390, -0.7491, ],
[0.5101, 0.8597, ],
[0.0639, 0.3213, ],
[0.3320, 0.5352, ],
[0.3784, -1.0000, ],
[0.7851, -0.3952, ],
[0.2646, 0.9289, ],
[-0.5499, 0.3329, ],
[-0.5838, 0.5157, ],
[-0.5872, -0.7344, ],
[0.8335, 1.0000, ],
[0.7147, -0.1642, ],
[0.6850, -0.4615, ],
[-0.1190, -0.7440, ],
[-0.3355, -0.6102, ],
[-0.3224, 0.4247, ],
[0.5846, -0.3366, ],
[0.6639, -0.0185, ],
[-0.6635, 0.2771, ],
[-0.7101, 0.3141, ],
[0.2591, -0.4718, ],
[0.6410, 0.1864, ],
[0.2246, 0.1473, ],
[-0.5060, 0.0272, ],
[0.5618, 0.2645, ],
[0.2002, 0.9493, ],
[-0.4121, -0.8109, ],
[0.2930, 0.3438, ],
[0.3293, -0.5500, ],
[0.3206, 0.1330, ],
[0.7419, -0.1476, ],
[-0.7104, 0.5082, ],
[0.0801, 0.3618, ],
[-0.2896, 0.3217, ],
[-0.1339, 0.4162, ],
[-0.7082, 0.6899, ],
[-1.0000, -0.1136, ],
[1.0000, 0.3089, ],
[0.2767, -0.0111, ],
[0.1321, 0.0970, ],
[-0.4125, -0.2558, ],
[-0.4060, -0.8745, ],
[-0.4323, 0.0491, ],
[-0.3282, 0.8858, ],
[-0.1285, 0.8155, ],
[-0.2813, -0.2077, ],
[-0.3286, -0.3963, ],
[0.1868, 0.7038, ],
[-0.4019, 0.5819, ],
[0.5298, -0.9671, ],
[0.3222, -0.6046, ],
[-0.2293, -0.1726, ],
[-0.0581, -0.5187, ],
[-0.1894, -0.4762, ],
[0.8786, -0.0832, ],
[-0.8207, 0.9005, ],
[0.0713, 0.2009, ],
[-0.6329, -0.0550, ],
[0.7287, 0.3506, ],
[0.8717, 0.1989, ],
[0.4009, 0.8196, ],


[9.0000, ],
[5.0000, ],
[12.0000, ],
[9.0000, ],
[2.0000, ],
[2.0000, ],
[8.0000, ],
[7.0000, ],
[0.0000, ],
[3.0000, ],
[7.0000, ],
[5.0000, ],
[3.0000, ],
[4.0000, ],
[12.0000, ],
[6.0000, ],
[6.0000, ],
[4.0000, ],
[10.0000, ],
[7.0000, ],
[12.0000, ],
[4.0000, ],
[4.0000, ],
[7.0000, ],
[3.0000, ],
[5.0000, ],
[13.0000, ],
[22.0000, ],
[12.0000, ],
[0.0000, ],
[14.0000, ],
[6.0000, ],
[9.0000, ],
[7.0000, ],
[16.0000, ],
[3.0000, ],
[6.0000, ],
[4.0000, ],
[7.0000, ],
[8.0000, ],
[4.0000, ],
[8.0000, ],
[4.0000, ],
[13.0000, ],
[7.0000, ],
[7.0000, ],
[4.0000, ],
[1.0000, ],
[14.0000, ],
[2.0000, ],
[8.0000, ],
[6.0000, ],
[2.0000, ],
[3.0000, ],
[3.0000, ],
[3.0000, ],
[11.0000, ],
[4.0000, ],
[5.0000, ],
[7.0000, ],
[10.0000, ],
[9.0000, ],
[6.0000, ],
[13.0000, ],
[5.0000, ],
[13.0000, ],
[7.0000, ],
[5.0000, ],
[1.0000, ],
[13.0000, ],
[8.0000, ],
[7.0000, ],
[4.0000, ],
[1.0000, ],
[3.0000, ],
[14.0000, ],
[16.0000, ],
[1.0000, ],
[16.0000, ],
[7.0000, ],
[14.0000, ],
[4.0000, ],
[11.0000, ],
[6.0000, ],
[0.0000, ],
[12.0000, ],
[8.0000, ],
[5.0000, ],
[10.0000, ],
[7.0000, ],
[10.0000, ],
[14.0000, ],
[7.0000, ],
[8.0000, ],
[8.0000, ],
[11.0000, ],
[9.0000, ],
[18.0000, ],
[7.0000, ],
[10.0000, ],


