[ 0,  0,  0,  0,  0,  0,  0,  0,  0,  0,  9,  0,  0, 10,  0,  0,  0, 11,  1,  0,  0,  0,  0,  0, ],
[ 0,  0,  0,  0,  0,  0,  0,  0,  0,  0,  0,  0,  0,  0,  0,  0,  2,  0,  0,  0,  0,  5,  0,  0, ],
[ 0,  0,  4,  1,  0,  0,  0,  0,  0,  0,  0,  0,  0,  0,  0,  0,  0,  2,  0,  0,  0,  0,  0,  0, ],
[ 0,  0,  0,  0,  0,  0,  8,  0,  0,  0,  0,  0,  0,  0,  0,  0,  0,  0,  0,  0,  0,  0,  0,  0, ],
[ 0,  0,  0,  0,  0,  0,  0,  0,  0,  0,  0,  0,  0,  0,  0,  0,  3,  0,  0,  0,  0,  2,  0,  0, ],
[ 0,  0,  0,  1,  0,  0,  5, 14,  0,  0,  0,  0, 11,  0,  0,  0,  0,  0,  0,  0,  0,  0, 14,  0, ],
[ 0,  0,  4,  0,  0,  0,  0,  0,  0,  0,  0,  0,  0,  3,  0,  2,  0,  0,  0,  0,  0,  0,  0,  0, ],
[ 0,  0,  0,  0,  0,  8,  0,  0,  0,  0,  0,  0,  0,  0,  0,  0,  0,  0,  0,  0,  0,  0,  0,  0, ],
[ 0,  0,  2,  0,  0,  0,  0,  0,  0,  0,  0,  0,  0,  0,  0, 10,  0,  0,  2,  0,  2,  0,  8,  0, ],
[ 0,  0,  0,  0,  0,  0,  0,  0,  0,  0, 11,  0,  0,  0,  0,  0,  0,  0,  0,  0,  0,  5,  0,  0, ],
[ 0,  1,  0,  0,  0,  0,  0,  0,  0,  9,  0,  2,  0,  0,  0,  0,  0,  0,  0,  0,  0,  0,  0,  0, ],
[ 0,  0,  0,  0,  0,  0,  0,  0,  0,  0,  0,  0,  0,  0,  8,  0,  0,  0,  2,  0,  0,  0,  0,  0, ],
[ 0,  0,  0,  0,  0,  0,  0,  0,  0,  0,  0,  0,  0,  0,  0,  0, 13,  0,  0,  0,  0,  0,  0,  9, ],
[ 0,  0,  0,  0,  0,  0,  0,  0,  0,  0,  0, 12,  0,  0,  0,  0,  0,  0,  0,  0,  0,  0,  0,  0, ],
[ 0,  0,  0,  0,  0,  0,  0,  6,  0,  0,  0,  0,  0,  0,  0,  0,  0,  0,  1,  0,  0,  0,  0,  0, ],
[ 0,  0,  5,  0,  0,  0,  0,  0,  0,  0,  0,  0,  0,  0,  0,  0,  0,  0,  0,  0,  0,  0,  0, 14, ],
[ 0,  6,  0,  0,  0,  5,  0,  0,  0,  0,  0,  0,  9,  7,  0,  0,  7,  0,  0,  0,  0,  0,  0,  0, ],
[ 0,  0,  0,  0,  0,  0,  0,  0,  0,  0,  0,  0,  0,  0,  0,  0,  0,  0,  0,  0,  0, 10,  0,  0, ],
[ 0,  0,  0,  0,  0,  0,  0,  0,  0,  0,  0,  0,  0,  0,  0,  0,  0,  0,  0, 10,  0,  0,  5,  0, ],
[ 0,  0,  0,  0,  0,  0,  0,  0,  0,  0,  0,  0,  0,  0,  0,  0,  0,  0,  0,  0,  0,  0,  0,  0, ],
[ 0,  0,  1,  0,  0,  0,  0,  0,  0,  0,  0,  0,  0,  0,  0,  0,  0,  0,  0,  0,  0,  0,  0,  0, ],
[ 0, 12,  0,  0,  0,  0,  8,  0,  0,  0,  0,  0,  0,  0,  0,  0,  8,  0,  0,  0,  0,  0,  0,  0, ],
[13, 13,  0,  0,  0,  0,  0,  0,  0,  0,  0,  0,  0,  0,  0,  0,  0,  0,  0,  0,  0,  0,  0,  9, ],
[ 0,  0,  0,  0,  0,  0,  3,  0,  0,  0,  0,  0,  0,  0, 11, 10,  0,  0,  0,  0,  0, 11,  0,  0, ],
[ 4,  0,  0,  0,  0,  0,  0,  0,  0,  0,  0,  0,  0,  0,  0,  0,  0,  0,  1,  0,  0,  0,  0,  0, ],
[ 0,  0,  5,  0,  0,  0,  0,  0,  0,  0,  0,  0,  0,  0,  0,  0,  0,  0,  0,  0,  0,  0,  0,  0, ],
[ 0, 10, 13,  0,  0,  0,  0,  0,  0,  0,  0,  1,  0,  0,  0,  0,  0,  0,  0,  0,  0,  0,  4,  0, ],
[ 1,  0,  0,  0,  0,  0,  0,  0,  0,  0,  0,  0,  0, 12,  0,  0,  0,  0,  0,  0,  0,  0,  0,  0, ],
[ 0,  0,  0,  0,  0,  5,  0,  0,  0,  0,  0,  0,  0,  0,  0,  0,  0,  0,  0,  0,  0,  0,  0,  0, ],
[ 0,  0,  0,  0,  0,  0,  0,  0, 13,  0,  0,  0,  0,  0,  0,  0, 12,  0,  5,  0,  0,  0,  0,  0, ],
[ 0,  0,  0,  2,  0,  0,  0,  0,  0,  0,  0,  0,  0,  0,  0,  0,  0,  0,  0,  0,  0,  0,  0,  0, ],
[ 0, 12,  6,  0, 10,  0,  0,  0,  5,  0, 12,  0,  0,  0,  0,  0,  0,  7,  0,  0,  0,  0,  0,  0, ],
[ 0,  0,  0,  0,  0,  4,  0,  0,  0,  0,  0,  0,  0,  0,  0,  0,  0,  0,  0,  0,  0,  0,  0,  0, ],
[10,  0,  0,  0,  0,  0,  0,  0, 10,  0,  0, 14,  0,  0,  0,  0,  0,  0,  0,  0,  0,  0,  0,  0, ],
[ 0,  8,  0,  0,  0,  0,  0,  0,  0,  0,  0,  0,  0,  0,  0,  0, 11,  3,  0,  0,  0,  0,  0,  4, ],
[ 0,  0,  0,  0,  0,  0,  0,  0,  0,  0,  0,  0,  0,  0,  0,  0,  0,  0,  0,  0,  0,  0,  2,  0, ],
[ 0,  0,  0,  0,  9,  8,  0,  0,  0,  0,  0,  0,  0,  0,  0,  0,  0,  0,  0,  0,  0,  0,  0,  0, ],
[ 0,  0,  0,  0,  0,  1,  0,  4,  0,  0,  0,  0,  0,  0,  0,  0,  0,  0,  8,  0,  0,  0,  0,  0, ],
[ 0,  0,  0,  0,  3,  0,  0,  1,  0,  0,  0,  0,  0,  0,  0,  0,  0,  0,  0,  0,  0,  0,  0,  0, ],
[ 0,  0,  0,  0,  0,  0,  0,  0,  0,  0,  0,  0,  0,  0,  0,  0,  0,  0,  0,  0,  0,  0,  0,  0, ],
[ 0,  0,  0,  0,  0,  0,  0,  0,  0,  0,  8,  0,  8,  0,  0,  0,  0,  0,  0,  6,  0,  0,  0,  0, ],
[ 0,  0,  0,  0,  0,  0,  0,  0,  0, 10,  0, 10,  0,  0,  0,  0,  0,  0,  0,  0,  0,  0,  0,  0, ],
[ 0,  0,  0,  0,  0,  0,  0,  0,  0,  0,  0, 12,  0,  0,  0,  0,  0,  0,  0,  0,  0,  0,  0,  0, ],
[ 0, 11,  0,  0,  0,  0,  0,  0,  0,  0,  0,  0,  0,  0,  0,  0,  0,  0,  0,  0,  0,  0,  0,  0, ],
[ 0,  0,  0,  0,  0,  0,  0,  0,  0,  0,  0,  0,  0,  0,  0,  0,  2,  0,  0,  0,  0,  0,  0,  0, ],
[ 0,  0,  0,  0,  0,  0,  0,  0,  0,  0,  0,  0,  0,  0,  4,  0,  0,  0,  0,  0,  0,  0,  0,  0, ],
[ 0, 11,  0, 14,  0,  0,  0,  0,  0,  0,  0, 10,  0,  0,  0,  0,  0,  0,  0,  0,  0,  0,  0, 10, ],
[12,  0,  0,  0,  0,  0,  0,  0,  0,  0,  0,  0,  0,  0,  0,  0,  0,  0,  0,  0,  0,  0,  0,  0, ],
[ 0,  0,  0,  8,  0,  0,  0,  0,  0,  0,  0,  3,  0,  0,  0,  0,  0,  0,  0,  0,  0,  0,  0,  0, ],
[ 0,  0,  0,  0,  0,  0,  0,  0,  0,  0,  0,  0,  0,  0,  0,  0,  0,  0,  0,  0,  0,  0,  0, 11, ],
[ 0,  0,  0,  0,  0,  0,  0,  0,  7,  0,  0,  0,  0,  0,  0,  0,  0,  2,  0,  0,  0,  0,  0,  0, ],
[ 0, 14,  0,  0,  0,  0,  0,  7,  0,  0,  0,  0,  2,  0,  0,  7,  0,  0, 13,  0,  0,  0,  0,  0, ],
[ 0,  0,  0,  7,  0,  2,  0,  0,  0,  0,  0,  0,  0,  0,  0, 14,  0,  0,  0,  0,  0,  0,  0,  0, ],
[ 0,  0,  0,  0,  0, 14,  0,  0,  0,  0,  0,  0,  0,  0,  0,  0,  0,  0,  0,  0,  0,  0,  0,  0, ],
[ 5,  0,  0,  0,  0,  0,  0,  0,  0,  0,  0,  0,  0,  9,  0,  0,  0,  0,  0,  0,  0,  0,  0,  0, ],
[ 0,  0,  0,  0,  0,  0,  0,  0,  6,  0,  6,  0,  0,  0,  0,  0,  0,  0,  0,  0,  0,  0,  0,  0, ],
[ 0,  0,  0,  0, 13,  0,  0,  0,  0,  0,  0,  0,  5,  0,  0,  0,  0,  0,  0,  0,  0,  0,  4,  0, ],
[ 0,  0,  0,  0,  0,  0,  5,  0,  0,  0,  0,  0,  0,  0,  0,  0,  0,  0,  0,  0,  1,  0,  0,  0, ],
[ 0,  0,  0,  0,  0,  0,  0,  0,  0,  0,  0,  0,  0,  0,  0,  0,  0,  0,  0,  0, 11,  0,  0,  0, ],
[ 0,  0,  0,  0,  0,  0,  0,  1,  0,  0,  0,  0,  0,  0,  0,  4,  0,  0,  0,  0,  0,  7,  0,  0, ],
[ 0,  0,  0,  0,  0,  0,  0,  0,  0,  0,  0,  0,  0,  0,  0,  5,  0,  0,  0,  0,  0,  0,  0,  0, ],
[ 7,  0,  0,  0,  0,  0,  0,  0,  0,  0,  0,  0,  0,  0,  0,  0,  0,  0,  0,  0,  0,  0,  0,  0, ],
[ 0,  0,  0,  0,  0,  0,  0,  8,  0,  0,  0,  0,  0,  0,  0,  0, 12,  0,  0, 14,  0,  0,  0,  0, ],
[ 0,  0,  0,  0,  0,  7,  0,  0,  0,  0, 14,  0,  0,  0,  0,  0,  0,  0,  0,  0,  0,  0,  0,  0, ],
[ 0,  0,  3,  0,  0,  0,  0,  0,  0,  0,  0,  0,  6,  0,  3,  0,  0,  0,  0,  8,  0,  0,  0,  0, ],
[ 0,  0,  0,  0,  0,  0,  4,  0,  0,  0,  0,  0,  0,  0,  0,  4,  0,  0,  0,  0,  0,  0,  0, 13, ],
[ 3,  0,  0,  0,  0,  0,  5,  0,  8,  0,  0,  0,  0,  0,  0,  0,  0,  0,  0,  0,  0, 13,  0,  0, ],
[12,  0,  0,  0,  0,  0,  9,  0,  0,  0,  0,  0,  5,  0,  0,  0,  0,  0,  5, 10,  0,  0,  0,  0, ],
[ 0,  0,  0,  0,  0,  0,  0,  5,  0,  0,  0,  8,  0,  0,  0,  0,  0,  0,  0,  6,  0,  0,  0,  0, ],
[ 0,  0,  4,  0,  0,  0,  0,  0,  7,  0,  0,  0,  0,  0,  0,  0,  3,  2,  0,  0,  0,  0,  0,  0, ],
[ 0,  0,  0,  0,  0,  0,  0,  0,  0,  0,  0,  0,  0,  0,  0,  0,  0,  8,  0,  0,  0,  0,  0,  0, ],
[ 0, 13,  0,  0,  0,  0,  0,  0,  0,  0,  0,  0,  0,  0,  0,  8,  0,  2,  0,  0,  0,  9,  0,  0, ],
[ 0,  0,  0,  0,  0,  0,  0,  0,  0,  0,  2,  0,  5,  0,  0,  0,  0,  0,  0,  0,  0,  0,  0,  0, ],
[ 0,  0,  2,  0,  0,  0, 11,  0,  0,  0,  5,  0,  0,  0,  0,  0,  0,  0,  0,  0,  0,  0,  0,  0, ],
[ 0,  0,  0,  0,  0,  0,  0,  0,  0,  0,  0,  0,  0,  0,  0,  0,  0,  0,  0,  0,  0,  0,  0,  0, ],
[ 0,  0,  8,  0, 13,  0,  0,  0,  0,  0,  0,  0, 13,  0,  0, 11,  0,  0,  0,  0,  0,  0,  0,  0, ],
[ 0,  0,  0, 14,  0,  0,  0,  0,  0,  7,  8,  0,  0,  0,  0,  0,  0,  1,  0,  0,  0,  0,  0,  0, ],
[ 0,  0,  0,  0,  0,  0,  0,  0,  0,  0,  8,  0,  0, 14,  0,  0,  0,  0,  0,  0,  0,  0,  0,  0, ],
[12,  0,  0,  0, 10,  0,  0,  0,  0,  0,  0, 10,  0,  0,  0,  0,  0,  0,  0,  0,  0,  0,  4,  0, ],
[ 0,  0,  0,  0,  5,  0,  4,  0,  0,  0,  0,  0,  0,  0, 14,  0,  0,  0,  0,  0,  0,  0,  0,  5, ],
[ 0,  0,  0,  0,  0,  0,  0,  0,  0,  0,  0,  0,  0,  0,  0,  0,  0,  0,  0,  0,  0,  0,  0,  0, ],
[ 0,  0,  0, 12,  0,  0,  0,  0,  0,  0,  0,  0,  0,  0,  1,  2,  0,  0,  0,  0,  0,  0,  0,  0, ],
[ 0,  0,  0,  0,  0,  0,  0,  0,  0,  0,  8,  0,  0,  0,  0,  0,  0,  0,  0,  0,  6,  0,  0,  0, ],
[ 8,  2,  2,  0,  0,  9,  0,  0,  0,  0,  0,  0,  0,  0,  0,  0,  0,  0, 11,  5,  0,  0,  0,  0, ],
[ 0,  0,  0,  0,  0,  0,  0,  0,  0,  0,  0,  0,  0,  6,  0,  0,  0,  0,  0,  0,  0,  0,  0,  0, ],
[ 0,  0,  0,  0,  0,  0,  0,  0,  0,  8,  0,  0,  0,  0,  0,  0,  0,  0,  0,  0,  0,  0,  0,  0, ],
[ 0,  0, 11,  1,  0,  0,  0, 14,  0,  9,  0, 11,  0, 11,  0,  0,  0,  1,  0,  0,  0,  0, 14,  8, ],
[ 0,  0,  9,  0,  0,  0,  0,  0,  0,  0,  0,  0,  0,  8,  0,  0,  0,  0,  0,  0,  0,  0,  0,  0, ],
[ 0,  0,  0,  0,  0,  0,  0,  0,  0,  2,  0,  0,  0,  0,  0,  0,  0,  0, 12,  0,  0,  0,  0,  0, ],
[ 0,  0,  0,  0,  0,  0,  0,  0,  0,  0,  0,  0,  0,  0,  0,  0,  0, 14,  0, 14,  0,  0,  0,  9, ],
[ 0,  0,  0,  0,  0,  0,  0,  0,  0,  1,  0,  4,  0,  0,  0,  0, 11,  0,  0,  0,  0,  0,  0,  0, ],
[ 0,  0,  0,  9,  0,  0,  0,  0,  1,  0,  0,  0,  0,  0,  0,  0,  0,  0,  0,  0,  0,  0,  8,  7, ],
[ 0,  9,  0,  0,  0,  0,  0,  0,  0, 12,  0,  0,  0,  0,  0,  0,  0,  0,  0,  0,  0,  8,  0,  0, ],
[ 0,  0,  0,  0,  0,  0,  0,  0,  0,  0,  0,  0,  0,  0,  0,  0,  0,  0,  0,  0,  0,  0,  9,  3, ],
[ 0,  0,  6,  0,  0,  0,  0,  0,  0,  8,  0,  0, 11,  0,  2,  0,  0,  0,  0,  0,  0,  0,  0,  0, ],
[ 0,  0,  0,  0,  0,  0,  0,  4,  0,  0,  3,  0,  0,  0,  0,  0,  2,  0,  0,  0,  0,  0,  0,  0, ],
[ 0,  0,  0,  0,  0,  0, 13,  0,  0,  0,  0,  0,  0,  0,  0,  0,  0, 11,  0,  0,  0,  0,  0, 14, ],
[ 0,  0, 13, 13,  0,  0,  0,  0,  0,  0,  0,  0,  0,  1,  0,  0,  0,  0,  0,  0,  0,  0,  0,  0, ],
[ 0,  0,  0,  0,  0,  0,  0,  0,  0,  0,  0,  0,  0,  0,  0,  0,  0,  0,  0,  0,  0, 11,  0,  0, ],
[ 0,  0,  0,  0,  0,  0,  0,  0,  0,  0,  0,  0,  0,  0,  0,  0,  0,  0,  0,  0,  0,  0,  0,  0, ],


[0.8373, -0.0477, ],
[-0.6260, -0.5940, ],
[-0.0349, 0.8734, ],
[0.4408, 0.1622, ],
[0.7757, 0.9975, ],
[0.4674, 0.0298, ],
[-0.3035, 1.0000, ],
[0.5614, 0.3880, ],
[-0.0542, -0.4691, ],
[-0.3117, -0.0830, ],
[-0.5993, -0.1817, ],
[-0.0931, -0.4763, ],
[0.2892, -0.7067, ],
[0.3726, 0.4002, ],
[0.2040, 0.6715, ],
[-0.7902, -0.1375, ],
[0.7359, 0.9807, ],
[0.2413, 0.2338, ],
[0.6397, 0.4758, ],
[0.1787, -0.9796, ],
[0.4409, 0.1192, ],
[0.3659, -0.7325, ],
[0.3587, 0.1701, ],
[0.2930, -0.4832, ],
[0.6989, 0.0694, ],
[-0.5386, 0.1017, ],
[-0.4939, 0.6077, ],
[-0.5369, -0.3573, ],
[0.4287, 0.2451, ],
[0.6412, -0.4436, ],
[-0.7095, 0.3463, ],
[-0.0235, 0.6651, ],
[-1.0000, -0.0321, ],
[0.5842, 0.7869, ],
[0.2481, 0.2997, ],
[-0.7546, 0.2107, ],
[0.4175, 1.0000, ],
[0.4975, -0.2943, ],
[0.1948, -0.5304, ],
[0.6207, 0.6567, ],
[0.7146, 0.3745, ],
[0.0428, 0.2506, ],
[0.9861, -0.1699, ],
[-0.0891, -0.8002, ],
[0.6351, -0.5946, ],
[-0.7425, -0.2189, ],
[-0.7641, 0.5568, ],
[0.1290, 0.8086, ],
[-0.1974, -0.3849, ],
[0.9469, 0.8131, ],
[0.4263, 0.8595, ],
[0.6058, 0.1803, ],
[0.4474, 0.4780, ],
[-0.0158, 0.8220, ],
[-0.3224, -0.1347, ],
[0.1697, -0.0461, ],
[0.4919, -0.4126, ],
[-0.8719, 0.0229, ],
[-0.4688, 0.5310, ],
[0.2553, -0.4915, ],
[0.6642, 0.5407, ],
[-0.5625, -0.0608, ],
[0.1583, -0.0179, ],
[0.1111, 0.5766, ],
[0.5625, 1.0000, ],
[-0.3260, -0.8228, ],
[0.6616, 0.7612, ],
[-0.7931, -0.4834, ],
[-0.9290, 0.1121, ],
[0.5156, -0.2419, ],
[0.5769, 0.5082, ],
[-0.7051, 0.2127, ],
[0.6721, -0.2267, ],
[-0.0571, 0.4844, ],
[0.3423, 0.8429, ],
[-0.7828, -0.9398, ],
[-0.8061, 0.6277, ],
[0.9861, 0.3081, ],
[0.4669, 0.3249, ],
[-0.4987, 0.2710, ],
[-0.9511, 0.4890, ],
[-0.4057, 0.4670, ],
[-0.1946, 0.7302, ],
[-0.5363, -1.0000, ],
[-0.6865, 0.0184, ],
[-0.6411, -0.4797, ],
[-0.0142, -0.6675, ],
[0.9307, 0.0655, ],
[-0.1104, -0.7187, ],
[0.4270, -0.4269, ],
[-0.2293, -0.1571, ],
[0.4605, -0.3890, ],
[-0.0992, 0.5149, ],
[0.8583, -0.1035, ],
[-0.6069, -0.9472, ],
[-0.5299, -0.3881, ],
[-0.5861, 0.1208, ],
[0.4632, -0.5417, ],
[0.8717, 0.2534, ],
[0.3531, 0.4876, ],


[12.0000, ],
[3.0000, ],
[4.0000, ],
[3.0000, ],
[3.0000, ],
[15.0000, ],
[5.0000, ],
[3.0000, ],
[10.0000, ],
[6.0000, ],
[5.0000, ],
[4.0000, ],
[7.0000, ],
[4.0000, ],
[4.0000, ],
[6.0000, ],
[14.0000, ],
[4.0000, ],
[6.0000, ],
[0.0000, ],
[1.0000, ],
[10.0000, ],
[11.0000, ],
[14.0000, ],
[3.0000, ],
[2.0000, ],
[11.0000, ],
[5.0000, ],
[2.0000, ],
[10.0000, ],
[1.0000, ],
[20.0000, ],
[2.0000, ],
[12.0000, ],
[11.0000, ],
[1.0000, ],
[6.0000, ],
[6.0000, ],
[3.0000, ],
[0.0000, ],
[9.0000, ],
[8.0000, ],
[4.0000, ],
[4.0000, ],
[1.0000, ],
[2.0000, ],
[16.0000, ],
[4.0000, ],
[5.0000, ],
[4.0000, ],
[4.0000, ],
[15.0000, ],
[8.0000, ],
[4.0000, ],
[5.0000, ],
[6.0000, ],
[8.0000, ],
[3.0000, ],
[4.0000, ],
[6.0000, ],
[2.0000, ],
[3.0000, ],
[11.0000, ],
[7.0000, ],
[10.0000, ],
[8.0000, ],
[11.0000, ],
[15.0000, ],
[8.0000, ],
[8.0000, ],
[3.0000, ],
[11.0000, ],
[3.0000, ],
[7.0000, ],
[0.0000, ],
[15.0000, ],
[11.0000, ],
[7.0000, ],
[14.0000, ],
[10.0000, ],
[0.0000, ],
[6.0000, ],
[6.0000, ],
[14.0000, ],
[3.0000, ],
[3.0000, ],
[28.0000, ],
[6.0000, ],
[5.0000, ],
[11.0000, ],
[7.0000, ],
[10.0000, ],
[10.0000, ],
[5.0000, ],
[11.0000, ],
[5.0000, ],
[12.0000, ],
[9.0000, ],
[4.0000, ],
[0.0000, ],


