[ 4,  0,  0,  0,  0, 12,  0,  4,  0,  0,  0,  0,  1,  0,  2,  2,  5,  0,  0,  0,  0,  0,  0,  0, ],
[ 0,  0,  0,  0,  0,  0,  0,  0,  0,  0,  0,  0,  0,  0,  0,  0,  1,  0,  0,  0,  0,  0,  0,  0, ],
[ 0,  0, 10,  0,  0,  0,  0,  0,  0,  0,  0,  0,  0, 14,  0,  0,  0,  0,  0,  0,  0,  0,  0,  0, ],
[ 0,  0,  0,  0,  0,  0,  0,  0,  0,  0,  0,  0,  0,  0,  0,  0,  0,  0,  0,  0, 12,  0,  0,  0, ],
[ 0,  0,  0,  0,  0, 12,  0,  0,  0,  0,  0, 11,  0, 11,  0,  0,  0,  0,  0,  0,  0, 14,  0,  0, ],
[ 0,  0,  0, 10,  0,  0,  0,  0,  0,  0,  0,  0,  0,  8, 11,  0,  0,  0,  0,  0,  0,  0,  0,  2, ],
[ 0,  0,  0,  0,  0,  0,  0,  0,  0,  0,  0,  0,  1,  0,  0,  0,  0,  0,  0,  0,  0,  0,  0,  0, ],
[ 0,  0,  0,  0,  0,  0,  0,  0,  6,  0, 10,  0,  0,  0,  0,  0,  0,  0,  0,  0,  0,  0,  0,  0, ],
[ 0,  0,  0,  0,  0,  0,  3,  0,  0,  0,  0,  0,  0,  0,  0,  0,  0,  0,  0,  0,  0,  0,  0,  0, ],
[ 0,  0,  0,  0,  0,  0, 12,  0,  0,  0,  0,  0,  0,  0,  0,  0,  0,  0, 11,  0, 13,  3,  0,  0, ],
[ 0,  0,  0,  0,  0,  0,  0,  0,  5,  0,  0,  2,  0,  0,  0,  0,  0,  0,  0,  0, 12,  0,  0,  7, ],
[ 0,  0,  0,  0,  0,  0,  0,  0,  0,  0,  0,  0,  0, 14,  1, 13,  0,  0,  0,  0,  0,  0,  0,  0, ],
[ 0,  0,  0,  0,  0,  0,  0,  0,  0,  0,  0,  0,  0,  0,  0,  0,  0,  0,  0,  0,  0,  0,  0,  0, ],
[ 0, 13,  0,  0,  0,  0, 11,  0,  0,  0,  0,  0,  0,  0,  0,  0, 12,  0,  0,  0,  0,  0,  0,  5, ],
[ 0,  0,  0,  0,  0,  0,  0,  0,  0,  0,  0,  0,  0,  0,  0,  0,  0, 11,  0,  0,  0,  1,  0,  0, ],
[ 0,  0,  5,  0,  0,  0,  0,  0,  0,  0,  0,  0,  0, 13,  0,  0,  0,  0,  0,  0,  0,  0,  0,  0, ],
[ 0,  0,  0,  0,  0,  0,  4,  0,  0,  0,  0,  0,  0,  0,  0,  0,  0,  0,  0,  0,  0,  0,  0, 14, ],
[ 0,  0,  0,  0,  0,  0,  0,  0,  0,  0,  0, 10,  0,  0,  0,  0,  0,  0, 14,  0,  0,  0,  0,  0, ],
[ 0,  0,  0,  0,  0,  0,  0,  0,  0,  0,  0,  0,  0,  8,  6,  2,  0,  0,  0,  0, 13,  0,  5,  0, ],
[ 0,  0,  0,  0,  4,  0,  0,  0,  0,  0,  0,  0,  0,  0,  0,  0,  0,  0, 10,  0,  8,  0,  1,  0, ],
[ 0,  0,  0,  0,  0,  0,  0,  0,  0,  0,  0,  0,  0,  0,  0,  0,  5,  0,  0,  4,  0,  0,  0,  0, ],
[ 0,  0,  0,  0,  0,  0,  0,  0,  0,  0,  0,  0,  0,  0,  0,  0,  0,  0,  0,  0,  0,  0,  0,  0, ],
[ 0,  0,  0,  0,  0,  0,  0,  0, 10,  0,  0,  0,  0,  0,  0,  0,  0,  0,  0,  0,  0,  0,  0,  0, ],
[ 0,  0,  0,  0,  0,  0,  0,  0,  0,  0,  0,  0,  0,  0,  0,  0,  4,  0,  0,  0,  0,  0,  0,  0, ],
[ 0,  0,  0,  0,  0,  0,  0,  2,  8,  4,  0,  0,  0,  0,  0,  0,  0,  0,  0,  0,  0,  0,  0,  0, ],
[ 0,  0,  0,  0,  0,  0,  0,  0,  0,  0,  2,  0,  0,  0,  0,  0,  0,  0,  0,  0,  0,  0,  0,  0, ],
[ 4,  0,  0,  0,  0,  0,  8,  0,  0,  8,  0,  0,  0,  2,  1,  0,  0,  0,  0,  0,  0,  0,  0,  0, ],
[ 0,  0,  0,  0,  9,  0,  0,  0,  0,  0,  0,  0,  0,  0, 14,  0,  0,  0,  0,  0,  0,  0,  0,  0, ],
[ 0,  0,  0,  0,  0,  0,  0,  0, 13,  0,  0,  0,  0,  0,  0,  0,  0,  0,  9,  0,  0,  0,  0,  0, ],
[ 0,  0,  0,  2,  0,  0,  0, 11,  0,  0,  0,  0,  0,  9,  0,  0,  0,  0,  0,  0,  0,  0,  0,  0, ],
[ 0,  0,  0,  0,  0,  0,  5,  0,  0,  0,  0,  0,  0,  0,  0, 12,  0,  0,  0,  0,  0,  0,  0, 13, ],
[ 0,  0,  0,  5,  0,  0,  0,  0,  0,  0, 11,  0,  0,  0,  0,  0,  6,  0,  0,  0,  0,  0,  0,  0, ],
[ 0,  0,  0,  0,  0, 13,  4,  0,  0,  0,  0,  0,  0,  0, 10,  0,  0,  0,  0,  0,  0,  0,  0,  0, ],
[ 0,  0,  0,  0,  0,  0,  0,  0,  0,  0,  0,  0,  0,  0,  0,  0,  0,  2,  0,  0,  4,  0,  0,  0, ],
[ 0,  0,  0,  0,  0,  0,  0,  0,  0,  0,  0,  0,  0,  0,  0,  0,  0,  3,  0,  0,  0,  0,  0,  0, ],
[ 0,  0,  0,  0,  0,  0,  0,  7,  0,  0,  0,  0,  0,  0, 11,  0,  0,  0,  0,  0, 11,  0,  0,  0, ],
[ 0,  0,  0,  0,  0,  0,  0,  0,  0, 11,  0,  0,  0,  0,  0,  0,  0,  0,  0,  0,  0,  0,  0,  0, ],
[ 0,  0,  0,  0,  0,  0,  0,  0,  0,  0,  0,  0,  0,  0,  0,  0,  0,  0,  0,  0,  0,  0,  0,  0, ],
[ 0,  0,  0,  0,  0,  0,  0,  0, 14,  0,  0,  0,  0,  0,  0,  0,  0,  0,  0,  0,  0,  0,  0,  0, ],
[ 0,  0,  0,  0,  0,  0,  0,  0,  0,  0,  0,  0,  0,  0,  0,  0,  0,  0,  0,  0,  0,  0,  4,  0, ],
[ 0,  0,  0,  0,  0,  0,  0,  0,  0,  0,  0,  0,  0,  0,  0, 11,  0, 13,  0,  0,  2,  0,  0,  0, ],
[ 0,  0,  0,  0,  0,  0,  0,  0,  0, 10,  0, 10,  0,  0,  0,  0,  0,  0,  0,  0,  0,  0,  0,  0, ],
[ 0,  0,  0,  0,  3,  0,  0,  0,  0,  0,  0,  0,  0,  0,  0,  0,  8,  0,  0,  0,  0,  0,  0,  0, ],
[ 0,  0,  0, 13,  0,  0,  0,  0,  0,  0,  0,  0,  0,  0,  0,  0,  0,  0,  0,  0,  0,  0,  0,  0, ],
[ 8,  0,  0,  0,  0,  0,  0,  0,  0,  3,  0,  2,  0,  0,  0,  0,  0,  0,  0,  0,  0,  0,  0,  0, ],
[ 0,  0,  0,  0,  0,  0,  0,  0,  0,  0,  0,  0,  9,  0,  0,  0,  0,  0,  0,  9,  0,  0,  0,  0, ],
[ 0, 11,  4,  0,  0,  1,  0,  0,  5,  0,  0,  0,  0,  0,  0,  0,  5,  2,  0,  0,  0,  0,  0,  0, ],
[ 0,  0,  0,  0,  0,  0,  0,  0,  0,  0,  0,  0,  0,  0,  0,  0,  8,  0,  0,  0,  0,  0,  0,  0, ],
[ 0,  0,  0,  0,  5,  0,  3,  9,  0,  0,  0,  0,  0,  0,  0,  0, 12,  8,  0,  0,  0,  0,  0,  0, ],
[ 0,  0,  0,  0,  0,  0,  5, 10,  0,  0,  0,  1,  0,  0, 11,  0,  4,  0,  0,  0,  0,  0,  0,  0, ],
[ 0,  6,  0,  0,  0,  6,  0,  0,  0,  0,  0,  0,  8,  0,  0,  0,  0,  0,  0,  0,  0,  0,  0,  0, ],
[ 0,  0,  0,  0,  0,  0,  0,  0,  0,  3,  0,  0,  0,  0,  0,  0,  0,  0,  0,  0,  0,  0,  0,  0, ],
[ 0,  0,  0,  0,  0,  0,  0,  0,  0,  8,  0,  0,  0,  0,  0,  0,  0,  0,  0,  0,  1,  0,  0,  0, ],
[ 0,  0,  6,  0,  0,  0,  0,  0,  0,  0,  0,  0,  0,  0, 13,  0,  8,  0,  0,  0,  0,  0,  0,  0, ],
[10,  0,  0,  0,  0,  0,  0,  0,  0,  0,  0,  0,  0,  0,  0,  0,  0,  0,  0,  0,  0,  0,  0,  0, ],
[ 0,  0,  0, 12,  0,  0,  0,  0,  0,  0,  3,  0, 10,  0,  0,  0,  0,  0,  0,  0,  0,  0,  0,  0, ],
[ 0,  0,  0, 11,  0,  0,  0,  0,  0,  0,  0,  2,  0,  0,  8,  0,  0,  0,  0,  0,  0,  0,  0,  3, ],
[ 0,  0,  0,  4,  0,  0,  0,  0,  0,  0,  0,  7,  0,  0,  0,  0,  7,  0,  0,  0,  0,  0,  0,  0, ],
[ 0,  6,  0,  0,  0,  0,  0,  0,  0,  0,  0,  0,  0,  0,  0,  0,  0,  0,  0,  0, 11,  0,  0,  0, ],
[ 0,  0,  0,  0,  0,  0,  0,  0,  0,  0,  0,  0, 10,  0,  0,  9,  0,  0,  2,  0,  0, 12,  0,  0, ],
[ 0,  0, 11, 14,  0,  0,  0,  0,  0,  0,  0,  0,  0,  0,  0,  0,  6,  0,  0,  0,  0,  0,  0,  0, ],
[ 0,  0,  0,  0,  0,  0,  0,  0,  0,  0,  9,  0,  0,  0,  0,  0,  0,  0,  0,  0,  0,  0,  0,  0, ],
[ 0,  0,  0,  0,  0,  0,  0,  0,  0,  0,  0,  0,  0,  0,  0, 10,  0,  0,  0,  0,  0,  0, 11,  0, ],
[ 0,  0,  0,  0,  0,  0,  0,  0,  0,  0,  0,  0,  0,  6,  0,  0,  0,  0,  0,  0,  3,  0,  0,  0, ],
[ 0,  9,  0,  0,  0,  0,  0,  0,  0,  0,  8,  0,  0,  0,  0,  0,  0,  0,  0,  0,  0,  0,  0,  0, ],
[ 0,  0,  0,  0,  0,  0, 12,  0,  0,  0,  0,  0,  0,  0,  1,  0,  0,  0,  0,  0,  0,  0,  0,  5, ],
[ 0,  0,  0,  0,  0,  0,  0,  0,  0,  0,  0,  0,  0,  0,  0,  0,  0,  0,  0,  0,  0,  0,  0,  0, ],
[ 0,  0,  0,  0,  0,  0,  0,  0,  2,  0, 13,  0,  0,  0,  4,  0,  0,  0,  0,  0,  0,  0,  0,  2, ],
[ 0,  0,  0,  0,  0,  0,  0,  0,  0,  8,  0,  0,  0,  0,  0,  0,  0,  0,  0, 12,  0,  0,  0,  0, ],
[ 0,  0,  5,  0,  0,  0,  0,  0,  0,  0,  0,  0,  0,  0,  7,  0,  0,  0,  0,  0,  0,  0,  0,  0, ],
[10,  0,  0,  0,  0,  0,  0,  0,  0,  0,  0,  0,  0,  0,  0,  0,  0,  0,  0,  0,  0,  0,  0,  0, ],
[ 0,  0, 12,  5,  0,  0,  0,  0,  0,  0,  0,  0,  0,  0,  0,  0,  0,  0, 12,  0,  0,  9,  0,  0, ],
[ 0,  0, 12,  0,  0,  0,  0,  0,  0,  0,  0,  0,  0,  0,  0,  0,  5,  0,  0,  0,  0, 13,  0,  9, ],
[ 0,  0,  0,  0,  0,  0,  0,  0,  0,  0,  0,  0, 12,  0,  0,  0,  0,  0,  0,  0,  0,  0,  0,  0, ],
[ 0,  0,  0,  0,  0,  0,  0,  0,  0,  0,  0,  0,  0,  0,  0,  0,  0,  0,  0,  0,  0,  0,  0,  0, ],
[ 0,  0,  0,  0,  0,  0,  0,  0,  0,  0,  0,  0,  0,  0,  0,  0,  0,  0,  0,  0,  8,  0,  0,  0, ],
[ 0,  0,  0,  0,  0,  0,  0,  0,  0,  4,  9,  0,  3,  0,  0,  0,  0,  0,  0,  0,  0,  0,  0,  0, ],
[ 0,  2,  0,  0,  0,  0,  0,  0,  0, 13,  0,  0,  0,  0,  0,  0,  0,  8,  0,  0,  0,  0,  0,  0, ],
[ 0,  0,  0,  0,  0,  0,  0,  0,  0,  0,  0,  0,  0,  0,  0,  1,  0,  0,  3,  3,  0,  0,  0,  0, ],
[ 9,  0,  0,  0,  0,  0,  0,  0,  0,  0,  0,  0,  0,  0,  0,  0,  1,  0,  0,  0,  0,  0,  0, 14, ],
[ 0,  0,  0,  0,  0,  0,  0,  0,  0,  0,  0,  8,  0,  0,  0,  0,  0, 10,  0,  0,  0,  0,  0,  0, ],
[ 0,  0,  4,  0,  0, 14,  0,  0,  0,  0,  0,  0,  0,  0,  0,  0,  0,  3,  0,  0,  0,  0,  0,  0, ],
[ 0,  0,  0,  0,  0,  0,  0,  0,  0,  0,  0,  0, 10,  0,  0,  0,  0,  0,  0,  0,  0,  0,  0,  0, ],
[ 0,  0,  0,  0,  0,  3,  0,  0,  0,  0,  0,  0,  0,  0,  0,  0,  0,  0,  0,  0,  0,  0, 11,  0, ],
[ 8,  0,  0,  0,  0,  0,  0,  0,  0,  0,  0,  0,  0,  0,  0,  0,  0,  4,  0,  0,  0,  0,  0,  0, ],
[ 0, 11,  0,  0, 12,  0,  0,  0,  0,  0,  0,  0,  0,  0,  0,  0,  0,  0,  0,  0,  0,  0,  0,  0, ],
[ 0,  0,  0,  0,  4,  0,  0,  0,  0,  0,  0,  0,  0,  0,  2,  0,  0,  0,  0,  0,  0,  0,  0, 13, ],
[ 0,  0,  0,  0,  0,  0,  0,  0,  0,  0,  3,  2,  0, 12,  0,  0,  0,  5,  0,  0,  6,  0,  0,  0, ],
[ 0,  0,  0,  0,  0,  0,  0,  0,  0,  0,  0,  0,  5,  0,  0,  0,  0,  0, 12,  0,  0,  0,  0,  0, ],
[ 0,  0,  0,  0,  0,  0,  0, 13,  0,  0,  0,  0,  0,  0,  0,  6,  0,  0,  0,  0, 13,  0, 13,  0, ],
[ 0, 10,  0,  0,  0,  0,  0,  0,  0,  0,  0,  0,  0,  0,  0,  0,  0,  0,  0,  0,  0,  0,  0,  0, ],
[ 0,  0,  0,  0,  0,  0,  0,  0,  4,  0,  0,  0,  0,  0,  0,  0,  0,  0,  0,  0,  0,  0,  0,  0, ],
[ 0,  0,  0,  0, 11,  0,  0,  0,  0,  0,  0,  0,  0,  0,  5,  0,  0,  0,  0,  0,  0,  8,  0,  0, ],
[ 0,  0,  0,  0,  0,  0,  8,  0,  0,  0,  0,  0,  0,  0,  0,  0,  0,  0,  0,  0,  0,  0,  0,  9, ],
[ 0,  0,  0,  0,  0,  0,  0,  0,  7,  0,  0,  0,  0,  0,  0,  0,  0,  0,  0,  0,  0,  0,  9,  7, ],
[ 0,  0,  0,  0,  0,  0,  0,  0,  0,  5,  0,  0,  0,  0,  0,  0,  0,  0,  0,  0,  0,  0,  0,  0, ],
[ 0,  0,  0,  0, 13,  0,  0,  0,  0,  0,  0,  0,  0,  0,  0,  0,  0,  0,  0,  0,  0,  2,  0,  0, ],
[ 9,  0, 13,  0,  0,  0,  0,  0,  9,  0,  0,  0,  0,  0,  2,  0,  0,  0,  0,  0,  0,  0,  5,  0, ],
[ 0,  0,  0,  0,  0,  0,  0,  0,  0, 14,  0,  0,  0,  0,  0,  0,  0,  0,  0,  0,  0,  0,  0,  0, ],
[ 0,  0,  0,  0,  0,  3,  0,  0,  0,  0,  0,  0,  0,  0,  0,  0, 12,  0,  0,  0,  0,  0,  0,  0, ],


[0.8692, -0.2215, ],
[-0.1796, -0.2687, ],
[-0.0349, -0.3729, ],
[0.0436, 0.2335, ],
[0.6505, 0.5575, ],
[0.5352, 0.1845, ],
[-0.5313, 0.4139, ],
[0.2625, 0.1256, ],
[-0.1719, -0.6367, ],
[-0.6269, 0.3333, ],
[-0.9564, -0.0541, ],
[-0.0702, -0.3103, ],
[-0.6787, -0.7938, ],
[0.4623, 0.5796, ],
[0.3095, 0.5290, ],
[-0.5998, -0.3903, ],
[0.5207, -0.7363, ],
[-0.0164, 0.8329, ],
[0.6602, -0.0547, ],
[-0.1299, -0.5533, ],
[0.6977, 0.6812, ],
[0.2521, -0.0297, ],
[0.6455, -0.1767, ],
[0.4586, 0.0595, ],
[0.8949, 0.1251, ],
[0.2180, -0.1499, ],
[-1.0000, -0.4030, ],
[0.1567, -0.3604, ],
[0.1265, 0.3133, ],
[0.6659, -0.6162, ],
[-0.5565, -0.2444, ],
[-0.0150, 0.5573, ],
[0.5486, -0.1883, ],
[0.4102, 0.7810, ],
[0.1747, 0.6937, ],
[-0.7254, 0.1971, ],
[0.4866, -0.1638, ],
[0.3837, -0.3138, ],
[0.5913, 0.9702, ],
[1.0000, 0.5131, ],
[0.5101, -1.0000, ],
[0.0250, 0.2009, ],
[0.2170, 0.5986, ],
[0.4819, -0.6923, ],
[0.9960, -0.2216, ],
[0.2136, -0.1781, ],
[0.2130, -0.2728, ],
[-0.7566, -0.4421, ],
[-0.2809, -0.7385, ],
[0.7306, 1.0000, ],
[0.5736, -0.0591, ],
[0.1712, 0.1182, ],
[0.1344, -1.0000, ],
[-0.3137, -0.6102, ],
[-0.3224, 0.4078, ],
[0.6116, -0.3786, ],
[0.5436, -0.1929, ],
[-0.8719, 0.1649, ],
[-0.3869, 0.3924, ],
[-0.0430, -0.3484, ],
[0.5918, 0.1864, ],
[-0.5625, 0.2023, ],
[-0.6715, 0.2339, ],
[0.4893, 0.2645, ],
[0.2203, 0.0141, ],
[0.5355, -0.8109, ],
[0.1667, 0.4623, ],
[0.2415, -0.7539, ],
[0.2879, 0.2280, ],
[0.6838, -0.0228, ],
[0.9327, 0.4648, ],
[-0.2584, 0.3853, ],
[-0.1185, -0.3915, ],
[-0.2030, -0.5170, ],
[-0.7352, 0.6517, ],
[-1.0000, -0.3802, ],
[0.7378, 0.4074, ],
[0.9785, 0.8706, ],
[-0.1591, 0.1000, ],
[1.0000, 0.1769, ],
[0.4790, -1.0000, ],
[-0.4323, 0.6455, ],
[0.1487, 0.9234, ],
[-0.5694, 0.6306, ],
[-0.7607, 0.0184, ],
[-0.4562, -0.4152, ],
[0.1868, 0.5627, ],
[0.6914, 0.4645, ],
[-0.1857, -0.6787, ],
[0.3678, -0.8222, ],
[-0.5697, -0.2588, ],
[-0.0998, 0.9866, ],
[-0.0492, -0.4762, ],
[0.3581, 0.2818, ],
[-1.0000, -0.9472, ],
[0.0713, 0.1535, ],
[-0.7111, 0.1487, ],
[0.6380, -0.5417, ],
[0.6082, 0.4626, ],
[0.4009, 0.4702, ],


[13.0000, ],
[1.0000, ],
[8.0000, ],
[4.0000, ],
[16.0000, ],
[12.0000, ],
[1.0000, ],
[7.0000, ],
[2.0000, ],
[14.0000, ],
[10.0000, ],
[9.0000, ],
[0.0000, ],
[14.0000, ],
[5.0000, ],
[6.0000, ],
[6.0000, ],
[8.0000, ],
[13.0000, ],
[10.0000, ],
[4.0000, ],
[0.0000, ],
[4.0000, ],
[2.0000, ],
[6.0000, ],
[1.0000, ],
[10.0000, ],
[7.0000, ],
[7.0000, ],
[8.0000, ],
[10.0000, ],
[9.0000, ],
[10.0000, ],
[3.0000, ],
[2.0000, ],
[11.0000, ],
[4.0000, ],
[0.0000, ],
[4.0000, ],
[2.0000, ],
[9.0000, ],
[8.0000, ],
[5.0000, ],
[4.0000, ],
[6.0000, ],
[6.0000, ],
[12.0000, ],
[3.0000, ],
[14.0000, ],
[13.0000, ],
[9.0000, ],
[2.0000, ],
[4.0000, ],
[10.0000, ],
[4.0000, ],
[10.0000, ],
[10.0000, ],
[8.0000, ],
[7.0000, ],
[12.0000, ],
[11.0000, ],
[3.0000, ],
[8.0000, ],
[5.0000, ],
[6.0000, ],
[7.0000, ],
[0.0000, ],
[8.0000, ],
[7.0000, ],
[5.0000, ],
[4.0000, ],
[13.0000, ],
[13.0000, ],
[4.0000, ],
[0.0000, ],
[3.0000, ],
[7.0000, ],
[8.0000, ],
[5.0000, ],
[8.0000, ],
[7.0000, ],
[8.0000, ],
[4.0000, ],
[6.0000, ],
[5.0000, ],
[8.0000, ],
[7.0000, ],
[12.0000, ],
[6.0000, ],
[15.0000, ],
[4.0000, ],
[2.0000, ],
[9.0000, ],
[6.0000, ],
[9.0000, ],
[2.0000, ],
[5.0000, ],
[13.0000, ],
[4.0000, ],
[6.0000, ],


