[ 0,  0, 14,  0,  0,  0,  0,  0,  0,  0,  0,  0,  0,  0,  2,  0,  0, 11,  0,  0,  0,  0,  0,  0, ],
[ 0,  0,  0,  0,  0,  0,  0,  2,  0,  0,  2,  0,  0,  0,  0,  0,  0,  0,  0,  0,  0,  0,  0,  0, ],
[ 0,  0,  0,  0,  0,  0,  0, 11,  0,  0,  0, 13,  0,  0,  0,  0,  0,  8,  0,  0,  0,  0,  0,  0, ],
[ 0,  0,  0,  0,  0,  0, 11,  0,  0,  0,  0,  0,  0,  0, 12,  0,  0,  0,  0,  0,  0,  0,  0,  0, ],
[ 0,  0,  0,  0,  0,  0,  0,  0,  0,  0,  0,  3,  0, 11,  0,  0,  6,  0,  9,  0,  0,  0,  0,  0, ],
[ 0,  0, 10,  0,  0,  0,  0,  0,  0,  0,  0,  0,  0,  8,  0,  0,  0,  0,  0,  0,  0,  0,  0,  2, ],
[ 5,  3,  0,  0,  0,  0,  0,  1,  0,  0,  0,  0,  0,  0,  0,  0,  0,  0,  0,  0,  0,  0,  0,  0, ],
[ 0,  0,  0,  0,  0,  0,  0,  0,  6,  0, 10,  0,  0,  0,  0,  0,  0,  0,  0,  0,  0,  0,  0,  0, ],
[ 0,  0,  0,  0,  0,  0,  0,  0,  0,  0,  0,  0,  0,  0,  0,  0,  1,  0,  0,  0,  0,  0,  0,  0, ],
[10,  0,  0,  0,  0,  0,  0,  0,  6,  3,  0,  0,  0,  0,  0,  0,  0,  0,  0,  0,  0,  2,  0,  2, ],
[ 0, 12,  0,  0,  0,  0,  0,  0,  0,  0,  0,  0,  3,  0,  0,  0,  0,  0,  0,  0, 12,  0,  0,  0, ],
[ 0,  0,  0,  0,  6,  0,  9,  0,  0,  0,  0,  0,  0, 13,  0,  0,  0,  0,  0,  0,  0,  0, 10,  0, ],
[ 0, 14,  0,  0,  0,  4,  0,  0,  0,  0,  0,  0,  0,  0,  0,  0,  0,  0,  8,  0,  0,  0,  0,  0, ],
[ 0,  0,  0,  3,  0,  0,  0,  0,  0,  0,  0,  0, 13,  0,  0, 11,  0,  0,  0,  0,  0,  0,  0,  0, ],
[ 0,  0,  0,  0,  0,  0,  0,  0,  0, 12,  0,  0,  0,  0,  0,  0,  0,  0,  0,  0,  0,  1,  0,  0, ],
[ 0,  6,  0,  0,  0,  0,  0,  0,  0,  0,  0,  0,  0,  0,  0,  0,  0,  0,  0,  0,  2,  0,  0,  0, ],
[ 0,  0,  0,  0,  0,  0,  8,  0,  0,  0,  0,  0,  7,  0,  0,  0,  0,  0,  0,  0,  0,  0,  0,  0, ],
[ 0,  0,  0,  0,  0,  0,  0,  0,  0,  0,  0,  0,  0,  0,  1,  0,  0,  0,  0,  0,  0,  0,  0,  0, ],
[ 0,  0,  0,  0,  0,  0,  0,  0,  0,  4,  0,  0,  0,  0,  0,  0,  0,  0,  0,  0,  0,  0,  5,  0, ],
[ 5,  0, 14,  0,  0,  0,  0,  0,  0,  0, 14,  0,  0,  0,  0,  0,  0,  0,  0,  0,  6,  0,  0,  0, ],
[ 0,  0,  4,  0,  0,  0,  0,  0, 14,  0,  0,  0,  0,  0,  0,  0,  0,  4,  0,  0,  0, 14,  0,  0, ],
[ 0,  0,  0,  0,  0,  0,  0,  0,  0,  0,  0,  0,  0,  0,  0,  0,  0,  0,  0,  0,  0,  0,  0,  0, ],
[ 0,  0,  0,  0,  0,  0,  0,  0,  0, 12,  0,  0,  0,  0,  0,  0,  0,  0, 12,  0,  0,  0,  0,  0, ],
[ 0,  2,  8,  0,  0,  0,  0,  6,  0,  0,  0,  0,  0,  0,  0,  0,  0,  0,  0,  0,  0,  0,  0,  0, ],
[ 0,  0,  0,  0,  0,  0,  0,  1,  0,  0,  0,  0,  0,  0,  0,  0,  0,  0,  0,  0,  0,  0,  8,  0, ],
[12,  0,  0,  0,  0,  0,  0,  0,  0,  0,  0,  0,  0,  0,  0,  0,  0,  0,  0,  0,  0,  0,  0,  0, ],
[ 0,  0,  0,  0,  0,  0,  5,  0,  0,  0,  0,  0,  0,  0,  0, 13,  0,  0,  0,  0,  0,  0,  0,  0, ],
[ 0,  0,  0,  0,  0,  0,  0,  0,  0,  0, 13,  0,  7,  0,  0,  0,  0,  0,  6,  0,  0,  0,  0,  0, ],
[ 0, 13,  0,  6,  0,  6,  0,  0, 13,  0,  0,  0,  0,  0,  0,  0,  0,  6,  0,  0,  0,  0,  0,  0, ],
[ 0,  0,  0,  0,  0,  0,  0,  0,  0,  0,  0,  0,  0,  9,  0,  0,  0,  0,  0,  0,  0,  0,  0,  0, ],
[ 0,  0,  0,  0,  0,  0,  0, 12,  0,  0,  0,  0,  0,  0,  0, 12,  1,  0,  1,  0,  0,  0,  0,  0, ],
[ 0,  0,  0,  0, 14,  0,  0,  0,  0,  0,  0,  0,  0,  2,  0,  0,  6,  0,  0,  0,  0,  0,  0,  0, ],
[ 0,  0,  0,  0,  0,  0,  0,  0,  9,  0,  0,  0,  0,  0,  2,  0,  0,  0,  0,  0,  0,  0,  0,  0, ],
[ 0,  0, 11,  0, 13,  0, 13,  0,  0,  0,  0,  0,  9,  0,  0,  1,  0,  0,  0,  0,  0,  0,  0,  0, ],
[ 0,  0,  0,  0,  0,  0,  0,  0,  0,  0,  0,  6,  0,  0,  0,  0,  0,  0,  0,  0,  0,  0,  0,  0, ],
[ 0,  0,  1,  0,  0, 13,  0,  0,  0,  0, 12,  0, 12,  0,  0,  0,  0,  0,  0,  5,  0,  5,  0,  0, ],
[ 0,  0,  0,  0,  0,  0,  0,  0,  0,  0,  0,  0,  0,  0,  0,  0,  0,  0,  0,  0, 10,  0,  0,  0, ],
[12,  0,  0,  0,  0,  0,  0,  0,  0,  0,  0,  0,  0,  0,  0,  0,  0,  0,  0,  0,  0,  0,  0,  0, ],
[ 0,  0, 12,  0,  0,  0,  0,  0,  0,  0,  0,  0,  0,  1,  0,  0,  0,  0,  0,  0,  0,  0,  0,  0, ],
[ 0,  0,  0,  0,  0,  0,  0,  0, 11,  0,  0,  0, 11,  0,  0,  0,  0,  0,  0,  0,  0,  0,  4,  0, ],
[ 0,  0,  0,  0,  0,  0,  0,  7,  0,  0,  0,  0,  0,  0,  0,  0,  1,  0,  0,  5,  0,  0,  0,  0, ],
[ 0,  0,  0,  0,  0,  0,  0,  0,  0, 10,  0, 10,  0,  0,  0,  0,  0,  0,  0,  0,  0,  0,  0,  0, ],
[ 0,  0,  0,  0,  0,  0,  0,  0,  0,  1,  0,  0,  0,  0,  0,  0,  0,  0,  0,  0,  0,  0,  0,  0, ],
[ 0,  0,  0,  0,  0,  2,  0,  0,  0,  0,  0,  0,  2,  0,  0,  0,  0,  0,  0,  0,  6,  0,  0,  0, ],
[ 0,  0,  0,  0,  0,  0,  0,  0,  0,  0,  0,  0,  0,  0,  0,  0,  6,  0,  0,  0,  0,  0,  0,  0, ],
[ 0,  0,  1,  0,  0,  0,  7,  8,  0,  0,  0,  0,  0,  0,  0,  0,  0, 10,  0,  9,  0,  0,  0,  0, ],
[14,  0,  0,  0,  0,  0,  0,  0,  0, 13,  0,  0,  0,  0,  0,  0,  0,  2,  0,  0,  0,  3,  0, 14, ],
[ 0,  7,  0,  0,  0,  0,  0,  0,  0,  8,  0,  0,  0,  0,  0,  0,  0,  0,  0,  0,  0,  0,  0, 10, ],
[ 0,  0,  8,  0,  0,  0,  3,  0,  0,  0,  0,  0,  0,  0,  0,  0, 13,  0,  0,  0,  0,  0,  0,  0, ],
[ 0,  0, 11,  0,  5,  0,  4,  0,  0,  0,  0,  0,  0,  0,  0,  0,  0,  0,  0,  0,  0,  0, 11,  7, ],
[ 9,  0,  0,  0,  0,  0,  0,  0,  0,  0,  0,  0,  0,  0,  0,  0,  0,  0,  0,  0,  0,  0,  0,  0, ],
[ 0,  0,  0,  0,  0, 10,  0,  0,  0,  3, 14,  0,  0,  7,  0,  0,  0,  0, 13,  0,  0,  0,  0,  0, ],
[ 3,  0,  0,  9,  0,  0,  0,  0,  0,  0,  0,  0,  0,  0,  0,  0,  0,  0,  0,  0,  5,  0,  0,  0, ],
[ 0,  0,  1,  0,  0,  0,  0, 10,  0,  0,  0,  0,  0,  0,  0,  0,  0,  0,  0,  0,  0,  0,  0,  0, ],
[ 0,  0,  0,  0,  0,  0,  7,  0,  0,  0,  0,  0,  0,  0,  2,  8,  0,  0,  0,  0,  0,  0,  0,  0, ],
[ 0,  0,  0,  0,  0,  0,  0,  0,  0,  0,  0,  0,  0,  4,  0,  0,  0,  0,  0,  0,  0,  0,  0,  0, ],
[ 0,  0,  0,  0, 13,  0,  0,  0,  0,  0,  0,  0,  0,  0,  0, 11,  0,  0,  0,  0,  0,  0,  0,  0, ],
[ 0,  0,  0,  0,  0,  0,  0,  0,  0,  0,  0,  0,  0,  0,  0,  0,  0,  0,  0,  0,  0,  0,  0,  0, ],
[ 0,  0,  0,  0,  0,  0,  0,  0,  0,  0,  0,  0,  0,  0,  0,  0,  0,  0,  0,  0, 11,  0,  0,  0, ],
[ 0,  0,  0,  9,  0,  0,  0,  0,  0,  0,  0,  0,  0,  1,  0,  0, 14,  0,  0,  0,  0, 12,  0,  0, ],
[ 0,  4,  8,  0,  0,  0,  5,  0,  0,  0,  0,  0,  0,  0,  0,  0,  0,  0,  0,  0,  0,  0, 14,  0, ],
[ 0,  0,  0,  0,  0,  0,  0,  0,  0,  0,  0,  0,  0,  0,  0,  0,  0,  5,  0,  0,  0,  0,  0,  9, ],
[ 0,  0,  0,  0,  0,  0,  0,  0,  0,  0,  0,  0,  0,  0,  3,  0,  0,  0,  0,  0, 12,  0,  0,  0, ],
[ 0,  0,  0,  0,  0,  0,  0,  0,  0,  0,  0,  0,  0,  0,  0,  0,  0,  0,  0,  9,  0,  0,  0,  0, ],
[ 0,  0,  0,  0,  0,  0,  0,  1,  0,  0,  0,  0,  1,  0,  0,  0,  0,  0,  0,  0,  0,  0,  0,  0, ],
[ 0,  0, 12,  0,  0,  0,  0,  0,  0,  0,  0,  0,  0,  0,  0,  4,  0, 12,  0,  0,  0,  0,  0,  0, ],
[ 0,  0,  0,  0,  0,  0,  0,  0,  0,  0,  0,  0, 14,  0,  0,  0,  0,  0,  0,  0,  0,  0,  0,  0, ],
[ 0,  0,  0,  0,  0,  0,  0,  0,  0,  0,  0,  0,  0, 10,  0,  0,  0,  0,  0,  0,  0,  0,  0,  0, ],
[ 0,  0,  0,  0,  0,  0,  0,  0, 14,  0,  0,  0,  0,  1,  0,  0,  0,  0,  0,  0,  0,  0,  0,  0, ],
[ 0,  0,  5,  0,  0,  8,  0,  0, 13,  0,  0,  0,  0,  0,  0, 11,  0, 14,  0,  0,  0,  0,  0,  0, ],
[ 0,  0,  0,  0,  1,  0,  0,  0,  0,  3,  0,  0, 12,  0,  0,  0,  0,  9,  0,  0,  0,  0,  0,  0, ],
[ 0,  0, 12,  0,  0,  6,  0,  0,  0,  0,  0,  0,  0,  0,  0,  0,  0, 12,  0,  0, 14,  0,  4,  5, ],
[ 0,  0,  0,  0,  0,  0,  0,  0,  0,  0,  0,  0,  0,  0,  0,  0,  0,  0,  0,  0,  0,  0,  0,  0, ],
[ 0,  0,  0,  0,  0,  0,  0,  0,  0,  7,  0,  0,  0,  0,  5, 11,  0,  0,  0,  0,  0,  0,  0,  0, ],
[ 5,  7,  0,  0,  0,  7,  0,  8,  0,  0,  0,  0,  0,  0,  0,  0,  3,  0,  0,  0,  0,  0,  0,  0, ],
[ 0,  0,  0,  0,  0,  0,  0,  3,  0,  0,  0,  0, 13,  7, 14,  0,  0,  0,  0,  0,  0,  0,  0,  0, ],
[ 0,  0,  0,  0,  0,  0,  0,  0,  8,  0,  0,  0,  3,  0,  0,  0,  0,  0,  0,  0,  0,  5,  0,  0, ],
[ 0,  0,  0,  0,  0,  0,  0,  0,  0,  0,  0,  0,  0,  0,  0,  0,  0,  0,  0,  0,  0,  0,  0,  0, ],
[ 0,  0,  0,  0,  0, 11,  2,  0,  0, 14,  0,  0,  0,  3,  0,  1,  0,  0, 12,  0,  0,  0,  4,  0, ],
[ 0,  0,  5,  0,  0,  0,  0,  0,  0,  0,  0,  0,  0,  0,  0,  0,  0,  0,  0,  0,  0,  0,  0,  0, ],
[ 0,  1,  0,  0,  0,  0,  0,  0,  0,  0,  0,  0,  0,  0,  0,  0,  0, 14,  0, 13,  0,  0,  0,  0, ],
[ 0,  0,  4,  0,  0,  0,  4,  0,  0,  0,  0,  0,  0,  0,  0,  0,  0,  0,  2,  0,  0,  0,  0,  0, ],
[ 0,  0,  0,  0,  0, 13,  0,  0,  0,  0,  0,  0, 10,  0,  0,  0,  0, 12,  9,  0,  0,  0,  0,  0, ],
[10,  0,  0,  0,  0,  0,  6,  0,  0,  0,  0,  0,  0,  0,  9,  0,  0,  0,  0,  0,  0,  0,  0,  0, ],
[ 0,  0,  0,  0,  0,  0,  0,  0,  0,  0,  0,  0,  0,  0,  0,  0,  1,  0,  0, 13,  0,  0,  0,  0, ],
[ 0, 11,  0,  0,  0,  0,  0,  0,  0,  0,  0,  0,  0,  0,  0,  0,  0,  0,  0,  0,  9,  0,  0,  0, ],
[ 0,  0,  0,  0,  0,  0,  0,  0,  0,  0,  0,  0,  0,  0,  0,  1,  0, 12,  0,  0,  0,  0,  0,  9, ],
[ 0,  0,  0,  0,  0,  0,  0,  0,  0,  0,  0,  0,  0,  0,  2,  0,  0,  0, 12,  0,  6,  0,  0, 13, ],
[ 0, 13,  0,  0,  0,  0,  0,  0,  0,  0,  0,  0,  0,  0,  5,  0,  7,  0, 12, 13,  0,  0,  0,  0, ],
[ 3,  0,  0,  0,  0,  0,  0,  0,  0,  0,  0,  0,  0,  0,  6, 10,  0,  0,  0,  0,  0,  6,  0,  0, ],
[ 0,  0,  0,  0,  0,  0,  0,  8,  0,  0,  0, 12,  0,  0,  0,  0,  0,  0,  0,  0,  0,  0,  0,  0, ],
[ 0,  0, 13,  0,  0,  0,  0,  0,  0,  0,  0,  0,  0,  0, 10,  0,  0,  0,  0,  0,  0,  0,  0,  0, ],
[ 0,  0,  0,  0,  0,  0,  0,  0,  8,  0,  0,  0,  0,  0,  0,  0,  0,  0,  0,  0,  4,  0,  0,  0, ],
[ 0,  0,  0,  0,  0,  0,  0,  0,  0,  0,  0,  0,  0,  3,  0,  1,  0,  0,  0,  0,  0,  7,  0,  0, ],
[ 0,  0,  0,  0,  0,  0,  0,  0,  0,  0,  0,  0,  0,  0,  2,  0,  0,  0, 11,  0,  0,  0,  0,  0, ],
[ 0,  0,  0,  0, 10,  0,  0,  0,  0,  0, 14,  0,  0,  0,  0,  3,  5,  0,  0,  0,  0,  0,  0,  0, ],
[ 0,  0,  0,  0,  0,  0,  0,  0,  0,  0, 14,  1,  0,  0,  0,  0,  0,  0,  0,  0, 14,  0,  0,  0, ],
[ 0, 12,  0,  0,  0,  0,  0,  0,  0,  0,  0,  0,  0,  0,  0,  0,  0,  0,  0,  0,  0,  0,  0,  0, ],
[ 0,  0,  0,  0,  0,  0,  0,  0,  0,  0,  0,  0,  0,  0,  0,  0,  0,  0,  0,  0,  0,  0,  0,  0, ],
[ 0,  0,  0,  0,  0,  0,  0,  6,  0,  0,  0,  0,  0,  0,  0,  0,  0,  0,  0,  0,  0,  0,  0,  0, ],


[0.8373, -0.0991, ],
[-0.1595, -0.4012, ],
[-0.0349, 0.4424, ],
[0.9415, 0.2335, ],
[-0.3226, 0.6453, ],
[0.4674, -0.1729, ],
[-0.3781, 1.0000, ],
[0.2341, 0.2742, ],
[-0.0525, 0.6345, ],
[0.6310, 0.3977, ],
[-1.0000, -0.1571, ],
[-0.0702, -0.5293, ],
[-0.6058, -0.7566, ],
[-0.9457, 0.2255, ],
[0.5562, 0.5674, ],
[-0.5398, -0.1375, ],
[0.6779, -0.9050, ],
[-0.0164, 0.8472, ],
[0.6602, 0.1523, ],
[0.4132, -0.7783, ],
[0.9586, 0.7061, ],
[0.0561, 0.0863, ],
[0.3797, 0.2559, ],
[-0.6272, -1.0000, ],
[0.8949, 0.0218, ],
[0.2180, 0.1017, ],
[-1.0000, -0.4217, ],
[0.1512, 0.7520, ],
[0.3175, 0.3740, ],
[-0.6089, 0.5029, ],
[-1.0000, 0.2946, ],
[-0.0150, 0.5758, ],
[-0.9651, -0.1230, ],
[0.7099, 0.7070, ],
[-0.0623, 0.6937, ],
[-0.4849, 0.9618, ],
[0.0853, -0.0533, ],
[-0.4364, -0.2284, ],
[0.5813, 1.0000, ],
[0.5837, -0.6436, ],
[0.5101, 1.0000, ],
[0.0451, 0.2151, ],
[0.2256, 0.2195, ],
[0.5291, -0.8741, ],
[0.2983, -0.2441, ],
[0.3049, -0.4715, ],
[-0.5499, 0.5568, ],
[-0.5134, 0.5188, ],
[-0.1974, -0.7344, ],
[0.9556, 1.0000, ],
[0.6457, -0.1013, ],
[0.6566, 0.1803, ],
[-0.1969, -1.0000, ],
[-0.0761, -0.6102, ],
[-0.3224, -0.1881, ],
[0.5769, -0.4458, ],
[0.7580, -0.0185, ],
[-0.8142, 0.2205, ],
[-0.3869, 0.3924, ],
[0.1822, -0.3484, ],
[0.6410, 0.1864, ],
[-0.4520, 0.1473, ],
[-0.6715, 0.1640, ],
[0.4113, 0.2645, ],
[1.0000, 1.0000, ],
[-0.3984, -0.8519, ],
[0.2777, 0.3534, ],
[0.2758, -0.5500, ],
[0.2681, 0.0627, ],
[0.7419, -0.0221, ],
[0.6835, 0.5082, ],
[0.0586, 0.4420, ],
[-0.2589, 0.3217, ],
[-0.1339, -0.2765, ],
[-0.7082, 0.7594, ],
[-1.0000, -0.2320, ],
[1.0000, 0.4056, ],
[0.2183, 0.4352, ],
[-0.1591, 0.0698, ],
[-0.4432, 0.1769, ],
[-0.4060, -0.8745, ],
[-0.4886, 0.2286, ],
[-0.1946, 0.8858, ],
[-0.1309, 0.8155, ],
[-0.6865, -0.2237, ],
[-0.3286, -0.3963, ],
[0.1868, -0.2387, ],
[0.8711, -0.0838, ],
[-0.0953, -0.8659, ],
[-0.4060, -0.3552, ],
[-0.4310, -0.1726, ],
[-0.0581, -0.3890, ],
[-0.2497, -0.4798, ],
[0.3581, -0.1573, ],
[-1.0000, 0.9003, ],
[0.0713, -0.4335, ],
[-0.7111, 0.0208, ],
[0.9536, -0.6602, ],
[0.7092, 0.4643, ],
[0.4009, 0.4876, ],


[9.0000, ],
[2.0000, ],
[11.0000, ],
[8.0000, ],
[12.0000, ],
[8.0000, ],
[5.0000, ],
[7.0000, ],
[1.0000, ],
[11.0000, ],
[10.0000, ],
[14.0000, ],
[9.0000, ],
[10.0000, ],
[5.0000, ],
[4.0000, ],
[6.0000, ],
[1.0000, ],
[4.0000, ],
[13.0000, ],
[12.0000, ],
[0.0000, ],
[8.0000, ],
[7.0000, ],
[4.0000, ],
[4.0000, ],
[6.0000, ],
[10.0000, ],
[17.0000, ],
[3.0000, ],
[10.0000, ],
[8.0000, ],
[4.0000, ],
[16.0000, ],
[3.0000, ],
[17.0000, ],
[4.0000, ],
[4.0000, ],
[5.0000, ],
[10.0000, ],
[6.0000, ],
[8.0000, ],
[1.0000, ],
[5.0000, ],
[3.0000, ],
[14.0000, ],
[15.0000, ],
[10.0000, ],
[9.0000, ],
[15.0000, ],
[3.0000, ],
[17.0000, ],
[7.0000, ],
[5.0000, ],
[7.0000, ],
[2.0000, ],
[8.0000, ],
[0.0000, ],
[4.0000, ],
[12.0000, ],
[11.0000, ],
[5.0000, ],
[6.0000, ],
[3.0000, ],
[2.0000, ],
[10.0000, ],
[4.0000, ],
[4.0000, ],
[5.0000, ],
[17.0000, ],
[10.0000, ],
[19.0000, ],
[0.0000, ],
[9.0000, ],
[13.0000, ],
[13.0000, ],
[7.0000, ],
[0.0000, ],
[18.0000, ],
[2.0000, ],
[9.0000, ],
[5.0000, ],
[15.0000, ],
[10.0000, ],
[5.0000, ],
[7.0000, ],
[8.0000, ],
[12.0000, ],
[17.0000, ],
[12.0000, ],
[7.0000, ],
[8.0000, ],
[5.0000, ],
[6.0000, ],
[5.0000, ],
[12.0000, ],
[9.0000, ],
[4.0000, ],
[0.0000, ],
[3.0000, ],


