[ 0,  0,  0,  0,  9,  0,  0,  0,  0,  0,  0, 10,  0,  0,  0,  0,  2,  0,  0,  0,  0,  0,  0,  0, ],
[ 0,  0,  0,  0,  9,  0,  0,  0,  0,  0,  0,  0,  0,  0,  0,  0,  0,  0,  0,  0,  0,  0,  0,  0, ],
[ 0,  0,  0,  0,  0,  0,  0,  0,  0,  4,  0,  0,  0,  0,  0,  0,  0,  0,  0,  0,  0,  0,  0,  0, ],
[ 0,  0,  0,  0,  0,  0,  0,  0,  0,  0,  0,  0,  0,  0,  0,  0,  0,  0,  0,  0,  0,  0,  0,  0, ],
[ 0,  0,  0,  0,  0,  0,  0,  0,  0,  0,  0,  0,  3,  0,  0,  0,  0,  0,  0,  0,  0,  0,  0,  0, ],
[ 0,  0,  0,  0,  0,  0,  0,  0,  0,  0,  0,  5,  0,  0,  2,  0,  0,  0,  0,  0,  0,  0,  0,  0, ],
[ 0,  0,  0,  0, 11,  0,  0,  0,  0,  0,  0,  0,  0,  0,  0,  0,  0,  3,  0,  0,  0,  0,  0,  0, ],
[ 0,  0,  0,  0,  0,  0,  0,  0,  6,  0,  0,  0,  0,  0,  0,  0,  0,  0,  0,  0,  0,  0, 10,  0, ],
[ 0,  0,  0,  0,  0,  0,  2,  0,  0,  0,  0,  0,  0,  0,  0,  0,  0,  0,  0,  0,  2,  0,  0,  0, ],
[ 0,  0,  0,  0,  0,  0,  0,  0,  0, 10,  5,  0,  0,  0,  0,  0,  0,  0,  0,  0,  0,  0,  0,  0, ],
[ 0,  0,  0,  0,  0,  0,  0,  0,  0,  0,  0,  0,  0,  0,  6,  0,  0,  0,  0,  0,  0,  0,  0,  0, ],
[ 0,  0,  0,  0,  0,  0,  0,  0,  0,  0,  0,  0,  0,  0,  0,  0,  0,  0,  0,  0,  0,  0,  0,  0, ],
[ 0,  0,  0,  0,  0,  0,  0,  0,  0,  0,  0,  1,  0,  0,  0,  0,  0,  0,  0,  0,  0,  0,  0,  4, ],
[ 0,  0,  0,  0,  0,  0,  0,  6,  0,  0,  0,  0,  0,  0,  0,  0,  0,  0,  0,  0,  0,  0,  0,  0, ],
[ 0,  0,  0,  0,  0,  0,  0, 10,  1,  0,  0,  0,  0,  0,  0,  0,  0,  0,  0,  0,  0,  0,  0,  0, ],
[ 0,  0,  0,  0,  0,  0,  0,  0,  0,  0,  0,  0,  0,  0,  0,  0,  0,  0,  0,  0,  0,  0,  0,  0, ],
[ 0,  0,  0,  0,  0,  5,  8,  0,  0,  0,  0,  0,  9,  7,  1,  0,  0,  2,  0,  0,  0,  0,  0,  0, ],
[ 0,  0,  0,  0,  0,  0,  0,  0,  0,  0,  0,  0,  0,  9,  0,  0,  0,  0,  0,  0,  0,  0,  0,  0, ],
[ 0, 10,  0,  0,  0,  0,  0,  0,  0,  0,  0,  0,  0,  0,  0,  0,  0,  0,  0,  0,  0,  0,  5,  0, ],
[ 0,  0,  0,  0,  0,  0,  6,  0,  1,  0,  0,  0,  6,  0,  0,  5,  0,  0,  0,  0,  0,  0,  0,  0, ],
[ 0,  0,  0, 13,  0,  0,  0,  0,  0,  6,  0,  0,  0,  0,  2,  0,  0,  0,  0,  0,  0,  0,  0,  0, ],
[ 0,  0,  0,  0,  0,  0,  0,  0,  0,  0,  0,  0,  0,  0,  0,  0,  0,  0,  0,  0,  0,  0,  0,  0, ],
[ 0,  0,  0,  0,  0,  0,  0,  0,  0,  0,  0,  0,  0,  0,  0,  0, 11,  0,  0,  0,  0,  0,  0,  0, ],
[ 8,  0,  0,  0,  3,  0, 11,  0,  0,  0,  0,  0,  0,  0,  0,  9,  0,  0,  0,  0,  0,  0,  0,  0, ],
[ 0,  0,  0,  0,  1,  0,  0,  0,  0,  0,  0,  0,  0,  0,  0,  0,  0,  0,  0,  0,  0,  0,  0,  0, ],
[ 0,  8,  0,  0,  0,  0,  0,  0,  0,  0,  0,  0,  0,  6,  0,  0,  0,  0,  0,  0,  0,  0,  0,  0, ],
[ 0,  0,  0,  0,  0,  5,  0,  0,  0,  8,  0,  0,  0,  0,  1,  0,  8,  0,  1,  0,  0,  0,  0,  0, ],
[ 0,  0,  0,  0,  0,  7,  0,  0,  0,  0,  0,  0,  0,  0,  0,  0, 11,  0,  0,  4,  9,  0,  0,  0, ],
[ 6,  2,  0,  0,  0,  0,  0,  0,  0,  0,  0,  0,  0,  0,  1,  0,  0,  0,  6,  6,  0,  0,  0,  0, ],
[ 0,  0,  0,  0,  0,  0,  0,  0,  0,  0,  0,  0,  0,  0,  0,  0,  0,  0,  0,  0,  0,  0,  0,  0, ],
[ 0,  0,  0,  0,  0,  0,  0,  0,  0,  0,  0,  0,  0,  0,  0,  0,  0,  0, 14,  0,  0,  0,  0,  0, ],
[ 0,  0,  0,  0,  0,  0,  0,  0,  0,  0,  0,  0,  0,  0,  0,  0,  0, 12,  0,  0,  0,  0, 12,  0, ],
[ 0,  0,  0,  0,  0,  0,  0,  0,  0,  0,  0,  0,  0,  0,  5,  0,  0,  0,  0,  0,  0,  0,  0,  0, ],
[ 0,  0,  0,  3,  0,  0,  0,  0,  0,  0,  0,  0,  0,  0,  0,  0,  0,  0,  0,  4,  0,  0,  0,  0, ],
[ 0,  0,  0,  0,  8,  0,  0,  0,  0,  0,  0,  0,  0,  0,  0,  0,  0,  3,  0,  0,  0,  0,  0,  0, ],
[ 0,  0,  0,  0,  0,  0,  3,  0,  0,  7,  0,  0,  0,  0,  0,  0,  0,  0,  0,  0,  0,  0,  0,  0, ],
[ 0,  0,  0,  0,  0,  0,  0,  0,  0,  0,  0,  0,  0,  0,  0,  0,  0,  0,  0,  0,  0,  0,  0,  0, ],
[12,  0,  0,  0,  0,  0,  0,  0,  0,  0,  0,  5,  0, 11,  0,  0,  0,  0,  3,  0,  0,  0,  0,  0, ],
[ 0,  0,  0,  0,  0,  0,  0,  0,  0,  0,  0,  8,  0,  0,  0,  0,  0,  0,  0,  0,  0,  0,  0,  0, ],
[ 0,  0,  0,  0,  0,  0,  0,  8,  0, 10,  0,  0, 13,  0,  0,  0,  0,  0,  0,  0, 12,  0,  0,  0, ],
[ 0,  0, 13,  0,  0,  0,  0,  1,  0,  0,  0,  0,  0,  0,  0,  0,  4,  0,  0,  7,  0,  0,  2,  0, ],
[ 0,  0,  0,  0,  0,  0,  0,  0,  0, 10,  0, 10,  0,  0,  0,  0,  0,  0,  0,  0,  0,  0,  0,  0, ],
[ 0,  0,  0,  0,  0,  0, 11,  0,  0,  0, 13,  0,  0,  0,  0,  0,  6,  0,  0,  0,  0,  0,  0,  0, ],
[ 0,  0,  0,  0,  0,  0,  0,  0,  5,  0,  0,  0,  0,  0,  0,  0,  0,  0,  0,  0,  0,  0,  2,  0, ],
[ 0,  0,  0,  0,  0,  0,  0,  0,  0,  0,  0,  0,  0,  0,  0,  0,  0,  0,  0,  0,  0,  0,  0,  0, ],
[ 0,  0,  0,  0,  0,  0,  0,  0,  0,  0,  0,  0,  0,  0, 12,  0,  0,  0,  0,  0,  0,  0,  3,  0, ],
[ 9,  0,  0,  0,  0,  0,  0,  0,  0,  0,  0,  3,  0,  0,  2,  0,  0,  0,  0,  0,  0,  0,  0,  0, ],
[11,  0,  0,  0,  0,  0,  0,  0,  0,  0,  0,  0,  0,  0,  0,  0,  0,  0,  0,  0,  0,  0,  0,  0, ],
[ 0,  0,  0,  0,  0,  0,  3,  0,  0,  0,  0,  0,  0,  0,  0,  0,  0,  0,  0,  1,  0, 12,  0,  0, ],
[ 4,  0,  0,  0,  0,  0,  0,  0,  0,  0,  0,  0,  0,  0,  0,  7,  0,  0,  0,  0,  0,  0,  0,  0, ],
[ 0,  0,  0,  0,  0,  0,  0,  0,  0,  0,  0,  0,  0,  0,  0,  0,  0,  0,  0,  0,  0,  0,  0,  0, ],
[ 0,  0,  0,  0,  0,  0,  0,  0,  6,  0,  0,  0,  0,  0,  0,  0,  0,  0,  0,  0,  0,  0,  0,  0, ],
[ 0,  3,  0,  0,  0,  0,  0,  0,  0,  5,  0,  0,  0,  0,  0,  0,  0,  0, 14,  0,  0, 10,  0, 10, ],
[10,  0,  0,  0, 12,  0,  0,  0,  0,  0,  0,  0,  0,  0,  0,  0,  0,  0,  0,  0,  0,  0,  0,  0, ],
[ 0,  0,  0,  0,  0, 13,  0,  2,  0,  0,  0,  0,  0,  0,  0,  0,  0,  0,  0,  0,  0,  0,  0,  0, ],
[ 0,  0,  0,  8,  0,  0,  0,  0,  6,  0,  0,  0,  0,  0,  0,  0, 13,  0,  0,  7,  0,  0,  0,  0, ],
[ 0,  0,  0,  0,  0,  0,  0,  0,  0,  0,  0,  9,  5,  0,  0,  0,  0,  0,  6,  2,  2,  0,  0,  0, ],
[ 0,  0,  0,  0, 12,  0,  0,  0,  0,  0,  0,  0,  0,  0,  0,  0,  0,  0,  0,  0,  0,  0,  0,  0, ],
[ 0,  0,  0,  0,  0,  0,  0,  0,  0,  0,  0,  0,  0,  0,  0,  0,  0,  0,  0,  0,  0,  0,  0,  0, ],
[ 0,  0,  6,  0,  0,  6,  0,  0,  0,  0,  0,  0,  0,  0,  0,  0,  9,  0,  0,  0,  0,  0, 11,  0, ],
[ 0,  0,  0, 14,  0,  0,  0, 10,  0,  0,  0,  0,  0,  0,  0,  0,  0,  0,  0,  0,  0,  0,  0,  0, ],
[ 0,  0,  0,  0,  0,  0,  0,  0,  0,  0,  0,  0,  0,  0,  0,  0,  0,  0,  0,  0,  0,  0,  0,  0, ],
[ 5,  0,  0,  0,  0, 13,  0,  0,  0,  0,  0,  0,  0,  0,  0,  0, 12,  0,  0, 14,  0,  3, 10,  0, ],
[ 0,  0,  0,  0, 10,  0,  0,  0,  0,  3,  0,  0,  0,  0,  0,  0,  0,  0,  0,  0,  0,  0,  0,  0, ],
[ 0,  0,  0,  0,  0,  0,  0,  0,  0,  0,  8,  0,  6,  0,  0,  0,  0,  0,  0,  0,  0,  0,  0,  0, ],
[ 0,  0,  0,  0,  4,  0,  0,  0,  0,  0,  0,  0,  0,  0,  1,  0,  0,  0,  0,  0,  0,  0,  0,  0, ],
[ 0,  0,  0,  1,  0,  0,  0,  0,  0,  0,  0,  0,  0,  0,  0,  0,  0,  0,  0,  7,  0,  0,  0,  0, ],
[ 0,  8,  3,  0,  0,  0,  7,  0,  0,  0,  0,  0,  5,  0,  0,  0,  0,  0,  0,  0, 12,  0,  0,  0, ],
[ 0,  7,  0,  0,  0,  0,  0,  0,  0,  0,  0,  0,  0,  0,  0,  0,  0,  0,  0,  0,  0,  0,  0,  0, ],
[ 0,  0,  0,  0,  0,  0,  0,  0,  0,  0,  0,  0,  0,  0,  0,  0,  0,  0,  0,  0,  0,  0,  0,  0, ],
[ 0,  0,  0,  0,  0,  0,  0,  0,  0,  0, 13,  0,  0,  0,  0,  0,  0,  0,  0,  0,  7,  4,  8,  0, ],
[ 0,  0,  0,  3,  0,  0,  0,  0,  0,  0,  0,  0,  0,  0,  0,  8,  6,  0,  6,  0,  0,  9,  4,  0, ],
[ 0,  0,  0,  0,  0,  1,  0,  0,  0,  0,  0,  0,  0,  0,  0,  0, 10,  0,  0,  0,  0,  0,  0,  0, ],
[ 0,  0,  0,  0,  0,  0,  0,  0, 10,  0,  5,  0,  0,  0,  0,  0,  0,  0,  0,  0,  9,  0,  0,  0, ],
[ 0,  0,  0,  0,  0,  0,  0,  0,  0,  0,  0,  0,  0,  6,  0,  0,  0,  0,  0,  1,  0,  0,  0,  0, ],
[ 0,  0,  0,  0,  0,  0,  0, 14,  0,  0,  7,  0,  0,  0,  0,  0,  0,  0,  0,  0,  0,  0,  0,  0, ],
[ 0,  0,  2,  0,  0,  0,  0,  0,  0,  0,  0,  0,  0,  0,  0,  0,  0,  0,  0,  0,  0,  0,  0,  0, ],
[ 0,  0,  9,  0,  0,  0,  0,  0,  0,  0,  0,  0,  0,  0,  0,  0,  0,  0,  0,  7,  0,  0,  0,  2, ],
[ 0, 10,  0,  0,  0,  0,  0,  0,  0,  0,  0,  0,  0,  0,  0,  0,  3,  0,  0,  0,  0,  0,  4,  0, ],
[ 0,  8,  5,  2,  0,  0,  0,  0,  0,  0,  0,  0,  0, 14,  0,  0,  0,  0,  2,  0,  0,  0,  0,  0, ],
[ 0,  0,  0,  0,  0,  0,  0,  0,  0,  0,  0,  0,  0,  0,  0, 11,  0,  0,  0,  0,  0,  0,  0,  0, ],
[ 0,  0,  0,  6,  0,  0,  0,  0,  0,  0,  0,  2,  0,  0,  0,  0,  0,  0,  1,  0,  0,  0,  0,  0, ],
[ 0,  0,  0, 10,  0,  0,  0,  0,  0,  0,  0,  0,  0,  0,  0,  0,  0,  0,  0,  0,  6,  0,  0,  0, ],
[ 0,  0,  0,  0,  0,  0,  0,  0,  0,  0,  0,  0,  6,  0,  6,  0,  0,  0,  0,  0,  0,  0,  0,  2, ],
[ 0,  0,  0,  0,  0,  0,  0,  0,  0,  0,  0,  0,  0,  0,  0,  0,  0,  0,  0,  0,  0,  0,  0,  1, ],
[ 0,  0,  0,  0,  0,  0,  0,  0,  0,  8,  0,  0,  0,  0,  0,  6,  0,  0,  0,  0,  0,  0,  0,  0, ],
[ 0,  0,  0,  0,  0,  0,  0,  0,  9,  8, 12,  0,  2,  0,  0,  0,  0,  0,  0,  0,  0,  0,  0,  0, ],
[ 2,  0,  0,  0,  0, 10,  0,  0,  0,  0,  0,  0,  0, 12,  0,  0,  0,  0,  0,  0,  0,  0,  0, 10, ],
[ 0,  0,  0,  0,  0,  0,  0,  0,  0,  0,  0,  0,  0,  9,  0,  0,  0,  0,  0, 13,  0,  0,  0,  0, ],
[ 0,  0,  0,  0,  0,  0,  0,  0,  0,  0,  0,  0,  0,  0,  0,  0,  0,  0,  0,  0,  0,  6,  0,  0, ],
[ 0,  0,  0,  0,  0,  0,  0,  0,  0,  1,  0,  0, 14,  0,  0,  0,  0,  0,  0,  0,  0,  0,  0,  0, ],
[ 0,  7,  0,  0,  0,  0,  0,  0,  0,  0,  0,  0,  0,  0,  2,  0,  0,  0,  0,  0,  0,  0,  0,  0, ],
[ 0,  0,  0,  0,  7,  0,  0,  0,  0,  0,  0,  0,  0,  0,  0,  0,  0,  0,  0,  0,  0,  0,  0,  0, ],
[ 0,  0,  0,  0,  0,  0,  0,  0,  0,  0,  0,  0,  0,  0,  0,  0,  0,  6,  0,  0,  8,  0,  0,  0, ],
[ 0,  0,  0,  0,  7,  8,  4,  0,  0,  0,  0,  0, 11,  0,  0,  0,  0,  0,  0,  0,  0,  0,  0,  0, ],
[ 0,  0,  0,  0,  0,  0,  0,  0,  0,  0,  3,  0,  0,  0,  0,  0,  2,  0,  0,  0,  0,  0,  0,  0, ],
[ 0,  0,  0,  0,  0,  0, 13,  0,  0,  0,  0,  2,  0,  0,  0,  0,  0,  0,  0,  0, 14,  0,  7,  0, ],
[ 0,  0,  0,  0,  0,  0,  0,  0,  0,  0,  0,  0,  0,  0,  0,  7,  0,  0,  0,  0,  0,  0,  0,  0, ],
[ 0,  0,  0,  0,  0,  0,  0,  0,  0,  4,  0, 12,  0,  0,  0,  0,  0,  0,  0,  0,  0, 13,  0,  0, ],
[ 0,  0,  0,  0,  0,  0,  0,  0,  0,  0,  0,  0,  0,  0,  0,  0,  0,  0,  0,  0,  0,  3,  0,  0, ],


[0.0776, -0.2349, ],
[0.0508, -0.3868, ],
[-0.0349, 0.5918, ],
[-0.0913, -0.3878, ],
[0.8429, 0.8617, ],
[0.3585, -0.1370, ],
[-0.7054, -0.9706, ],
[0.5614, 0.2742, ],
[-0.0216, 0.6345, ],
[-0.3610, -0.8343, ],
[-0.7113, -0.0996, ],
[-0.0391, -0.4763, ],
[0.4462, -0.6843, ],
[0.3726, 0.5226, ],
[0.2508, 0.6881, ],
[-0.4907, -0.1375, ],
[0.5897, -0.7390, ],
[0.2413, 0.2207, ],
[0.6457, 0.4461, ],
[0.3997, -0.6587, ],
[0.9440, 0.6036, ],
[0.4203, -0.6148, ],
[0.6875, 0.0350, ],
[0.2820, -0.6843, ],
[0.8457, 0.0218, ],
[-0.6249, 0.1734, ],
[-0.3995, 0.6236, ],
[-0.5078, 0.7520, ],
[-0.3744, -0.7282, ],
[0.5813, -0.6506, ],
[-1.0000, 0.0540, ],
[-0.0235, 0.3857, ],
[-0.7677, -0.0878, ],
[0.5874, 0.7869, ],
[-0.6155, 0.0828, ],
[-0.6561, 0.2107, ],
[0.5460, -0.0215, ],
[0.1346, -0.1208, ],
[0.3065, -0.4119, ],
[0.7156, 0.5481, ],
[0.7574, -1.0000, ],
[0.0428, 0.1080, ],
[1.0000, -0.1699, ],
[0.8404, -0.9062, ],
[0.5528, -0.2712, ],
[0.6685, 1.0000, ],
[-0.5499, -0.3329, ],
[-0.5134, -0.4375, ],
[-0.2673, -0.4191, ],
[0.8377, 0.8938, ],
[0.4263, -0.1655, ],
[0.6058, 0.1525, ],
[0.3202, -1.0000, ],
[0.1344, -0.9680, ],
[-0.3224, -0.1348, ],
[0.1427, -0.3455, ],
[-0.5541, -0.0185, ],
[-0.6668, 0.0205, ],
[-0.4688, 0.4906, ],
[-0.3171, -0.3484, ],
[0.6626, -0.2302, ],
[-0.5402, 0.0478, ],
[0.0928, -0.1624, ],
[0.1111, 0.2645, ],
[0.1080, -0.4040, ],
[-0.3260, -0.7806, ],
[0.2930, 0.3921, ],
[0.2956, -0.6136, ],
[-0.7927, 0.7411, ],
[0.5784, -0.2626, ],
[-0.2995, 0.8290, ],
[-0.7557, 0.6685, ],
[0.7809, -0.5582, ],
[0.9652, 0.4162, ],
[0.7616, 0.7956, ],
[-0.7357, -0.0711, ],
[-0.7320, 0.6622, ],
[0.9632, 0.9585, ],
[-0.0525, 0.3249, ],
[0.9410, 0.2038, ],
[0.2327, 0.7274, ],
[-0.0929, 0.8987, ],
[-0.1946, -0.0494, ],
[-0.5096, 0.7448, ],
[-0.6865, -0.0852, ],
[-0.3933, -0.0891, ],
[-0.0687, 0.5990, ],
[1.0000, 0.2591, ],
[0.5298, -0.7619, ],
[0.2500, -0.8416, ],
[-0.3723, -0.2864, ],
[0.6838, -0.4239, ],
[-0.0362, 0.5829, ],
[0.8583, -0.1995, ],
[-0.1560, -0.9472, ],
[-0.6191, -0.8865, ],
[-0.5974, 0.0818, ],
[0.4368, -0.6131, ],
[0.8717, 0.2071, ],
[0.3531, 0.3111, ],


[8.0000, ],
[3.0000, ],
[2.0000, ],
[0.0000, ],
[2.0000, ],
[3.0000, ],
[6.0000, ],
[7.0000, ],
[2.0000, ],
[6.0000, ],
[3.0000, ],
[0.0000, ],
[3.0000, ],
[3.0000, ],
[5.0000, ],
[0.0000, ],
[13.0000, ],
[3.0000, ],
[6.0000, ],
[9.0000, ],
[8.0000, ],
[0.0000, ],
[4.0000, ],
[12.0000, ],
[1.0000, ],
[6.0000, ],
[10.0000, ],
[12.0000, ],
[11.0000, ],
[0.0000, ],
[4.0000, ],
[8.0000, ],
[2.0000, ],
[4.0000, ],
[5.0000, ],
[5.0000, ],
[0.0000, ],
[12.0000, ],
[3.0000, ],
[15.0000, ],
[11.0000, ],
[8.0000, ],
[11.0000, ],
[3.0000, ],
[0.0000, ],
[6.0000, ],
[6.0000, ],
[4.0000, ],
[7.0000, ],
[5.0000, ],
[0.0000, ],
[3.0000, ],
[16.0000, ],
[8.0000, ],
[5.0000, ],
[13.0000, ],
[10.0000, ],
[4.0000, ],
[0.0000, ],
[13.0000, ],
[8.0000, ],
[0.0000, ],
[20.0000, ],
[6.0000, ],
[6.0000, ],
[3.0000, ],
[4.0000, ],
[14.0000, ],
[3.0000, ],
[0.0000, ],
[12.0000, ],
[16.0000, ],
[5.0000, ],
[9.0000, ],
[4.0000, ],
[7.0000, ],
[1.0000, ],
[7.0000, ],
[8.0000, ],
[11.0000, ],
[4.0000, ],
[5.0000, ],
[7.0000, ],
[7.0000, ],
[1.0000, ],
[6.0000, ],
[11.0000, ],
[13.0000, ],
[7.0000, ],
[3.0000, ],
[5.0000, ],
[4.0000, ],
[3.0000, ],
[6.0000, ],
[12.0000, ],
[3.0000, ],
[12.0000, ],
[3.0000, ],
[10.0000, ],
[2.0000, ],


