[ 0,  0,  0,  0,  0,  0,  0,  0,  0,  0,  2,  0,  0,  0,  0,  0,  0,  0,  5,  0,  0,  0,  0,  0, ],
[ 0,  0,  0,  0,  4,  0,  0,  0,  0,  0,  0,  0,  0,  0,  0,  0,  0,  0,  0,  0,  0,  0,  0,  0, ],
[ 0,  0,  0,  0,  0,  0,  9,  0,  0,  0,  0,  0,  0,  0,  0,  0,  0,  0,  0,  0,  0,  2,  0,  0, ],
[ 0,  0,  0,  0,  0,  0,  0,  0,  0,  0,  0,  0,  0,  0,  0,  0,  0,  0,  0,  0,  0,  0,  0,  0, ],
[ 0,  0,  0,  0,  0, 12,  0,  0,  0,  0,  0,  4,  0,  0,  0,  0,  0,  0,  0,  0,  0,  0,  0,  6, ],
[ 0,  0,  0,  0,  0,  0,  0,  5,  0,  0,  0,  0,  0,  0,  0,  0,  0,  0,  0,  0,  1, 14,  0,  0, ],
[ 0,  0, 11,  0,  0,  0,  0,  0,  0,  0,  8,  0,  2,  0,  0,  0,  0,  0,  0,  0,  0,  0,  0,  0, ],
[ 0,  0,  0,  0,  0,  0,  0,  0,  6,  1,  0,  0,  0,  0,  0,  0,  0,  0,  9,  0,  0,  0,  0,  0, ],
[ 0,  0,  0,  0,  0,  0,  0,  0,  0,  0, 10,  0,  0,  0,  0,  0,  0,  0,  0,  0,  0,  0,  0,  0, ],
[ 0,  0,  3,  0,  0,  0,  6,  0,  0,  0,  0,  0,  0,  0,  0,  0,  0,  0,  0,  0,  0,  0,  0,  0, ],
[ 0,  0,  0,  0,  0,  0,  0,  0,  0,  0,  0,  0,  0,  0,  0,  0,  0,  0,  0,  0,  0,  0,  0,  0, ],
[ 0,  0,  0,  0,  0,  0,  0,  0,  0, 11,  0,  0,  0, 13,  0,  0,  5,  0,  0,  0,  0,  0,  0,  0, ],
[ 8,  0,  0, 14,  0,  0, 12,  0,  0,  0,  0,  0,  0,  0,  0,  0,  0,  0,  0,  0,  0,  0,  0,  0, ],
[ 0,  0,  0,  0,  0,  0,  0,  0,  0,  0,  0,  0,  0,  0,  2,  0,  0,  0,  0,  0,  0,  0,  0,  0, ],
[ 0, 13,  0,  0,  0,  0,  0,  0,  0,  0,  0,  0,  0,  0,  0,  0,  0,  0, 12,  0,  0,  0,  0,  0, ],
[ 0,  0,  0,  0,  5,  0,  0,  0,  8,  2,  0,  0,  0,  0,  5,  0,  0,  0,  0,  0,  0,  0,  0,  0, ],
[ 0,  0,  0,  0,  0,  0,  0,  0,  0,  0,  5,  0,  0,  0,  0,  0,  0,  0,  0,  0,  1,  0,  0,  1, ],
[ 0,  0,  0,  0,  0,  0,  0,  0,  0,  0,  0,  0,  0,  0,  0,  0,  8,  0,  0,  0,  0,  0,  0,  0, ],
[ 0,  0,  6,  0,  0,  0,  0,  0,  0,  0,  0,  0,  0,  0,  6,  0,  0,  0,  0,  0,  0,  0,  0,  0, ],
[ 0,  0,  0,  0,  0,  0,  0,  0,  0,  0,  0,  0,  0,  0,  0,  0, 10,  0,  0,  0,  0,  0,  0,  0, ],
[ 0,  0,  8,  0,  0,  0,  0,  0,  0,  0,  0,  0,  0,  0,  0,  0,  0,  0,  0,  0,  0,  0,  0,  0, ],
[ 0,  0,  0,  0,  0,  0,  0,  0,  0,  0,  0,  0,  0,  0,  0,  0,  0,  0,  0,  0,  0,  0,  0,  0, ],
[ 0,  0,  0,  0,  4,  0,  0,  0,  0,  0,  0,  0,  0,  0,  0,  4,  0,  0,  0,  0,  0,  0,  0,  0, ],
[ 0,  0,  0,  0,  0,  0,  0,  0,  0,  0, 14,  0,  0,  0,  0,  0,  0,  0,  0,  0,  0,  0,  0,  0, ],
[ 0,  0,  0,  0,  0,  0,  0,  2,  0,  0,  0,  0,  0,  0,  0,  0,  0,  0,  0,  0,  0,  0,  8,  9, ],
[ 0,  0,  0,  4,  7,  0,  0,  0,  0,  0,  0,  0,  0,  0,  0,  0,  9,  4,  0,  0,  0,  0,  0,  0, ],
[ 0,  0,  7,  0,  0,  0,  0,  0,  0,  8,  0,  0,  0,  0,  0,  0,  0,  0,  0,  0,  0,  0,  0,  0, ],
[ 6,  0, 12,  0,  0,  9,  0,  0,  0,  0,  0,  0,  0,  0,  0,  0,  0,  0,  0,  0,  0,  0,  0,  0, ],
[ 0,  0,  0,  0,  0,  0,  0,  0,  0,  0,  0,  0,  0,  0,  0,  0,  0,  0,  0,  0,  0,  0,  0,  0, ],
[ 0,  0,  0,  0,  0,  0,  0,  0,  0,  0,  0,  8,  0,  0,  0,  0,  0,  2,  0,  2,  0,  0,  0,  0, ],
[ 0,  0,  0, 10,  0,  0,  0,  0,  0,  0,  0,  0,  0,  0,  0,  0,  0,  0, 14,  0,  0,  0,  0,  0, ],
[ 0,  0,  0,  0,  0,  0,  0,  0,  0,  0, 11,  0,  0,  0,  0,  0,  0,  0,  0,  0,  0,  0,  0,  0, ],
[13,  0,  0,  0,  0,  0,  0,  0, 12,  0,  0,  0,  0,  0, 10,  0,  0,  0,  5,  0,  0,  0,  0,  0, ],
[ 0,  0,  0,  0,  0,  0,  0,  0,  0,  0,  0,  5,  0,  0,  0,  0,  0,  0,  0,  0,  0,  0,  0,  0, ],
[ 0,  0, 14,  0,  0,  0,  0,  0,  4,  0,  0,  0,  0,  0,  0,  0,  0,  3,  0,  0,  0, 11,  0,  0, ],
[ 0,  0,  0,  0,  0,  0,  0,  0,  0,  0,  0,  0,  0,  0,  0,  0,  0,  0,  0,  0,  0,  4,  0,  0, ],
[ 0,  0,  0,  0,  0,  0,  0,  0,  0,  0,  0,  0,  0,  0,  0,  0,  0,  0,  0,  0,  0,  0,  0,  0, ],
[ 5,  0,  0,  0,  0,  0,  0,  0,  9,  0,  0,  0,  0,  0,  0,  0,  1,  0,  0,  0,  0,  0,  0,  0, ],
[ 0,  0,  0,  0,  0,  0,  0,  2,  0,  0,  0,  0,  0,  0,  0,  0,  0,  0,  0,  0,  0,  0,  0,  0, ],
[ 0,  0,  0,  0,  0,  0,  0,  0,  0,  0,  0,  0, 10,  0,  0,  0,  0,  0,  0,  0,  0,  0,  0,  0, ],
[ 0,  0,  0,  0,  0,  0,  0,  0,  0,  0,  0,  4,  0,  0,  0,  0,  0,  0,  0,  0,  0,  0,  0,  0, ],
[ 0,  0,  0,  0,  0,  0,  0,  0,  0, 10,  0, 10,  0,  0,  0,  0,  0,  0,  0,  0,  0,  0,  0,  0, ],
[ 0,  0,  0,  0,  0,  3,  0,  0,  0,  0,  0,  0,  0, 11,  0,  0,  8,  0,  0,  0,  0,  0,  0,  0, ],
[ 0,  0,  0,  0,  0,  0,  0,  0,  0, 12,  0,  0,  0,  0,  0,  0,  0,  0,  0,  0,  0,  0,  0,  0, ],
[ 0,  0,  0,  0,  0,  0,  0,  0,  0,  0,  0,  0,  0,  0,  0,  0,  0,  0,  0,  0,  7,  0,  0,  0, ],
[ 0,  0,  0,  0,  0,  4,  0,  0,  0,  0,  0,  0,  0,  0,  0,  0,  4,  0,  0,  0,  0,  0,  0,  0, ],
[ 0,  0,  0,  0,  0,  0,  0,  0,  0,  0,  0,  4,  0,  0,  1,  0,  0,  0,  0,  0,  0,  0,  0,  0, ],
[ 3,  6,  0,  0,  0,  0,  0,  0,  0,  0,  0,  0,  0,  0,  0,  0,  8, 10,  0,  0,  0,  0,  0,  0, ],
[ 0,  0,  0,  0,  0,  0,  0,  0, 13,  0,  0,  0,  0,  0,  0,  0,  0,  0,  0,  0,  0,  0,  0,  0, ],
[ 0,  0,  0,  0,  0,  0,  5,  0,  0,  0,  0,  0,  0,  0,  0,  0,  0,  0,  0,  0,  0,  0, 11,  0, ],
[ 9,  0, 14,  0,  0,  0,  0,  0,  0,  0,  0,  0,  0,  0,  0,  0,  0,  0,  0,  0,  0,  0,  0,  2, ],
[ 0,  0,  0, 12,  0,  0,  0,  0,  0, 14,  0,  0,  0,  0,  9,  0,  0,  0, 13,  0,  0,  0,  0,  0, ],
[ 0,  4,  0,  0,  7,  0,  0,  0,  0,  0,  0,  0,  0,  0,  0,  0,  0,  0,  0,  0,  0,  0,  0,  0, ],
[ 0,  0,  0,  0,  0, 13, 13, 10,  0,  0,  0,  0,  7,  0,  0,  0,  0,  0,  0,  0,  0,  0,  0,  0, ],
[ 0,  0,  0,  0,  0,  0,  0,  0,  0, 11,  0,  0,  0,  0, 11,  0,  0,  0,  0,  0,  0,  0,  0,  0, ],
[ 0,  0,  0,  0,  0,  0,  0,  0,  0,  0,  0,  0, 10,  0,  0,  0,  0,  0,  0,  0,  0,  0,  0,  0, ],
[ 0,  0,  0,  0,  0,  0,  0,  0,  0,  0,  0,  4,  5,  0,  0, 11,  3,  0,  0,  0,  0,  0,  0, 11, ],
[ 0,  0,  0,  0,  0,  0,  0,  0, 10,  0,  0,  0,  0,  0,  0,  0,  0,  0,  0,  0,  0,  0,  0,  0, ],
[ 0,  0,  5,  0,  0,  0,  0,  0,  0,  0,  0,  0,  0,  0,  0,  0,  0,  0,  0,  0,  2,  0,  0,  0, ],
[ 0,  4,  6,  0,  0,  0,  0,  5,  0,  0,  0,  8,  0,  0,  0,  9,  0,  0,  0,  0,  0,  0,  0,  0, ],
[13,  0,  0,  0,  0, 11,  0,  0,  0,  0,  0,  0,  0,  0,  0,  0,  0,  0,  0,  0,  0,  0,  0,  0, ],
[ 0,  0,  0,  0,  0,  0,  0,  0,  0,  0,  9,  0,  0, 12,  0,  0,  0, 12,  0,  3,  0,  0,  0, 13, ],
[ 0,  0,  0,  0,  0,  0,  0,  0,  0,  0, 12,  0,  0,  1,  0,  0, 14, 14,  0,  0,  0,  7, 10,  0, ],
[ 0,  0,  0,  0,  0,  0,  0,  0,  0,  3,  0, 11,  0,  0,  0,  0,  0,  0,  0,  0,  0,  0,  0,  0, ],
[ 0,  0,  0,  0,  9,  0, 10,  0,  0,  0,  8,  0,  0,  0,  0, 12,  0,  0,  0,  0,  0,  0,  0,  0, ],
[ 0,  0,  0,  0,  6,  0,  0,  0,  7,  0,  0,  0,  0,  7,  0,  0,  0,  0,  0,  0,  0,  0,  0,  0, ],
[ 0,  0,  0,  0,  0,  0,  0,  0,  0,  0,  0, 12,  2,  0,  0,  0,  0,  3,  0,  0,  0,  0,  0,  0, ],
[ 0,  0,  0,  0,  0,  0,  0,  0,  0,  0,  0,  0,  0,  0,  0,  0,  0,  0,  0,  0,  0,  0,  0,  0, ],
[ 0,  0,  0,  0,  0,  0,  0,  0,  0,  0,  0,  0,  0,  0,  0,  0,  0,  0,  0,  4,  0,  0,  0,  0, ],
[ 0,  0,  0,  7,  0,  0,  0,  0,  0,  0,  0,  1,  0,  0,  0,  0,  0,  0,  0,  0,  0,  0,  0,  0, ],
[ 0,  0,  0,  0,  0,  0,  0,  2,  2,  0,  0,  0,  0,  5,  0,  0,  0,  0,  0,  0,  0,  0,  0,  0, ],
[ 0,  0,  0,  0,  0,  0,  0,  0,  0,  0, 13,  0,  0,  0,  0,  0,  0,  0,  0,  0, 14,  0,  6,  0, ],
[ 0,  0,  0,  0,  0,  0, 13,  0,  0,  0,  0,  0,  0,  0,  0,  0,  0,  0,  0, 14,  8,  0,  0,  0, ],
[ 0,  0,  0,  0,  0,  0,  0,  0,  0,  0,  0, 10,  0,  0,  0,  0,  0,  0,  0,  0,  0,  0,  0,  0, ],
[ 0,  0,  0,  0,  0,  0,  0,  0,  0,  7,  0,  0,  0,  0,  0,  7,  0,  6,  0,  0,  0,  0,  0,  0, ],
[ 0,  6,  0,  0,  0,  0,  0,  0,  0,  0,  0,  0,  0,  0,  4,  0,  0,  0,  0,  0,  0,  0,  0,  4, ],
[ 0,  0,  0,  0,  2,  0,  0,  3,  0,  0,  0,  0,  0,  0, 13,  8,  0,  0, 12,  9,  0,  0,  0,  0, ],
[ 8,  0,  0,  0,  0,  0,  0,  0,  0,  0,  4,  0,  0,  0,  0,  0,  0,  0,  0,  6,  0,  0,  0,  0, ],
[ 0,  0,  0,  0, 14,  0,  0,  0,  0,  0,  0,  0,  0,  0,  0,  0,  0,  0,  0, 10,  0,  0,  4,  0, ],
[ 0,  0,  0,  0,  0,  0,  4,  0,  0,  0,  0,  0,  0,  0,  0,  0, 13,  0,  2,  0,  0,  0,  8,  0, ],
[ 0,  0,  0,  0,  0,  0,  0,  0,  0,  0,  0,  0,  0,  0, 10,  0,  0,  0,  0,  0, 12,  0,  0,  0, ],
[ 0,  0,  0,  0,  0,  0,  0,  0,  0,  0, 12,  0,  0,  0,  0, 10,  0,  0,  0,  0, 10,  0,  0,  0, ],
[ 0,  0,  0,  0,  7,  0,  0,  0,  0,  0,  0,  0,  0, 11,  0,  0,  0,  0,  0,  9,  0,  0,  0,  0, ],
[ 0,  0,  0,  0,  0,  0,  0,  0,  4,  0,  0,  0,  0,  0,  0,  0,  0,  0,  0,  0,  0,  0,  0,  0, ],
[ 0,  0,  3,  0,  0,  0,  0,  0,  0,  0,  0,  0,  0,  0,  0,  4,  0,  0,  0,  0,  0,  0, 13,  0, ],
[ 0, 11,  0,  0,  7,  0,  0,  0,  0,  0,  0,  9,  0,  0,  0,  0,  0,  0,  0,  0,  0,  0,  0,  0, ],
[ 0,  0,  0,  0,  0,  0,  5,  0,  0,  0,  0,  0,  0,  0,  0,  0, 14,  9,  0,  0,  0,  0,  0,  0, ],
[ 0,  0,  0,  0,  0,  0,  0,  0,  4,  0,  0,  0,  0, 14,  2,  0,  0,  0,  0,  0,  7, 13,  0,  0, ],
[ 0,  0,  0,  0,  0,  0,  0,  0,  0,  0,  0,  0,  0,  0,  0,  0,  0,  0,  0,  0,  0,  0,  0, 12, ],
[ 0,  0,  0,  0,  0,  0,  0,  0,  0,  0,  0,  0,  0,  0,  0,  0,  0,  0,  0,  0,  0,  0,  0,  0, ],
[ 0,  0,  0,  0,  0,  0,  0,  0,  0,  0,  0,  0,  0,  0,  0,  0,  0,  0,  0,  0,  9,  0,  0,  6, ],
[ 0,  0,  0,  0,  0,  0,  0,  0, 13,  5,  0,  0,  0,  0,  0,  0, 12,  0,  0,  0,  0,  0,  0,  0, ],
[ 0,  0,  0,  0,  3,  0,  0,  0,  0,  0,  0,  0,  0,  0,  0,  0,  0,  0,  0, 14,  0, 13,  9,  0, ],
[ 0,  8,  0,  0,  0,  0,  0,  0,  0,  0,  0,  0,  0,  0,  0,  0,  0,  0,  0,  0,  0,  0,  0,  0, ],
[ 0,  0,  0,  0,  0,  0,  0,  0,  7,  0,  0,  0,  4,  0,  0,  0,  0, 12,  0,  0, 12,  0,  3,  0, ],
[ 0,  0,  0,  0,  0,  0,  0,  0,  0,  4,  3,  0,  0,  0,  0,  0,  0,  7,  0,  0,  0,  0,  0,  0, ],
[ 0,  0,  0,  0,  0,  0,  0,  0,  0,  9,  0,  0,  0,  0,  0,  0,  0,  0,  0,  0,  0,  0,  0,  0, ],
[ 0, 12,  0,  0,  0,  0,  0,  0,  0,  0,  0,  0,  0,  0,  6,  0,  0,  0,  0,  0,  0,  0,  0,  0, ],
[ 0,  0,  0,  0,  0,  0,  0,  0,  0,  0,  0,  0,  0,  0,  0,  0,  0,  0,  0,  0, 12,  0, 13,  0, ],
[ 0,  0,  0,  0,  0,  0,  0,  6,  7,  0,  0,  0,  0,  0,  0,  0,  0,  0,  0,  0,  0,  0,  0,  0, ],


[0.4356, -0.8972, ],
[0.0463, -1.0000, ],
[-0.0349, 0.5207, ],
[0.9054, -0.3408, ],
[0.6505, 0.9113, ],
[0.5352, 0.0320, ],
[-0.6507, -0.5357, ],
[0.1754, 0.1855, ],
[0.1699, 0.3882, ],
[-0.4794, 0.5013, ],
[-0.9564, 0.3153, ],
[-0.1314, 0.0805, ],
[0.4330, -0.7566, ],
[-0.3923, 0.4984, ],
[0.4363, -0.6561, ],
[-0.7385, 0.1260, ],
[-0.0132, 0.9592, ],
[-0.0684, 0.1533, ],
[0.4370, 0.4641, ],
[0.3889, -0.0404, ],
[0.9586, 0.4008, ],
[0.4323, -0.5770, ],
[0.6205, 0.4072, ],
[-0.9830, -0.4890, ],
[1.0000, -0.7738, ],
[0.0282, 0.2175, ],
[0.6341, 0.5869, ],
[-0.2368, 0.6235, ],
[0.2773, 0.4018, ],
[0.5488, 0.4700, ],
[-1.0000, -0.3692, ],
[-0.0235, 0.4126, ],
[-0.9285, -0.0083, ],
[0.9642, 0.7462, ],
[0.8959, -0.4251, ],
[-0.7562, 0.1841, ],
[0.4696, -0.3843, ],
[0.3837, 0.0068, ],
[-0.8641, 0.9702, ],
[0.9439, 0.6104, ],
[0.6490, -0.8416, ],
[0.0794, 0.2151, ],
[0.3320, -0.1699, ],
[0.5186, -0.7468, ],
[0.1784, -0.5946, ],
[0.7540, -0.0945, ],
[0.7605, -0.2446, ],
[-0.6162, 0.4626, ],
[-0.1486, 0.4757, ],
[0.8335, 0.3947, ],
[0.5296, -0.1825, ],
[0.6566, 0.1803, ],
[0.1334, -0.9378, ],
[0.1308, -0.7771, ],
[0.5135, 0.3399, ],
[0.5071, -0.2569, ],
[0.7823, 0.0280, ],
[0.3906, 0.4427, ],
[-0.5523, 0.4452, ],
[0.0224, 0.8862, ],
[0.5518, 0.4364, ],
[0.2107, 0.0478, ],
[-0.6715, 0.0230, ],
[0.1756, 0.3255, ],
[0.9663, 0.0141, ],
[0.2762, -0.2003, ],
[0.8379, 0.3921, ],
[0.4257, -0.2565, ],
[-0.7927, 1.0000, ],
[0.7172, 0.0127, ],
[-0.6160, 0.5388, ],
[-0.7051, 0.4420, ],
[-0.4613, -0.3915, ],
[0.0027, 0.5117, ],
[0.2875, 0.6899, ],
[-0.9381, -0.1171, ],
[0.7120, 0.3702, ],
[0.9813, 0.9585, ],
[0.0671, 0.0970, ],
[-0.4762, -0.2558, ],
[0.4891, -0.4014, ],
[-0.4323, 0.2377, ],
[-0.5552, 0.1679, ],
[-0.5096, 0.7448, ],
[-0.2813, 0.0184, ],
[-0.1423, -0.3562, ],
[0.0671, 0.4984, ],
[0.6914, 0.7654, ],
[0.5298, -0.7619, ],
[0.1714, -0.3492, ],
[-0.4867, 0.4211, ],
[-0.1667, 0.9150, ],
[-0.0205, 0.7207, ],
[0.3581, -0.0083, ],
[-0.4398, -0.9472, ],
[-0.3802, -0.0964, ],
[-0.4644, 0.1487, ],
[0.9317, 0.3413, ],
[0.8717, 0.1989, ],
[0.3531, 0.0920, ],


[3.0000, ],
[2.0000, ],
[4.0000, ],
[0.0000, ],
[9.0000, ],
[7.0000, ],
[8.0000, ],
[7.0000, ],
[4.0000, ],
[5.0000, ],
[0.0000, ],
[10.0000, ],
[11.0000, ],
[1.0000, ],
[8.0000, ],
[8.0000, ],
[4.0000, ],
[3.0000, ],
[6.0000, ],
[4.0000, ],
[3.0000, ],
[0.0000, ],
[4.0000, ],
[4.0000, ],
[7.0000, ],
[10.0000, ],
[6.0000, ],
[10.0000, ],
[0.0000, ],
[5.0000, ],
[8.0000, ],
[4.0000, ],
[14.0000, ],
[2.0000, ],
[12.0000, ],
[2.0000, ],
[0.0000, ],
[6.0000, ],
[1.0000, ],
[4.0000, ],
[2.0000, ],
[8.0000, ],
[9.0000, ],
[4.0000, ],
[3.0000, ],
[4.0000, ],
[3.0000, ],
[12.0000, ],
[4.0000, ],
[6.0000, ],
[8.0000, ],
[15.0000, ],
[5.0000, ],
[15.0000, ],
[8.0000, ],
[4.0000, ],
[14.0000, ],
[4.0000, ],
[3.0000, ],
[13.0000, ],
[8.0000, ],
[17.0000, ],
[20.0000, ],
[6.0000, ],
[14.0000, ],
[9.0000, ],
[7.0000, ],
[0.0000, ],
[2.0000, ],
[4.0000, ],
[4.0000, ],
[11.0000, ],
[11.0000, ],
[4.0000, ],
[9.0000, ],
[7.0000, ],
[17.0000, ],
[8.0000, ],
[10.0000, ],
[10.0000, ],
[8.0000, ],
[12.0000, ],
[10.0000, ],
[2.0000, ],
[8.0000, ],
[10.0000, ],
[9.0000, ],
[14.0000, ],
[4.0000, ],
[0.0000, ],
[6.0000, ],
[10.0000, ],
[13.0000, ],
[3.0000, ],
[15.0000, ],
[7.0000, ],
[3.0000, ],
[7.0000, ],
[8.0000, ],
[6.0000, ],


