[ 0,  0,  0,  0,  0,  0,  0,  0,  0,  0,  0,  0,  0,  3,  2,  0,  0,  0,  0,  0,  0,  0,  0,  0, ],
[ 0,  0,  0,  0,  0,  0,  0,  0,  0,  0,  0,  0,  0,  0,  0,  0,  0,  0,  0,  4,  0,  0,  0,  0, ],
[ 0,  0,  0,  0, 14,  0,  0,  0,  0,  0,  0,  0,  0,  0,  0,  0,  0,  0,  0,  0,  0,  0,  0,  0, ],
[ 0,  0,  0,  8,  0,  0,  0,  0,  0,  0,  0,  0,  0,  0,  0,  0,  0,  0,  0,  0,  0,  0,  0,  0, ],
[ 0,  0,  0,  0,  0,  0,  0,  0,  0,  0,  0,  0,  0,  0,  0,  0,  0,  0,  0,  0,  0,  0,  0,  0, ],
[ 0,  0,  0,  0,  0,  0,  0,  5,  0,  0,  0,  0,  0,  0,  0,  0,  0,  0,  0,  0,  0,  0,  0,  0, ],
[ 0,  0,  0,  0, 11,  0,  0,  0,  0,  0,  0,  0,  2,  0,  0,  0,  0,  0,  0,  0,  0,  0,  0,  0, ],
[ 0,  0,  0,  0,  0,  0,  0,  0,  0,  0, 10,  0,  0,  0,  0,  0,  0,  0,  0,  0,  0,  0,  0,  0, ],
[ 0,  0,  0,  0,  0, 11,  0,  0,  0,  0,  0,  0,  0,  0,  0,  0,  0,  0,  0,  0, 14,  0, 14,  0, ],
[ 0,  2,  3,  0,  5,  0,  0,  0,  0,  0,  0,  0,  0,  0,  0,  0,  0,  0,  0,  0,  0,  0,  0,  0, ],
[ 0,  0,  0,  0,  0,  7,  0,  0,  0,  1,  0,  0,  0,  0,  0,  0,  9,  0,  0,  0,  0,  0,  0, 13, ],
[ 0,  0,  0,  0,  0,  0,  9,  0,  9,  0,  0,  0,  0, 13,  0,  0,  0,  0,  2,  0,  0,  0,  0,  0, ],
[ 0,  0,  0,  0,  0,  0,  0,  0,  0,  0,  0,  0,  0,  0,  5,  0,  0,  0,  0,  0,  0,  0,  0,  0, ],
[ 0, 13,  0,  0,  0,  0,  9,  0,  0,  0,  0,  0,  0,  0,  0,  0,  0,  0,  0,  0,  0,  0,  0,  5, ],
[ 0,  0,  0,  0,  0,  0,  0,  0, 13,  0,  0,  0,  9,  0,  0,  0,  0,  0,  0,  0,  0,  0,  0,  0, ],
[ 0,  0,  0,  0,  0,  0,  0,  0,  0,  0,  0,  7,  0,  0,  0,  0,  0,  0,  0,  0,  5,  3,  0,  0, ],
[ 0,  0,  0,  0,  0,  0,  0,  0,  0,  7,  0,  0,  7,  0,  0,  1,  0,  0,  0,  0,  0,  0,  0,  0, ],
[ 0,  0,  0,  0,  0,  0,  0,  0,  0,  0,  0,  0,  0,  0,  0,  1,  0,  0,  0,  0,  0,  0,  0,  0, ],
[ 0,  0,  0,  0,  0,  0,  0,  0,  0,  6,  0,  0,  0,  0,  0,  0,  0,  0,  0,  0,  0,  0,  5,  0, ],
[ 0,  0,  0,  0,  1,  0,  0,  0,  0,  0,  0,  0,  0,  0,  0,  0,  0,  5, 10,  0,  0, 11,  0,  0, ],
[ 0,  0,  0,  0,  0,  0,  0,  0,  0,  0,  0,  0,  0,  0,  0,  0,  0,  0,  0,  0,  0,  0,  0,  0, ],
[13,  0,  0,  0,  0,  0,  0,  0,  0,  0,  0,  0,  0,  0,  0,  0,  0,  0,  0,  0,  0,  0,  0,  0, ],
[ 0,  0,  0,  0,  0,  0,  0,  0,  0,  0,  0,  0,  0,  0,  0,  0,  0,  0,  6,  0,  0,  0,  0,  0, ],
[ 0,  0,  0,  2,  0,  0,  0,  0,  0,  0, 14,  0,  0,  7,  0,  0,  0,  0,  0,  0, 12,  0,  0,  0, ],
[ 0,  0,  0,  0,  0,  0,  0,  4,  8, 11,  0,  0,  0,  0,  0,  0,  0,  0,  0,  0,  0,  0,  0,  0, ],
[ 0,  0,  0,  0,  0,  0,  0,  0,  0,  0,  0,  0,  0,  0,  0,  0,  0,  0,  0,  0,  0,  0,  0,  0, ],
[ 0,  0,  0,  0,  0,  0,  0,  0,  0,  8,  0,  0,  0,  0,  0,  0,  0,  0,  0,  0,  0,  7,  0,  6, ],
[10,  0,  0,  0,  0,  0,  0,  0,  0,  0,  0,  0,  0,  0,  0,  0,  0,  0,  0,  0,  0,  0,  0,  0, ],
[ 0,  4,  0,  0,  0,  0,  0,  0,  0,  0,  0,  0,  0,  1,  0,  0,  6,  0,  0,  0,  0,  0,  0,  0, ],
[ 0,  0,  0,  0,  0,  0,  0,  0,  0,  0,  0, 12,  0,  0,  0,  0,  0,  0,  0,  0,  0,  0,  0,  0, ],
[ 0,  0,  0,  0,  0,  1,  2,  0,  7,  0,  0,  8,  0,  0, 11,  0,  6,  4,  0,  0,  0,  0, 14,  0, ],
[ 0,  0,  0,  0,  0,  0,  0,  0,  0, 14,  0,  0,  0,  0,  0,  0,  0,  0,  0,  0,  0,  0,  0,  0, ],
[ 0,  0,  0,  0,  9,  0,  0,  0,  0,  0,  0,  0,  0,  0, 10,  0,  0,  0,  5,  0,  0,  0,  0,  0, ],
[ 0,  0,  0,  0,  6,  0,  0,  0,  0,  0,  0,  0,  0,  0,  0,  0, 10,  0,  0,  0,  0,  0,  0,  0, ],
[ 0,  0,  0,  0,  0,  0,  3,  0,  4,  0,  0,  0,  0,  0,  0,  0,  0,  0,  0,  0,  0,  0,  0,  0, ],
[ 0,  0,  0,  0,  0,  0,  4,  0,  0,  0,  0,  0,  0,  0,  0,  0,  0,  0, 11,  0,  0,  0,  0,  0, ],
[ 0,  0,  0,  0,  0,  0,  0,  0,  0, 11,  0,  0,  0,  0,  0, 13,  0,  0,  0,  0,  0, 12,  0,  0, ],
[ 7,  0,  0,  0,  0,  0,  0,  0,  0,  0,  0,  0,  0,  0,  0,  0,  0,  0,  0,  0,  0,  0,  0,  0, ],
[ 0,  0,  0,  0,  0,  0,  0,  0,  0,  9,  0,  0,  0,  0,  2,  0,  0,  0,  0, 14,  9,  0,  0,  0, ],
[ 0,  0,  0,  0,  0,  0,  0,  0, 14,  0,  0,  0,  0,  0,  0,  0, 14,  0,  0,  0,  0,  0,  0,  0, ],
[ 0,  0,  0,  0,  0,  0,  0,  7,  0,  0,  4,  0,  0,  0,  0,  0,  0,  0,  0,  7,  0,  0,  0,  0, ],
[ 0,  0,  0,  0,  0,  0,  0,  0,  0, 10,  0, 10,  0,  0,  0,  0,  0,  0,  0,  0,  0,  0,  0,  0, ],
[12,  0,  0, 12,  0,  0,  0,  0,  0,  0,  0,  0,  0,  0,  0,  0,  6,  0,  0,  0,  0,  0,  0,  0, ],
[ 0,  0,  4,  0, 10,  0,  9,  0,  0,  0,  0,  0,  0, 10,  0,  0,  0,  0,  0,  0,  0, 11,  0,  0, ],
[ 0,  0,  0,  0,  0,  0,  0,  3,  0,  0,  0,  0,  0,  0,  0,  0,  0,  0,  0,  0,  0,  0,  0,  0, ],
[ 0, 11,  1,  0, 13,  0,  0,  0,  0,  0,  5,  0,  0,  0,  0,  0,  0,  0,  0,  0,  0,  0,  0,  0, ],
[ 0,  0,  0,  0,  0,  0, 10,  0,  0,  7,  9,  0,  0,  0,  0,  0,  0,  0, 13,  0,  0,  0,  0,  5, ],
[ 0,  6,  5,  0,  0,  0,  0,  0,  0, 11,  0,  0, 13,  0,  0,  0,  8,  0,  0,  0,  4,  0,  0,  0, ],
[ 0,  0,  0,  5, 13, 12,  3,  0,  0,  0,  0,  0,  0, 10,  0,  0,  7,  0,  0,  0,  0,  0,  0,  0, ],
[ 0,  0,  0,  0,  0,  0,  0, 10,  0,  0,  0,  0,  0,  0,  0,  0,  0,  0,  0,  0,  0,  0, 11,  0, ],
[ 0,  6,  0,  0,  0,  0,  0,  0,  0,  0,  0,  0,  0,  0,  6,  0,  0,  0,  0,  0,  0,  0,  0,  0, ],
[ 0,  0,  0,  2,  0,  0,  0,  0,  0,  0,  0,  0,  0,  0,  0,  0,  0,  0,  0,  0,  0,  0,  0,  0, ],
[ 0,  0,  0,  0,  7,  5,  0,  0,  0,  0,  0,  0,  0,  0,  0,  0,  4,  0,  0,  0,  0,  0, 13,  0, ],
[ 0,  0,  0, 14,  0,  0,  0,  0,  0,  0,  0,  0,  0,  0,  0,  0,  0,  0,  0,  0,  0,  0,  0,  0, ],
[11,  0,  0,  0,  0,  0,  0,  0,  0,  0,  0,  0,  0,  0,  0,  9,  9,  0,  8,  0,  0,  0,  0,  0, ],
[ 3,  0,  0,  0,  0,  0,  0,  0,  6,  0, 11,  0,  0,  6,  0,  0,  0,  0,  0,  0,  0,  0,  0,  0, ],
[ 0,  0,  0,  0,  0,  0,  0,  0,  4,  0,  0,  0,  5,  0,  0,  0,  0,  0,  0,  0,  0,  0,  0,  0, ],
[ 0,  0,  0,  0,  0,  0,  0,  0, 10,  0,  0,  0,  0,  0,  0,  0,  0,  0,  0,  0,  0,  0,  0,  0, ],
[ 0,  0,  0,  0,  0,  0,  0,  0,  0,  0,  0,  5,  0,  0,  0,  0,  0,  0,  0,  0,  0,  0,  0,  0, ],
[ 0,  0,  0,  0,  0,  0,  0,  0,  0,  0,  0,  0,  0,  0,  0,  9,  0,  0,  0,  0, 11,  0,  0,  7, ],
[ 0,  0,  0, 14,  0,  0,  0,  0,  0,  5,  0,  0,  0,  0,  0,  0,  0,  0,  0,  0,  0,  0,  0,  0, ],
[ 0,  0, 13,  0,  2,  0,  0,  4,  6,  0,  9,  0,  0,  0,  0,  9,  0,  0,  0,  0,  0,  5,  0,  0, ],
[ 0,  0,  0,  0,  2,  0,  0,  0,  0,  0, 12,  0,  0,  0,  0,  0,  0,  0,  0,  0,  0,  0,  0,  0, ],
[ 0,  0,  0,  0, 10,  0,  0,  0,  0,  0,  3,  0,  0,  0,  0,  0,  0,  0,  0,  0,  0,  0,  0,  0, ],
[ 0,  0,  0,  9,  0,  0,  0,  0,  0,  0,  0,  0,  0,  0,  0,  0,  0,  7,  4,  0,  0,  0,  0,  0, ],
[ 0,  0,  0,  0,  0,  0,  0,  0,  0,  0,  7, 10,  0,  0,  0,  0,  0,  0,  0,  0,  0,  2,  0,  0, ],
[ 0,  0,  0,  0,  0,  0,  0,  0,  0,  0,  0, 12,  0, 12,  0,  0,  0,  0,  0,  0,  0,  0,  0,  0, ],
[ 0,  0, 14,  0,  0,  0,  0,  0,  0,  0,  0,  0,  0,  0,  0,  0,  0,  0,  0,  0,  0,  0,  0,  0, ],
[ 0,  0,  0,  0,  0,  0, 12,  0,  0,  0,  3,  0,  0,  0,  0,  0,  0,  0,  0,  0,  0,  0,  0,  5, ],
[ 0,  0,  0, 13,  1,  0,  0,  0,  0,  0,  0,  1,  0,  0,  0,  0,  0,  0,  0,  0,  0,  0,  0,  7, ],
[ 0,  0,  0,  0,  0,  0,  0,  0,  0,  0,  0,  0,  0,  1,  0,  0,  0,  0,  0,  0,  0,  0,  0,  0, ],
[ 0,  0,  0,  0,  0,  0,  0,  0,  0,  0,  2,  0,  0,  0,  0,  0,  0,  0,  0,  0, 14,  0,  6,  5, ],
[ 0,  0,  0,  0,  0,  0,  0,  0,  0,  0,  0,  0,  0,  0,  0,  0,  0,  0,  0, 14,  0,  0,  0,  0, ],
[ 0,  5,  0,  0,  0,  0,  0,  0,  0,  0,  0,  0,  7,  0,  0,  0,  0,  0,  0,  0,  0,  0,  0,  1, ],
[ 0, 10,  0,  0,  0,  0,  0,  0,  0,  0,  0,  0,  0,  0,  0,  0,  0,  9,  0,  0,  0,  0,  0,  0, ],
[ 0, 11,  0,  2,  0,  0,  0,  0,  0,  0,  0,  4,  0,  0, 14,  0,  0,  0,  2,  0,  1,  0,  0,  0, ],
[ 0,  0,  0,  0,  0,  0,  0,  0,  0,  0,  0,  0,  0,  0,  0,  0,  0,  0,  0,  0,  0,  0,  0,  0, ],
[ 0,  0,  0,  0,  0,  0,  0,  0,  0,  0,  0,  0,  0,  0,  0,  0,  0,  0,  0,  0,  0,  0,  0,  3, ],
[ 0,  0,  0,  0,  0,  0,  0,  0,  0,  0,  0,  0,  0,  0,  0,  0,  0,  0,  0,  3,  0,  0,  0,  0, ],
[ 0,  0,  0,  0,  0,  0,  0,  0,  0,  0,  0,  0,  0,  0,  0,  0,  0,  0,  0,  0,  0,  0,  8,  0, ],
[ 0,  0,  0,  0,  0,  0,  0,  0,  0,  0,  0,  0,  0,  0,  0,  0,  0,  2,  0,  0,  0,  0,  0,  0, ],
[ 0,  0,  4,  0,  0, 14,  0,  0,  0,  0,  0,  0,  0,  0,  0,  6,  0,  0,  0,  0,  0, 13,  0,  0, ],
[ 0,  0,  0,  0,  0,  0,  0,  0,  0,  0,  0, 14,  0,  0,  0,  0,  0,  0,  0,  9,  0,  0,  0,  4, ],
[ 0,  0,  0,  0,  0,  0,  0,  0,  0,  0,  0,  0,  0,  0,  0,  0,  0,  0,  0,  0,  0,  0,  0,  0, ],
[ 0,  0,  0,  0,  0,  0,  0,  0,  0,  0,  0,  0,  0,  0,  0,  0,  1,  4,  0,  0,  0,  0, 13,  0, ],
[ 0,  0,  0,  0,  0,  0,  0,  0,  0,  0,  7,  9,  0,  0, 14,  0,  9,  0,  0,  0,  0,  0,  0,  0, ],
[ 0,  0,  0,  0,  0,  0,  0,  0,  0,  0,  0, 10,  0,  0,  0,  0,  0, 12,  0,  0,  0,  0,  0,  9, ],
[ 0,  0,  0,  0,  0,  0,  0,  0,  0,  0,  0,  0,  0,  0,  0,  0,  0,  0,  0,  0,  0,  0,  0,  0, ],
[ 0,  0,  0,  0,  0,  0,  0,  0,  0,  0,  0,  0,  0,  0,  8,  0,  0,  0,  0,  0,  0,  0,  0,  0, ],
[ 0,  0,  0,  0,  0,  0,  2,  0,  0,  2,  0,  0,  0,  0,  0,  0,  0,  0,  0,  0,  0,  0,  0,  0, ],
[ 0,  0,  0,  0,  0,  0,  0,  0,  0,  0,  6,  8,  0,  0,  0,  0,  0,  0,  0,  0,  0,  0,  0,  0, ],
[ 0,  0,  0,  0,  0,  0,  0,  0,  0,  0,  0,  0,  0,  0,  0,  7,  0,  0,  0,  0,  0,  0,  0,  0, ],
[ 0,  0,  0,  0,  0,  0,  0,  0,  0,  0,  0,  0,  0,  0,  0, 13,  0,  0, 10,  0,  0,  0,  9,  0, ],
[ 0,  0,  0,  4,  0,  0,  0,  0,  0,  0,  0,  0,  0,  0,  0,  0,  0,  0,  0,  0,  0,  0, 11,  0, ],
[ 0,  0,  0,  0,  0, 10,  0,  0,  0,  0,  0,  0,  0,  0,  6, 12,  0,  0,  0,  0, 12,  0,  0,  0, ],
[ 0,  0,  0,  0,  0, 13, 12,  0,  0,  0,  8,  0,  0,  0,  0,  0,  0,  0,  0,  0,  0,  0,  0,  0, ],
[ 0,  0,  0,  0,  0,  0,  0,  0,  0,  0,  0,  2,  0,  0,  0,  0,  0,  0,  0,  0,  0,  0,  0,  0, ],
[ 0,  0,  0,  0,  0,  0,  0,  0,  0,  0,  0,  0,  0,  0,  0,  0,  0,  0,  0,  0,  0,  0,  0,  0, ],
[ 0,  0,  0,  7,  0,  0,  0,  0,  0,  0, 12,  0,  0,  0,  0,  0,  0,  0,  8,  0, 12,  0,  0,  0, ],
[ 0,  0,  0,  0,  0,  0,  4,  0,  0,  0,  0,  0,  0,  0,  0,  0,  0,  0,  0,  0,  0,  0,  0,  0, ],


[0.4107, -0.2963, ],
[0.0241, -0.2455, ],
[-0.0243, -0.3829, ],
[-0.0782, 0.2335, ],
[-0.3226, 0.1765, ],
[0.5352, -0.1812, ],
[-0.6489, 0.3886, ],
[0.1422, 0.3203, ],
[0.8652, 0.3737, ],
[-0.8777, 0.3079, ],
[0.5222, 0.1516, ],
[-0.1094, -0.4627, ],
[-0.6506, -0.7493, ],
[0.5826, 0.2255, ],
[0.1310, 0.5918, ],
[-0.3534, -0.1375, ],
[-0.5744, -0.6248, ],
[0.2825, -0.6117, ],
[0.5049, 0.4641, ],
[-0.0920, -0.6587, ],
[0.3536, 0.6812, ],
[0.4034, -0.5562, ],
[0.6205, 0.1012, ],
[0.3830, -0.7224, ],
[0.8187, 0.0218, ],
[-0.1717, 0.2175, ],
[0.4253, -0.4214, ],
[-0.6628, -0.6027, ],
[0.1628, 0.3431, ],
[0.7307, 0.4700, ],
[-1.0000, 0.3463, ],
[0.0392, 0.4126, ],
[0.7229, -0.0435, ],
[0.4100, 0.6824, ],
[0.0830, 0.6129, ],
[-0.7750, -0.1438, ],
[0.5075, -0.1614, ],
[-0.3448, 0.0068, ],
[-0.2790, -0.4119, ],
[0.9439, 0.3074, ],
[0.6490, -0.8416, ],
[0.0428, 0.3032, ],
[0.7551, -0.4727, ],
[0.4204, -0.7732, ],
[0.1784, 0.7214, ],
[0.2984, -0.1462, ],
[0.7037, -0.2020, ],
[-0.5537, -0.1406, ],
[-0.5925, -0.6441, ],
[0.8782, -0.5860, ],
[0.5216, -0.8432, ],
[0.8373, -0.4706, ],
[0.1191, -0.8010, ],
[0.0229, -0.6759, ],
[0.7060, 0.6919, ],
[0.3993, -0.3786, ],
[0.6639, -0.0185, ],
[0.3906, 0.4694, ],
[-0.6714, 0.6015, ],
[0.0224, -0.4854, ],
[0.6651, 0.1862, ],
[-0.4520, 0.0478, ],
[-0.6330, 0.0195, ],
[0.2254, 0.1633, ],
[1.0000, -0.0581, ],
[0.3450, -0.8678, ],
[0.8316, 0.8956, ],
[0.1689, -0.4548, ],
[0.4215, 0.1479, ],
[0.6740, 0.0004, ],
[-0.3849, 0.4922, ],
[0.1495, 0.3315, ],
[-0.1938, 0.2776, ],
[-0.0963, 0.4044, ],
[0.1961, 0.6899, ],
[-0.9820, -0.2320, ],
[0.8317, 0.4074, ],
[1.0000, 1.0000, ],
[0.0671, 0.1335, ],
[0.9760, -0.7941, ],
[0.3372, 0.5206, ],
[-0.0929, 0.6455, ],
[-1.0000, -0.1985, ],
[-0.5096, 0.8155, ],
[-0.6268, 0.0994, ],
[-0.4981, -0.3562, ],
[0.1868, 0.5990, ],
[0.7929, 0.1886, ],
[0.5298, -0.8916, ],
[0.1714, -0.6170, ],
[-0.4993, -0.2380, ],
[-0.3746, -0.3702, ],
[0.2315, 0.5821, ],
[-0.5694, -0.2815, ],
[-0.1560, -1.0000, ],
[-0.3791, -0.4302, ],
[-0.4644, 0.1398, ],
[1.0000, 0.2734, ],
[1.0000, 0.2715, ],
[0.3245, -0.7926, ],


[3.0000, ],
[2.0000, ],
[4.0000, ],
[3.0000, ],
[0.0000, ],
[2.0000, ],
[5.0000, ],
[4.0000, ],
[12.0000, ],
[5.0000, ],
[11.0000, ],
[11.0000, ],
[2.0000, ],
[9.0000, ],
[7.0000, ],
[7.0000, ],
[7.0000, ],
[1.0000, ],
[5.0000, ],
[11.0000, ],
[0.0000, ],
[4.0000, ],
[3.0000, ],
[12.0000, ],
[9.0000, ],
[0.0000, ],
[9.0000, ],
[4.0000, ],
[6.0000, ],
[4.0000, ],
[21.0000, ],
[4.0000, ],
[9.0000, ],
[7.0000, ],
[4.0000, ],
[6.0000, ],
[12.0000, ],
[3.0000, ],
[11.0000, ],
[8.0000, ],
[8.0000, ],
[8.0000, ],
[11.0000, ],
[17.0000, ],
[2.0000, ],
[11.0000, ],
[16.0000, ],
[18.0000, ],
[19.0000, ],
[8.0000, ],
[6.0000, ],
[1.0000, ],
[11.0000, ],
[4.0000, ],
[13.0000, ],
[12.0000, ],
[4.0000, ],
[4.0000, ],
[2.0000, ],
[10.0000, ],
[6.0000, ],
[18.0000, ],
[5.0000, ],
[6.0000, ],
[8.0000, ],
[8.0000, ],
[8.0000, ],
[4.0000, ],
[8.0000, ],
[9.0000, ],
[1.0000, ],
[10.0000, ],
[4.0000, ],
[6.0000, ],
[7.0000, ],
[13.0000, ],
[0.0000, ],
[2.0000, ],
[2.0000, ],
[3.0000, ],
[1.0000, ],
[13.0000, ],
[9.0000, ],
[0.0000, ],
[7.0000, ],
[13.0000, ],
[11.0000, ],
[0.0000, ],
[3.0000, ],
[2.0000, ],
[6.0000, ],
[3.0000, ],
[11.0000, ],
[6.0000, ],
[15.0000, ],
[11.0000, ],
[1.0000, ],
[0.0000, ],
[14.0000, ],
[2.0000, ],


