[ 0,  0,  0,  0,  0,  0,  0,  0,  0,  0,  0,  0,  0,  0,  0,  0,  0,  0,  5,  0,  0,  0,  0,  0, ],
[ 0,  0,  0,  0,  4,  0,  0,  0,  0,  0,  0,  0,  0,  0,  0,  0,  1,  0,  0,  0,  0,  0,  0,  0, ],
[ 0,  0,  0,  0,  0,  0,  0,  0,  0,  0,  0,  0,  0, 14,  0,  0,  0,  0,  0,  0,  0,  0,  0,  3, ],
[ 0,  0,  0,  0,  0,  0,  0,  0,  0,  0,  0,  0,  0,  0,  0,  0,  0,  0,  0,  0,  0,  0,  0,  0, ],
[ 0,  0,  0,  0,  0,  0,  0,  0,  0,  9,  0,  0,  0, 11,  0,  0,  6,  0,  0,  0,  0,  0,  0,  0, ],
[ 0,  0,  0,  0, 14,  0,  0,  0,  0,  0,  0,  0,  0,  0,  9,  0,  0,  0,  0,  0,  0,  0,  0,  0, ],
[ 0, 11,  0,  0,  0,  0, 13,  0,  0,  0,  0,  0,  1,  0,  0,  0,  0,  0,  0,  0,  0,  0,  0,  0, ],
[ 0,  0,  0,  0,  0,  0,  0,  0,  6,  0, 10,  0,  0,  0,  0,  0,  0,  0,  0,  0,  0,  0,  0,  0, ],
[ 0,  0,  0,  0,  0,  0,  0,  0,  0,  0,  0,  0,  0,  0,  0,  0,  0,  0,  0,  0,  0,  0,  0,  0, ],
[ 0,  0,  3,  0,  0,  0,  0,  0,  0,  0, 11,  0,  0,  0,  0,  0,  0,  0,  0,  0,  0,  0,  0,  0, ],
[ 0,  0,  0,  0,  9,  0,  0,  0,  0,  0,  0,  0,  1,  0,  0,  0,  0,  0,  0,  0,  0,  0,  0,  0, ],
[ 0,  0,  0,  0,  0,  0,  0,  0,  0,  2,  0,  0,  0,  0,  0,  0,  0,  0,  0, 14,  0,  0,  0,  0, ],
[ 0,  0,  0,  0,  0,  0,  0,  0,  0,  0,  0,  0,  0,  0,  0,  0,  0,  0,  8,  0,  0,  0,  0,  0, ],
[ 0,  0,  0, 12,  0,  0,  0,  2,  0,  4,  0,  0,  0,  0,  0,  0,  0,  0,  4,  0,  0,  0,  0,  5, ],
[ 0,  0,  0,  0,  0,  0,  0,  0,  0,  4,  0,  0,  0,  0,  0,  0,  0,  0,  0,  0,  0,  0,  0,  0, ],
[ 0,  0,  0,  0,  0,  0,  0,  0,  0,  0,  0,  0,  0,  0,  0,  0,  0,  0,  0,  0,  5,  0,  0,  0, ],
[ 0,  0, 14,  0,  0,  0,  0,  0,  0,  0,  0,  0,  7, 13,  0,  5,  0,  0,  0,  0,  0,  0,  0,  0, ],
[ 0,  0,  0,  0,  0, 10,  0,  0,  0,  0,  0,  0,  0,  0,  0,  0, 11,  0,  0,  0,  0,  0,  0,  0, ],
[ 0,  0,  0,  0,  0,  0,  0,  0,  0,  0,  0,  0,  0,  8,  0,  0,  0,  8,  0,  0,  0,  0,  0,  0, ],
[ 0, 12,  0,  0,  0,  0,  0,  0,  0,  0,  0,  0,  0,  0,  0,  0,  0,  0,  0,  0,  0,  0,  0,  0, ],
[ 0,  0,  0,  1,  0,  0,  0,  0,  0,  0,  0,  0,  0,  0,  0,  0,  0,  0,  0,  6,  0,  0,  0,  0, ],
[ 0,  0,  0,  0,  0,  0,  0,  0,  0,  0,  0,  0,  0,  0,  0,  0,  0,  0,  0,  0,  0,  0,  0,  0, ],
[ 0,  0, 13,  0,  0,  0,  0,  8,  2,  0,  0,  0,  0,  0,  0,  0,  0,  0,  0,  0,  0,  3,  0,  0, ],
[ 0,  0,  0,  0,  0,  0,  0,  0,  0,  0,  5,  0,  0,  0,  0,  0,  0, 12,  0,  0,  0,  0,  0,  0, ],
[ 0,  0, 12,  0,  0,  0,  0,  0,  0,  0,  0,  0,  0,  0,  0,  0, 14,  0,  0,  0,  0,  0,  0,  0, ],
[ 0,  0,  0,  0,  2,  0,  0,  5,  0,  0,  0,  0,  0,  9,  0,  0,  0,  0,  0,  0,  0,  0,  0,  0, ],
[ 0,  0,  7,  0,  0,  0,  0,  0,  0,  0,  0,  0,  0, 14,  1,  0,  0,  0,  0,  0,  0,  0,  0,  8, ],
[ 0,  0,  0,  0,  0,  0,  0,  0,  0,  0,  0,  0,  0,  0,  0,  0,  0,  0,  0,  0,  0,  0, 12,  0, ],
[ 0,  0,  0,  0,  0,  0,  4,  0, 13,  0, 10,  0,  0,  0,  0,  0,  0,  0,  0,  0, 14,  0,  0,  0, ],
[ 0,  0,  0,  0,  0,  0,  0,  0,  0,  0,  0,  0,  0,  0,  8,  0,  0,  0,  0,  0,  0,  0,  0,  0, ],
[ 0,  0,  0,  0,  0,  0,  0,  0,  0,  0,  0,  0,  0,  0,  0,  0,  0,  0,  0,  0,  0,  0,  0,  0, ],
[ 0,  0,  0,  5,  0,  0,  0,  0,  0,  0,  0,  0,  0,  2,  0,  0,  0,  0,  0,  1,  0,  0,  0,  0, ],
[ 0,  0,  0,  0,  0,  0,  0,  0,  0,  0,  0,  0,  0,  0,  0,  0,  0,  0,  0,  0,  0,  0,  0,  0, ],
[ 0,  0,  0,  0,  6,  0,  0,  0,  0,  0,  0,  0,  0,  0,  0,  0,  0,  0,  0,  0,  0,  0,  0,  9, ],
[ 0,  0,  0, 10,  0,  0,  0, 12,  0,  0,  0,  0,  0,  0, 11,  0,  0,  3,  0,  0,  0,  0,  0,  0, ],
[ 0,  0,  0,  0,  0,  8,  0,  0,  0,  0,  0,  0,  0,  0,  0,  0,  0,  0,  0,  0,  0,  0,  0,  0, ],
[ 0,  0,  0,  0,  0,  0,  0,  0,  0,  0,  0,  0,  0,  0,  0,  0,  0,  0,  0,  0,  0,  2,  0,  0, ],
[ 0,  0,  0,  0,  0,  0,  0,  0,  0,  0,  0,  0,  0,  0,  0,  0,  0,  0,  0,  0,  0,  0,  0,  0, ],
[ 0,  0,  0,  0,  0,  0,  4,  0,  0,  0,  0,  0,  0,  0,  0,  0,  0,  3,  0,  0,  0,  0,  0,  0, ],
[ 0,  0,  0,  0,  0,  0,  0,  0,  0,  0,  0,  0,  0,  0,  0,  0,  0,  0,  0,  0,  0,  0,  0,  0, ],
[ 0,  0,  1,  0,  7,  0,  0,  0,  0,  7,  0,  0,  0,  0,  0,  0,  0, 10,  0,  0,  0,  0,  0,  0, ],
[ 0,  0,  0,  0,  0,  0,  0,  0,  0, 10,  0, 10,  0,  0,  0,  0,  0,  0,  0,  0,  0,  0,  0,  0, ],
[ 0,  0,  0,  0,  0,  0,  0,  0,  0,  0,  0,  0,  0,  0,  0,  0,  0, 12,  0,  0,  0,  0,  0,  0, ],
[ 0,  0,  0,  0,  0,  0,  0,  0,  0,  0,  0,  0,  0,  0,  0, 12,  0, 13,  0,  0,  0,  0,  0,  0, ],
[ 0,  0,  0,  0,  0,  0,  0,  0, 10,  0,  0,  0,  0,  0,  0,  0,  0,  0,  0,  0,  0,  0, 14,  0, ],
[ 0,  0,  1,  0,  0,  0,  0,  0,  0,  0,  6,  0,  0,  0,  0,  0,  0, 10, 14,  2,  0,  0,  2,  0, ],
[ 0,  0,  0,  0,  0,  0,  0,  0,  7,  0,  0,  0,  0,  0,  0,  0,  0,  0,  0,  0,  0,  0,  0,  0, ],
[ 0,  0,  5,  0,  0,  0,  0,  0,  0,  0,  0,  0,  0,  0, 10,  0,  0,  0,  0,  0,  0,  0,  0,  0, ],
[ 0,  0,  0,  0,  5,  0,  6,  0,  0,  0,  0,  0,  0,  0,  0,  0,  0,  0,  0,  0,  0,  0,  0,  0, ],
[ 0,  0,  0,  0,  0,  0,  0, 10,  0,  0,  0,  0,  0,  0,  0,  0,  0,  0,  0,  0,  0,  0,  0, 13, ],
[ 0,  0,  0,  0,  0,  0,  0,  8,  0,  0,  0,  0,  0,  0,  0,  0,  0,  0,  0,  0,  0,  0,  0,  2, ],
[ 0,  0,  0,  0,  0,  0,  0,  0,  6,  0,  0,  0,  0,  0,  0,  0,  0,  0,  0,  0,  0,  0,  0,  0, ],
[ 0,  0,  0,  0,  0,  0,  0,  0,  0,  0,  0,  0,  0,  0,  0,  0,  0,  0,  8, 11,  0,  0,  0,  0, ],
[ 0, 13,  0,  0,  0,  0,  0,  2,  0,  0,  0,  0,  0,  0, 13,  0,  0,  0,  0,  0,  0,  0,  0,  0, ],
[ 0,  4,  0,  0,  0,  0,  0,  0,  0,  0,  0,  0,  0,  0,  0,  0,  0, 11,  0,  0,  0,  0,  0,  0, ],
[11,  0,  0,  4,  0,  0,  0,  0,  0,  0,  0,  0,  0,  0,  0, 13,  0,  0,  0,  0,  0,  0,  0,  0, ],
[ 0,  0,  0,  0,  0,  0,  1,  0,  0,  0,  0,  0,  0,  0,  0,  0,  0,  0,  0,  0,  0,  0,  0, 11, ],
[ 0,  0,  0,  0,  0,  0,  0,  0, 10,  0,  0,  0,  0,  0,  0,  0,  0,  0,  0,  0,  0,  0,  0,  0, ],
[ 0,  0,  0, 13,  0,  0,  0,  0,  0,  0,  0,  0,  0,  0,  2,  0,  0,  2,  0,  0,  2,  0,  0,  0, ],
[ 0,  0,  0,  0,  0,  0,  0,  0,  0,  0,  0,  5,  0,  0,  0,  0,  0,  0,  0,  0,  0,  0,  0,  0, ],
[13,  0,  0,  0,  0,  0,  0,  0,  0,  0,  0,  0,  0,  0,  0,  0,  0,  0,  0,  0, 14,  0,  0,  8, ],
[ 0,  0,  0,  0,  0,  0,  0,  0,  6,  0,  9, 13,  0,  0,  4,  0,  0,  0,  0,  0,  0,  0,  0,  8, ],
[ 0,  0,  9,  0,  0,  0,  0,  0,  0,  9,  0,  1,  0,  0,  0,  0,  0,  0,  0,  0,  0,  0,  0,  0, ],
[ 0,  0,  0,  0,  0,  0,  0,  0,  0,  0,  0,  0,  0,  0,  0,  0,  0,  0,  0,  0,  0,  6,  0,  0, ],
[ 0,  9,  0,  0,  0,  0,  0,  0,  0,  0,  0,  0,  0,  0,  0,  0,  0,  0,  0,  0,  0,  0,  0, 14, ],
[ 0,  0,  0,  0,  0,  0,  0,  0,  0,  0,  0,  0,  9,  0,  0,  0, 12,  0,  0,  0,  0,  0,  0,  0, ],
[ 0,  0,  0,  0,  0,  0, 12,  0,  0,  0,  0,  0,  0,  0,  0,  0,  8,  8,  0,  0,  0,  0,  2,  0, ],
[ 0,  0,  0,  0,  4,  0,  0,  0, 12,  0,  0,  0,  0,  0,  0,  0,  0,  7,  0,  0,  0,  0,  0,  0, ],
[ 0,  0,  0,  0,  0,  0,  0,  0,  0,  0,  0,  0,  0,  0,  6,  7,  0,  0,  0,  0,  0,  0,  0,  0, ],
[ 8,  0,  0,  0,  0,  0,  0,  0,  0,  0,  0,  0,  0,  0,  0,  0,  0,  0,  0,  0,  0,  0,  0,  0, ],
[10,  0,  0,  0,  0,  0,  0,  2,  0,  0,  0,  9,  0,  0,  0,  0,  0,  0,  0,  0,  0,  0,  0,  0, ],
[ 0,  0,  0,  0,  0,  0,  0,  0,  2,  0, 13,  0,  0,  8,  0,  0,  0,  0,  0,  0, 14,  0,  0, 13, ],
[ 0,  0,  0,  0,  0,  0,  0,  0,  0,  0,  0,  0,  0,  0,  0,  0,  5,  0,  0,  0,  0,  0,  0,  4, ],
[ 0,  0,  0,  0,  0,  0,  0,  0,  0,  0,  0, 10,  0,  0,  0,  0,  0,  0,  0,  0,  0,  0,  0,  0, ],
[ 0, 10,  0,  0,  0,  0,  0,  0,  0,  0,  0,  0,  0,  0,  0,  0,  0,  0,  0,  0,  0,  0,  0,  0, ],
[ 0, 11,  0,  0,  0,  0,  0,  0,  0,  0,  0,  0,  6,  0,  0,  0,  0,  0,  0,  0,  8,  0,  0,  0, ],
[ 0,  0,  0,  0,  0,  0,  0,  0,  0,  0,  0,  0,  0,  0,  0,  9,  6,  0,  0,  4,  0, 13,  0,  0, ],
[ 0,  5,  0,  0,  0,  0,  0,  0,  4, 13,  0,  0,  0,  0,  0,  0,  0,  0,  9,  0,  0,  0,  0,  0, ],
[ 0,  0,  0,  0,  0,  0,  0,  0,  0,  0,  0,  0,  0,  3,  0,  0,  0,  0,  0,  0,  0,  0,  4,  0, ],
[ 0,  0,  0,  0,  5,  0,  0,  0,  0,  0,  0,  0,  8,  0,  0,  0,  0,  8,  0,  0,  0,  0,  0,  0, ],
[ 0,  0,  0, 11, 14,  0,  0,  0,  0,  0,  2,  0,  0,  0,  0,  0,  0,  0,  8,  0, 14,  0,  0,  0, ],
[ 0,  0,  0,  0,  0,  0,  0,  4,  0,  0,  0,  0,  0,  0,  0,  0,  0,  0,  0,  0,  0,  0,  0,  0, ],
[ 0,  0,  0,  4,  0,  0,  0,  0,  0,  0,  0,  0,  0,  0,  0,  0,  0,  0,  0,  0,  0,  0,  0,  1, ],
[ 0,  0,  0,  4,  0,  0,  0,  0,  4,  0,  0,  0,  0,  0,  0,  0,  2,  0,  0,  0,  0,  6,  0,  0, ],
[ 0,  0,  0,  0,  0,  0,  0,  0,  0,  0,  0,  0,  4,  0,  0,  0,  0,  0,  0,  0,  0,  0,  0,  0, ],
[ 0,  0,  0,  0,  0,  0,  0,  0,  0,  1,  0,  0,  0,  0,  0,  0,  0,  0,  0,  0,  0,  0,  0,  0, ],
[ 9,  0,  0,  0,  0,  0,  0,  5,  0,  0,  0,  0,  0,  0,  0,  0, 10,  0,  0,  0,  0,  0,  0,  3, ],
[ 0,  0,  0,  0,  0,  0,  0,  0,  4,  0,  0,  0,  0,  0,  0, 12,  0,  0, 12,  0,  0,  0,  0,  0, ],
[ 0,  0,  0,  0,  0,  0,  0,  0,  0,  0,  0,  0,  0,  7,  0,  0,  0,  0,  0, 11,  0,  0,  0,  0, ],
[ 0,  0,  0,  0,  0,  0,  0,  0,  0,  0,  1,  0,  0,  0,  0,  0,  0,  0, 12,  0,  0,  0,  0,  0, ],
[ 0,  0,  0,  0,  0,  6,  5,  0,  0,  0,  0,  0,  0,  0,  0,  0,  0,  0,  9,  0,  0,  0,  1,  0, ],
[ 0,  0,  0,  0, 11,  2,  0,  0,  0,  0,  0, 10,  0,  0,  0,  0,  0,  0,  0,  0, 12,  0,  0,  0, ],
[ 0,  0,  0,  0,  3,  0,  0,  0,  0,  2,  0,  0,  0,  0,  0,  0,  9,  7,  0,  0,  0, 13,  0,  0, ],
[ 0,  0,  0,  0,  0,  0,  0,  0,  0,  0,  0,  0,  0,  0,  0,  0,  0,  0,  0,  0,  0,  0,  0,  0, ],
[ 0,  0,  0, 14,  0, 10,  0,  0,  0,  0,  0,  0,  0,  0,  0,  0,  0,  0,  0,  0, 12,  0,  0,  0, ],
[ 0,  0,  0,  0,  0, 13, 12,  0,  0,  0,  0,  0,  0, 12,  0,  0,  0,  0,  0,  0,  0,  0,  5,  0, ],
[ 0,  0,  0,  5,  0,  0,  0,  0,  0,  0,  0,  0,  0,  5,  0,  0,  0, 10,  0,  0,  0,  2,  0,  0, ],
[11,  0,  0,  0,  0,  0,  0,  0,  0,  0,  0, 14,  0,  0,  0,  0,  0,  0,  0,  0,  0,  0,  0,  0, ],
[ 0,  0,  0,  0,  0,  0,  0,  0,  0,  1, 12,  0, 11,  0,  0,  0,  0,  0,  8,  0,  0,  0,  0,  0, ],
[ 3,  0,  0,  0,  0,  0,  0,  6,  0,  0,  0,  0,  0,  0,  8,  0,  0,  0,  0,  0,  0,  0,  0,  0, ],


[0.7659, -0.8286, ],
[-0.2128, -0.9591, ],
[-0.0012, 0.4424, ],
[0.9464, -0.2348, ],
[0.6505, 1.0000, ],
[0.6179, 0.1070, ],
[-0.5738, 0.3886, ],
[0.1341, 0.2612, ],
[-0.1860, 0.3882, ],
[-0.3418, 0.6284, ],
[0.3221, -0.0169, ],
[-0.0702, -0.4763, ],
[-0.6339, -0.1158, ],
[0.5945, 0.2255, ],
[0.1982, -0.7002, ],
[-0.5657, -0.2511, ],
[0.8800, -0.5363, ],
[-0.0164, -0.7338, ],
[0.7275, -0.0547, ],
[0.3889, -0.4000, ],
[0.7191, 0.6755, ],
[0.2915, -0.6504, ],
[0.5894, 0.4103, ],
[-0.9850, -0.5463, ],
[0.9172, -0.7258, ],
[0.2180, 0.2175, ],
[0.5163, -0.4214, ],
[-0.6592, 0.5365, ],
[0.3207, 0.3133, ],
[0.5387, -0.5533, ],
[-0.6725, 0.3119, ],
[-0.0150, 0.5741, ],
[0.7229, -0.1235, ],
[0.7120, 0.7810, ],
[-0.1402, 0.7050, ],
[-0.7254, -0.2527, ],
[0.4890, -0.2111, ],
[0.4356, -0.2322, ],
[0.8386, 1.0000, ],
[0.9439, 0.3074, ],
[0.5979, -0.7462, ],
[0.0250, 0.2876, ],
[0.3320, 0.4064, ],
[0.4819, 0.3240, ],
[0.0726, -0.3859, ],
[0.7675, -0.1462, ],
[0.8787, -0.2746, ],
[-0.5537, 0.4626, ],
[-0.8059, 0.4757, ],
[0.8335, 0.4044, ],
[0.5296, -0.1825, ],
[0.0885, 0.1857, ],
[0.1344, -0.7823, ],
[-0.0492, -0.6759, ],
[-0.3224, -0.6879, ],
[0.5769, -0.3709, ],
[0.7118, -0.1538, ],
[0.6876, 0.4320, ],
[-0.8141, 0.4366, ],
[0.3078, -0.3506, ],
[0.4640, 0.1153, ],
[0.2694, 0.2344, ],
[0.7127, 0.1745, ],
[0.0179, 0.2645, ],
[0.8362, -0.2170, ],
[0.2442, 0.6534, ],
[1.0000, 0.4530, ],
[0.2753, -0.8512, ],
[-0.7927, 0.9690, ],
[0.7172, -0.2370, ],
[-0.3296, 0.4601, ],
[0.1259, 0.4420, ],
[0.1600, -0.3915, ],
[-0.1759, 0.4679, ],
[0.3397, 0.9160, ],
[-0.9074, -0.2645, ],
[0.7378, 0.1391, ],
[0.9785, -0.1502, ],
[0.2573, 0.2189, ],
[-0.4125, -0.6959, ],
[-0.3575, -1.0000, ],
[-0.3692, -0.0383, ],
[-1.0000, -0.2602, ],
[-0.1479, 0.7159, ],
[-0.6268, 0.0184, ],
[-0.3286, -0.4384, ],
[0.1868, -0.7667, ],
[0.9495, 0.8053, ],
[0.5298, -0.7477, ],
[0.4516, -0.4900, ],
[-0.4778, 0.4211, ],
[-0.0790, -0.5359, ],
[0.0519, 0.6049, ],
[-0.7469, -0.1883, ],
[-0.7791, -0.9832, ],
[-0.0717, -0.4158, ],
[-0.5837, 0.5193, ],
[0.4632, 0.1375, ],
[0.7336, 0.1178, ],
[0.4009, 0.2608, ],


[2.0000, ],
[3.0000, ],
[6.0000, ],
[0.0000, ],
[10.0000, ],
[7.0000, ],
[9.0000, ],
[7.0000, ],
[0.0000, ],
[6.0000, ],
[4.0000, ],
[5.0000, ],
[3.0000, ],
[11.0000, ],
[2.0000, ],
[2.0000, ],
[13.0000, ],
[8.0000, ],
[6.0000, ],
[4.0000, ],
[4.0000, ],
[0.0000, ],
[10.0000, ],
[6.0000, ],
[8.0000, ],
[6.0000, ],
[11.0000, ],
[4.0000, ],
[14.0000, ],
[3.0000, ],
[0.0000, ],
[4.0000, ],
[0.0000, ],
[6.0000, ],
[14.0000, ],
[3.0000, ],
[1.0000, ],
[0.0000, ],
[4.0000, ],
[0.0000, ],
[11.0000, ],
[8.0000, ],
[4.0000, ],
[8.0000, ],
[8.0000, ],
[14.0000, ],
[3.0000, ],
[6.0000, ],
[5.0000, ],
[8.0000, ],
[4.0000, ],
[3.0000, ],
[7.0000, ],
[9.0000, ],
[6.0000, ],
[10.0000, ],
[5.0000, ],
[4.0000, ],
[7.0000, ],
[2.0000, ],
[11.0000, ],
[15.0000, ],
[7.0000, ],
[3.0000, ],
[7.0000, ],
[7.0000, ],
[11.0000, ],
[9.0000, ],
[6.0000, ],
[3.0000, ],
[8.0000, ],
[16.0000, ],
[4.0000, ],
[4.0000, ],
[4.0000, ],
[10.0000, ],
[12.0000, ],
[11.0000, ],
[4.0000, ],
[8.0000, ],
[16.0000, ],
[2.0000, ],
[3.0000, ],
[8.0000, ],
[2.0000, ],
[1.0000, ],
[11.0000, ],
[10.0000, ],
[7.0000, ],
[5.0000, ],
[9.0000, ],
[13.0000, ],
[13.0000, ],
[0.0000, ],
[12.0000, ],
[14.0000, ],
[9.0000, ],
[8.0000, ],
[12.0000, ],
[8.0000, ],


