[ 0,  0,  0,  0,  0,  0,  0,  0,  0,  0,  4,  0,  0,  0,  0,  0,  0,  0,  1,  0,  0,  0,  0,  0, ],
[ 0,  0,  0,  0,  0,  0,  0,  0,  0,  0,  0,  0,  7,  0,  0,  0,  0,  0,  0,  0,  0,  0,  8,  0, ],
[ 0,  2,  0,  0,  0,  0,  0,  0,  4,  0,  0,  0,  0,  0,  0,  0,  0,  0,  0,  0,  0,  0,  0,  4, ],
[ 0,  0,  0,  0,  0,  0,  8,  0,  0,  0,  0,  0,  0,  0,  0,  0,  0,  8,  0,  0,  0,  0,  0,  0, ],
[ 0,  0,  3,  0,  0,  0,  0,  0,  0,  0,  0,  0, 13, 11,  0,  0,  0,  0,  0,  0,  0,  0,  0,  0, ],
[ 0, 13,  0,  0,  0,  0,  0,  0, 12,  0,  0,  0,  0,  0,  0,  0,  0,  0,  0,  0,  0,  0,  0,  0, ],
[ 0,  0,  0,  0,  0,  0,  0,  0,  7,  0,  0,  0, 11,  0,  0,  2,  0,  0,  1,  0,  0,  0,  0,  0, ],
[ 0,  0,  0,  0,  0,  0,  0,  0,  0,  0,  0,  0,  0,  0,  0, 12,  0,  0,  0,  0,  0,  0, 14,  0, ],
[ 0,  0,  0,  0,  0,  0,  2,  0,  0,  0,  0,  0,  0,  0,  0,  0,  0,  0,  0,  0,  0,  0,  0,  0, ],
[ 0,  0,  4,  0,  0,  3,  0,  0,  0,  0,  0,  0,  0,  0,  0,  0,  0,  2,  0,  0,  0,  0,  0,  0, ],
[ 0,  0,  0,  0,  8,  0,  0,  2,  0,  0,  0,  0,  2,  0,  0,  0,  0,  0,  0,  0,  0,  0,  0,  0, ],
[ 0,  0,  0,  0,  0, 12,  0, 11,  0,  0,  0,  0,  0,  0,  8,  0,  0,  0,  0,  0,  0,  0,  0,  0, ],
[ 0,  0,  0,  0,  0,  0,  0,  0,  0,  0,  2,  1,  0,  0,  0,  0,  0,  0,  0,  0,  0,  0,  0,  0, ],
[ 0,  0,  0,  0,  0,  0,  0,  0,  0,  0,  0,  0,  0,  0,  2,  0,  0,  0,  0,  0,  0,  0,  0,  0, ],
[ 0,  0,  0,  0,  0, 12,  0,  0,  0,  0,  0,  0,  0,  0,  0,  0,  0,  0,  0,  0,  0,  0,  0,  0, ],
[ 0,  0,  0,  0,  0,  0,  0,  0,  0, 12,  0,  0,  0,  0,  0,  0,  9,  0,  0,  0,  0,  0,  0,  0, ],
[ 0,  6, 14,  0,  0,  0,  8,  0,  0,  0, 13, 13,  9,  7,  0,  0,  0,  2,  0,  0,  0,  0,  0,  0, ],
[ 0,  0,  0,  0,  0,  0,  0,  0,  0,  0,  0,  0,  0,  0,  0,  0,  0,  0,  0,  0,  0,  0,  0,  0, ],
[ 0,  0,  0,  0,  0,  0,  0,  0,  0,  0,  0,  0,  0,  0,  2,  0,  0,  0,  0,  0,  0,  0,  0,  0, ],
[ 0,  0,  0,  0,  1,  0,  0,  0,  0,  0,  0,  0,  0,  0,  0,  0,  0, 12,  0,  0,  0,  0,  0,  0, ],
[ 0,  0,  0,  0,  4,  0,  0, 13,  0,  1,  0,  0, 13,  0,  0,  0,  0,  0,  0,  0,  0,  0,  7,  0, ],
[ 0,  0,  0,  0,  0,  0,  0,  0,  0,  0, 13,  0,  0,  0,  0,  0,  0,  0,  9,  0,  0,  0,  0,  0, ],
[ 0,  0,  0,  0,  0,  0,  0,  8,  0,  0,  0, 12,  0,  0,  0,  0,  0,  0,  0,  0,  0,  0,  0,  0, ],
[ 0,  0,  0,  0,  0,  9,  2,  0,  0,  0,  0,  0,  0,  0,  0,  0,  0,  0,  0,  3,  0,  0,  0,  0, ],
[ 0,  0,  0,  0,  0,  0,  0,  0,  0,  0,  0,  0,  0,  0,  0,  0,  0,  0,  5,  7,  0,  0,  0,  0, ],
[14,  0,  0,  0, 13,  0,  0,  0,  0,  0,  0,  0,  0,  0,  0,  0,  0,  0,  0,  0,  0,  0,  0,  0, ],
[ 0,  0,  0, 13,  0,  0,  0,  0,  0,  0,  0,  0,  0,  0,  0,  0,  0,  0,  0,  0,  0,  0,  0,  8, ],
[ 0,  0,  0,  0,  0,  0,  0,  4,  0,  4,  0,  0,  0,  0,  0,  0,  0,  0,  0,  0,  0,  0,  0,  2, ],
[ 0,  0,  0,  7,  0,  0,  0,  0,  0,  2,  0,  0,  0,  0,  2,  0,  0,  0,  0,  0,  0,  0,  0,  0, ],
[ 0,  0,  0,  0,  0, 12,  0,  0,  0,  6,  0,  0,  0,  0,  0,  0,  0,  0,  0,  0,  4,  0,  0,  0, ],
[ 0,  0,  0,  0,  0,  0,  0,  0,  0,  0,  0,  6,  0,  0,  0,  0,  0,  0,  0,  0,  0,  0,  0,  0, ],
[ 0,  0,  0,  0,  0,  0,  0,  0,  0,  0,  0, 10,  0,  0,  0,  0,  0,  0,  0,  0,  0,  0,  0,  0, ],
[ 0,  0, 10,  0,  0,  0,  0,  7,  0,  0,  0,  0,  0,  0,  0,  0,  0,  0,  0,  0,  0,  0,  0,  0, ],
[ 0,  0,  0,  0,  0,  0,  0,  0,  0,  0,  0,  0,  0,  0,  0,  0,  0,  0,  0,  0,  0,  0,  0,  0, ],
[ 2,  1,  2,  8,  8,  0,  0,  0,  0,  0,  0,  0,  0,  0,  0,  4,  0,  0,  0,  3,  0,  0,  0,  0, ],
[ 0,  0, 10,  0,  0,  0,  2,  0,  0,  0,  0,  0,  0,  0,  0, 11,  0,  0,  2,  0,  2,  0,  0,  0, ],
[ 2,  0,  0,  0,  9,  0,  0,  0,  0,  0,  0,  0,  0,  0,  0,  0,  0,  0,  4,  0,  0,  0,  0,  0, ],
[ 0,  0,  0,  0, 14,  1,  0, 14,  0,  0,  0,  0,  0,  0,  0,  0,  7,  0,  8,  9, 14,  2,  0,  0, ],
[ 0,  0,  0,  0,  0,  0,  0,  0,  0,  0,  0,  0, 13,  0,  3,  0,  0,  0,  7,  0,  0,  0,  0,  0, ],
[ 0,  0,  0,  0,  0,  0,  0,  0,  0,  0,  0,  9,  0,  0,  0,  0,  0,  0,  0,  0,  0,  0,  0,  0, ],
[ 0,  0,  0,  0,  0,  0,  0,  0,  0,  0,  0,  0,  0,  0,  0,  0,  0,  0,  0,  0, 11,  0,  0,  0, ],
[ 0,  0,  0,  0,  0,  0,  0,  0,  0,  0,  0,  0,  3,  0,  0,  9,  0,  0,  1,  0,  0,  2,  0,  0, ],
[ 0,  0,  0,  0,  0,  0,  0,  0,  0,  0,  0,  5,  0,  0, 12,  0, 10,  0,  0,  0,  0,  0,  0,  0, ],
[ 2,  0,  0,  0,  0,  0,  0,  0,  0,  0,  0,  0,  0,  0,  0,  0,  0,  0,  0,  0,  7,  0,  0,  0, ],
[ 0,  0,  0,  0,  0,  0,  0,  0,  0,  0,  0,  0,  0,  0,  0,  0,  0,  0,  0,  0,  0,  8,  0,  0, ],
[ 0,  0,  0,  0,  6,  0, 10,  3,  0,  0,  0,  0,  0,  0,  0,  0,  0,  9,  0,  0,  0,  0,  0,  0, ],
[ 0,  0,  0,  2,  0,  8,  0,  0,  0,  0,  0,  0,  0,  0,  0,  0,  0,  0,  0,  0,  0,  0,  0,  0, ],
[12,  0,  0,  0,  0,  0,  0,  0,  0,  0,  0,  0,  0,  0,  0,  0,  0,  0,  0,  0,  0,  0,  0,  0, ],
[ 0,  0,  0,  0,  0,  3,  0,  0,  1,  0,  0,  0,  0,  0,  4,  0, 13,  0,  0,  0,  0,  0,  0,  9, ],
[ 0,  0,  0,  0,  0,  2,  7, 11,  0,  0,  0,  0,  0,  0,  0,  0,  0,  0,  0,  0,  0,  0,  0,  0, ],
[13,  0,  0,  0,  0,  0,  0,  0,  5,  0,  0,  0,  0,  0,  0,  0,  0,  0,  1,  0,  0,  0,  0,  9, ],
[ 0,  0,  0,  0,  0,  0,  0,  3,  6,  0, 13,  0,  0,  0,  0,  0,  0,  0,  0,  0,  0,  0,  0,  0, ],
[ 0,  0,  0,  0,  0,  0,  0,  0,  0,  0,  0,  0,  0,  0,  0,  0,  0,  0,  3,  0,  0, 13,  0,  2, ],
[ 0,  0,  0,  0,  0,  0,  0,  0,  0,  0,  0,  0,  0,  0,  0,  0,  0,  0,  0,  7,  0,  0, 14,  0, ],
[ 0,  1,  0,  0,  0,  0,  0,  0,  0,  0,  0,  0,  0,  0,  0,  0,  0,  0,  0,  0,  0,  0,  0,  0, ],
[ 0,  0,  0,  0,  0,  0,  0,  0,  0,  0, 10,  0,  0,  0,  0,  0,  0,  0,  0,  0,  0,  0,  0,  0, ],
[ 0,  0,  0,  0,  0,  0,  0,  0,  0,  0,  0,  0,  0,  0,  0,  0,  0,  0,  0,  0,  3,  0,  0,  0, ],
[ 0,  0,  0,  0,  0,  0, 10,  0,  0,  0,  0,  0,  0,  0,  0,  0,  0,  0,  0,  0,  0,  0,  0,  0, ],
[ 0,  0,  0,  0,  0,  0,  0,  0,  0,  0,  0,  0,  0,  0,  0,  0,  0,  0,  0,  0,  0,  0,  0,  0, ],
[ 0,  0,  0,  0,  0,  2,  4,  0,  0,  0,  0,  0,  0,  0,  0,  0,  0,  0,  0,  0,  0,  0,  0,  7, ],
[ 0,  0,  0, 13,  0,  0,  0,  0, 10,  0,  0,  3,  0,  0,  0,  0,  6,  0,  6,  0,  0,  0,  0,  0, ],
[ 0,  0,  0,  0,  0,  0,  0,  0,  0,  0,  0,  0,  0,  0, 13,  0,  0,  0,  0,  0,  0,  0,  0,  0, ],
[ 0,  0,  0,  3,  0,  0,  5,  0,  5,  0,  0,  0,  8,  0,  0,  0,  0,  0,  0,  0,  0,  0,  0,  0, ],
[ 0,  0,  0,  0,  0,  0,  0,  0,  0,  0,  0,  0,  2, 10,  0,  0,  5,  0,  0,  0,  0,  0,  0,  0, ],
[ 0,  0,  0,  0,  0,  0, 13,  0,  0,  0,  0,  0,  0,  0,  0,  0,  0,  0,  0,  0,  0,  0,  0,  0, ],
[ 0,  3,  0,  0,  0,  0,  0, 11,  0,  0,  0,  0,  0,  0,  1,  0,  0,  0,  0,  0,  0,  0, 10,  5, ],
[ 0,  0,  0,  0,  0,  0,  0,  0, 11,  0,  0,  0,  0,  0,  0,  0,  0,  3,  0,  0,  9,  0,  0,  0, ],
[ 0,  0,  0,  0,  0,  0,  0,  0,  0,  0,  0,  0,  0,  0,  0,  0,  0,  0,  0,  0,  0,  0,  0,  0, ],
[ 0,  0,  0,  0,  0,  0, 13,  0,  0,  0,  0,  0,  0, 13,  0,  0,  0,  0,  0,  0,  0,  0,  0,  0, ],
[ 0,  0, 13,  0,  0,  0,  0,  0,  0,  0,  0,  0,  0,  0,  0,  0,  0,  0,  0,  0,  0,  0,  0,  0, ],
[ 9,  0,  0,  0,  0,  0,  0,  0,  0,  0,  0,  0,  0,  0,  0,  0,  0,  0,  0,  0,  0,  0,  0,  0, ],
[ 0,  0,  0,  0,  0,  0,  0,  0,  0,  0,  9,  0,  0,  0,  0,  0,  0,  0,  0, 11,  5,  0,  0,  0, ],
[ 0,  0,  0,  0,  0, 13,  0,  0,  0,  0,  0,  0,  0,  3,  0,  0,  0,  0,  0,  0,  0,  0,  0,  0, ],
[ 0,  0,  5,  0,  0,  0,  0,  0,  0,  0, 13,  0, 10,  0, 14,  0,  0,  0,  2,  0,  0,  0,  0,  0, ],
[ 0,  0,  0,  0, 14,  0,  0,  0,  0,  0,  0,  0,  0,  0,  4,  0,  0,  0,  0,  0,  0,  0,  0,  1, ],
[ 0,  0, 14,  0, 13,  0,  0,  0,  0,  0,  0,  8,  0,  0,  0, 10,  0,  0,  0,  0,  0,  0,  6,  0, ],
[ 0,  0,  0,  0,  0,  0,  0,  0,  0,  0,  0,  0,  0,  0,  0,  0,  0,  0,  0,  0,  0,  0,  0,  0, ],
[ 3,  0,  2,  0,  0,  0,  0,  0,  0,  0,  0,  0,  0,  0,  0,  0,  0,  0,  0,  0,  0,  0,  0,  0, ],
[ 0,  0,  0,  0,  0,  0,  0,  0,  0,  0,  0,  0,  0,  0,  0,  5,  0,  0, 12,  0,  3,  0,  0,  0, ],
[ 0,  0,  6,  0,  5,  0,  3,  0, 14,  0,  5,  0,  0,  0,  0,  0,  0,  0,  0, 12,  0,  0, 10,  0, ],
[ 0,  0,  0,  0,  0,  0,  0,  0,  0,  0,  0,  0,  9,  0,  0,  0,  0,  0,  0,  4,  0,  0,  0,  0, ],
[ 0,  0,  0,  0,  0,  0,  0,  0,  0,  0,  0,  0,  0,  0,  0,  2,  0,  0,  0,  0,  0,  0,  0,  0, ],
[ 0,  0,  0,  0,  9,  0,  0,  0,  0,  0,  0,  0,  0,  0,  0,  0,  0,  0,  0,  0,  6,  0,  0,  0, ],
[ 0,  0,  0,  0,  0,  0,  0, 13,  0,  4,  0,  0,  0,  0,  0,  8,  0,  8,  0,  0,  0,  0,  0,  0, ],
[ 0,  0,  0,  0,  0,  0,  0,  0,  0,  0,  1,  0,  0, 12,  0,  0,  0,  0, 10,  0,  9,  3, 13,  0, ],
[ 9,  0,  0,  0,  0,  0,  0,  0, 12,  0,  0,  0,  0,  0,  0,  0,  0,  0,  0,  0,  2,  0,  0,  0, ],
[ 0,  5,  0,  0,  0,  0,  0,  0,  0,  0,  0,  0,  6,  0,  0,  0,  0,  0,  0,  0,  0,  0,  0,  0, ],
[ 0,  0,  0,  0,  0,  0,  0,  0,  0,  0,  0,  0,  0,  0,  0,  0,  0,  0,  0,  0,  0, 11,  0,  0, ],
[ 0,  0,  0,  0,  0, 10,  0, 14,  0,  0,  0,  0,  0,  0,  0,  9,  9,  0,  0,  0,  0,  0,  0,  0, ],
[ 0,  0,  0,  0,  0,  0,  0,  0,  0,  0,  0,  0,  0,  0,  0,  0,  0,  1,  0,  0,  0,  0,  0,  0, ],
[ 0,  0,  0,  0,  0,  0,  0,  0,  0,  0, 11,  0,  0,  0,  0,  0,  0,  0,  0,  0,  0,  2, 11,  0, ],
[ 0,  0,  0,  1,  0,  0,  0,  0,  5,  0,  0,  0,  0,  0,  4, 12,  0,  0,  0, 11,  0,  0,  0,  0, ],
[ 0,  0,  0,  0, 14,  0,  0,  0,  0,  0,  0,  0,  0,  0,  0,  0,  0,  0,  0,  2,  0, 13,  0,  0, ],
[ 0,  5,  0,  8,  0,  0,  9,  0,  0, 10,  0,  0,  0,  0,  0,  0,  0,  0,  0,  0,  0,  0,  0,  0, ],
[ 1,  0,  6,  0,  7,  0,  0,  0,  0,  0,  0,  0, 11,  0,  0,  0,  0,  0,  0,  0,  0,  0,  0,  0, ],
[ 0,  0,  0,  0,  0,  0,  0,  0,  0,  0,  0,  3,  0,  0,  0,  0,  0, 14,  0,  0,  0,  0,  0,  5, ],
[ 0,  0,  0,  0,  0,  0,  0,  5,  0,  0,  0,  0,  0,  0,  0,  0,  0,  0,  0,  0,  0,  0,  0,  0, ],
[ 5,  0,  0,  0,  0,  0,  0,  0,  0,  0,  0,  0,  0,  1,  0,  0,  0,  0,  0,  0,  0,  0,  0,  0, ],
[ 0,  0,  0,  0,  0,  0,  0,  0,  0,  0,  0,  0,  0,  0,  0,  0,  0,  0,  0,  0,  0,  0,  0,  0, ],
[ 0, 11,  0,  0,  0,  0,  0,  0,  0,  0,  0,  0,  0,  0,  2,  0,  0,  0,  0,  0,  0,  0,  0,  0, ],


[-0.7312, 0.0914, ],
[0.3993, -0.4806, ],
[-0.5956, 0.6095, ],
[0.3613, 0.4537, ],
[0.1301, 0.6453, ],
[-0.3843, 0.0320, ],
[0.7945, 1.0000, ],
[0.2706, 1.0000, ],
[-0.2025, 0.7687, ],
[-0.1902, 0.5013, ],
[0.5171, -0.0517, ],
[0.0442, -0.2727, ],
[-0.2038, 0.6663, ],
[0.3164, 0.0274, ],
[0.5063, -0.7002, ],
[0.8197, -0.3727, ],
[-0.0233, 0.9806, ],
[0.0696, 0.1965, ],
[0.6457, 0.4461, ],
[-0.0444, -0.2208, ],
[0.0900, 0.6467, ],
[-0.9915, 0.0626, ],
[0.3587, 0.1594, ],
[-0.7262, 0.4290, ],
[0.4324, 0.6869, ],
[0.0353, 0.2397, ],
[0.5163, 0.8336, ],
[0.1843, -0.2706, ],
[-0.3744, 0.9133, ],
[-0.3402, -0.7779, ],
[0.0209, -0.4202, ],
[-0.0235, 0.4126, ],
[0.2607, 0.7631, ],
[0.6015, 0.2486, ],
[-0.0783, 0.5367, ],
[-0.6561, -0.1416, ],
[0.2759, -0.3843, ],
[0.6030, 0.0090, ],
[1.0000, -0.4119, ],
[0.9439, 0.5459, ],
[0.3243, 0.3745, ],
[-0.0214, -0.5048, ],
[0.9259, 0.5600, ],
[-0.0891, -1.0000, ],
[-0.7492, -0.5946, ],
[0.7675, -0.0985, ],
[-0.6771, 0.0133, ],
[-0.0211, -1.0000, ],
[-0.3923, 0.4757, ],
[-0.0053, 0.0608, ],
[-0.5474, 0.8595, ],
[0.0804, 0.0150, ],
[0.1137, 0.5383, ],
[-0.3355, 0.8220, ],
[0.2045, -0.2550, ],
[0.2966, 0.1160, ],
[-0.7643, -0.0377, ],
[-0.5864, 0.4190, ],
[-0.8141, 0.4906, ],
[-0.3171, 0.9842, ],
[0.4894, -0.2593, ],
[0.1165, -0.1366, ],
[-0.0224, 0.6042, ],
[-0.6954, 0.5023, ],
[0.6573, -0.0340, ],
[0.2442, 0.6534, ],
[-0.1351, -0.3673, ],
[0.6543, -0.2354, ],
[0.4649, 0.9222, ],
[0.7917, 0.6788, ],
[0.5260, -0.1485, ],
[-0.4425, 0.7143, ],
[-0.4613, 0.5147, ],
[0.7969, 1.0000, ],
[0.7616, -0.3740, ],
[-1.0000, -0.1754, ],
[0.8024, 0.3702, ],
[-0.8991, 0.0637, ],
[0.9628, 0.7074, ],
[-0.5122, 0.1355, ],
[0.4891, 0.7798, ],
[-0.3547, -0.2502, ],
[0.3290, -0.1437, ],
[-0.1302, 0.3847, ],
[-0.2412, -0.6305, ],
[-0.2645, 0.8162, ],
[0.8314, -0.6675, ],
[-0.2787, -0.5461, ],
[0.5012, -0.9977, ],
[-0.0202, -0.8532, ],
[-0.2134, 0.5593, ],
[0.6971, 0.0675, ],
[1.0000, 0.5829, ],
[-0.5850, 0.4676, ],
[-0.2058, -0.7659, ],
[-0.6191, -0.8865, ],
[-0.6067, 0.5193, ],
[0.4368, -0.3203, ],
[-0.4021, -0.7550, ],
[0.5039, -0.6996, ],


[3.0000, ],
[6.0000, ],
[5.0000, ],
[6.0000, ],
[10.0000, ],
[8.0000, ],
[9.0000, ],
[8.0000, ],
[1.0000, ],
[5.0000, ],
[5.0000, ],
[11.0000, ],
[2.0000, ],
[1.0000, ],
[4.0000, ],
[7.0000, ],
[25.0000, ],
[0.0000, ],
[1.0000, ],
[5.0000, ],
[14.0000, ],
[7.0000, ],
[7.0000, ],
[6.0000, ],
[5.0000, ],
[8.0000, ],
[7.0000, ],
[5.0000, ],
[5.0000, ],
[9.0000, ],
[3.0000, ],
[4.0000, ],
[7.0000, ],
[0.0000, ],
[13.0000, ],
[11.0000, ],
[6.0000, ],
[23.0000, ],
[9.0000, ],
[3.0000, ],
[4.0000, ],
[7.0000, ],
[10.0000, ],
[4.0000, ],
[3.0000, ],
[12.0000, ],
[4.0000, ],
[4.0000, ],
[12.0000, ],
[8.0000, ],
[10.0000, ],
[9.0000, ],
[7.0000, ],
[7.0000, ],
[1.0000, ],
[4.0000, ],
[2.0000, ],
[4.0000, ],
[0.0000, ],
[6.0000, ],
[16.0000, ],
[4.0000, ],
[9.0000, ],
[7.0000, ],
[4.0000, ],
[13.0000, ],
[9.0000, ],
[0.0000, ],
[8.0000, ],
[4.0000, ],
[3.0000, ],
[9.0000, ],
[6.0000, ],
[15.0000, ],
[7.0000, ],
[18.0000, ],
[0.0000, ],
[3.0000, ],
[8.0000, ],
[21.0000, ],
[5.0000, ],
[1.0000, ],
[6.0000, ],
[12.0000, ],
[18.0000, ],
[8.0000, ],
[5.0000, ],
[4.0000, ],
[14.0000, ],
[1.0000, ],
[9.0000, ],
[13.0000, ],
[9.0000, ],
[12.0000, ],
[11.0000, ],
[8.0000, ],
[2.0000, ],
[3.0000, ],
[0.0000, ],
[5.0000, ],


