[ 0,  0,  0,  0,  0,  0,  0,  0,  0,  0,  0,  0,  0,  3,  0,  0,  0,  0,  0,  0,  0,  0,  0,  0, ],
[ 0,  0,  0,  0,  0,  0,  0,  0,  0,  0,  2,  0,  0,  0,  0,  3,  0,  0,  0,  0,  0,  0,  0,  0, ],
[ 0,  0,  0,  0,  0,  0,  0,  0,  0,  0,  0,  0,  0,  0,  0,  0,  0,  0,  0,  0,  0,  0,  0,  0, ],
[ 0,  0,  0,  8,  0,  0,  0,  0,  0,  0,  0,  0,  0,  0,  7,  0,  0,  0,  0,  0,  0,  0,  0,  0, ],
[ 0,  5,  0,  0,  0,  0,  0,  0,  0,  0,  0,  0,  0,  1,  0,  0,  0,  0, 13,  0,  0,  9,  0,  0, ],
[ 0,  0,  0,  0,  0,  0,  5,  0,  0,  0,  0,  0,  0,  0,  0,  0,  0,  0,  6,  0,  1,  0,  0,  0, ],
[ 0,  0,  0,  0, 11,  0,  0,  0,  0,  0,  0,  0,  0,  0,  0,  0,  0,  0,  0,  0,  0,  0,  0,  0, ],
[ 0,  0,  0,  0,  0,  0,  0,  0,  0,  0,  0,  0,  0,  0,  0,  0,  0,  0,  0,  0,  0, 10,  0,  0, ],
[ 0,  0,  2,  0,  0,  0,  0,  0,  0, 10,  0,  0,  0,  0,  0,  0,  0,  0,  0,  0,  0,  0,  0,  0, ],
[ 0,  2,  3,  0, 14,  0,  0,  0,  0,  0,  0,  4,  0,  0,  0,  0,  0,  0,  0,  0,  0,  0,  0,  0, ],
[ 0,  0,  0,  0,  0,  0, 12,  0,  0, 11,  0,  0,  0,  0,  0,  0,  9,  0,  0,  0,  0,  0,  0,  0, ],
[ 0,  0,  0,  0,  0,  0,  0,  0,  0, 11,  0,  0,  0, 13,  1,  0,  0,  0,  0,  0,  0,  0,  0,  0, ],
[ 0,  0,  9,  0,  0,  0,  0,  0,  0,  0,  0,  0,  0,  0,  0,  0,  0,  0,  0,  0,  0,  0,  0,  0, ],
[ 0,  0,  0,  0,  0,  0,  9,  0,  0,  0,  0,  0,  0,  0,  0,  0,  0,  0,  0,  0,  0,  0,  0,  0, ],
[ 0,  0,  0,  0,  0,  0,  0,  0,  0,  0,  0,  0,  0,  0,  0,  0,  0,  0,  0,  0,  0,  0,  0,  0, ],
[ 0,  0,  0,  0,  0,  0,  0,  0,  0,  0,  0,  0,  0,  0,  0,  0,  0,  0,  0,  0,  0,  0,  0,  8, ],
[ 0,  6,  0,  0,  0,  0,  0,  0,  0,  0,  0, 10,  0,  0,  1,  0,  0,  0,  0,  0,  0,  0,  0,  0, ],
[ 0,  0,  0,  0,  0,  0,  0,  0,  0,  0,  0,  0,  0,  0,  0,  7,  0,  0,  0,  0,  0,  0,  0,  0, ],
[ 0,  0,  0,  0,  0,  0,  0,  8,  0,  4,  0,  0,  7,  0,  0,  0,  0,  0,  0,  0,  0,  0,  5,  0, ],
[ 0,  0,  0,  0,  0,  0,  0,  0,  0,  0,  0,  6,  0,  0,  0,  0,  0,  0,  0,  0,  0,  0,  0,  0, ],
[10,  0,  0,  0,  0,  0,  0,  0,  0,  0,  0,  0,  0,  0,  0,  0,  0,  0,  0,  0, 12,  0,  7,  0, ],
[ 9,  0,  0,  0,  0,  0,  0,  0,  0,  0,  0,  0,  0,  0,  0,  0,  0,  0,  0,  0,  0,  0,  0,  0, ],
[ 0,  0,  0,  0,  0,  0,  0, 13,  0,  0,  0,  0,  0,  0,  0,  0,  0,  0,  0,  0,  0,  0,  2,  0, ],
[ 3,  0,  0,  0,  0,  0,  0,  0,  0,  0, 14,  0,  0,  0,  0,  0,  0,  0,  0,  0,  0,  0,  0,  0, ],
[ 0,  0,  0,  0,  0,  0,  0,  0,  0,  0,  0,  0,  0,  0,  0,  0,  0,  0,  0,  0,  0,  0,  0,  0, ],
[ 0,  0,  0,  0,  7,  0,  0,  0,  0,  0,  0,  0,  0,  0,  0,  0,  9,  0,  0,  0,  0,  0,  0,  0, ],
[ 0,  0,  0,  1,  0,  0,  0,  0,  0,  8,  0,  0,  0,  0,  1,  0,  0,  0,  0,  0,  0,  0,  0,  6, ],
[ 0,  0,  0,  0,  0,  0,  0,  0,  0, 12, 13,  0,  0,  0,  0,  0,  0,  0,  0,  0,  0,  0,  0,  9, ],
[ 0,  0,  0,  0,  0,  0,  0,  0,  0,  0,  0,  0,  0, 13,  0,  0,  0,  0,  0,  0,  0,  0,  0,  0, ],
[ 0,  0,  0,  0,  0,  0,  0,  0,  0,  0,  0,  0,  2,  0,  0,  0,  9,  0,  0,  7,  0,  0,  0,  4, ],
[ 0,  0,  0,  0,  0,  0,  0,  0,  0,  0,  0,  0,  0,  0,  0, 12,  0,  0,  0,  0,  0,  0,  0,  0, ],
[ 0,  0,  0,  0,  0,  0,  0,  0,  0,  0,  0,  0,  0,  0,  0,  0,  0,  0,  0,  0,  0,  0,  0,  0, ],
[ 0,  6,  0, 12,  0,  4,  4,  0,  0,  0,  0,  0,  0,  0,  0,  0,  0,  0,  5,  0,  0,  0,  6,  0, ],
[ 0,  0,  0,  0,  0,  0,  0,  0,  0,  0,  4,  0,  0,  0,  0,  0,  0,  0,  0,  0,  0,  0,  0,  0, ],
[ 0,  0,  0,  0,  0,  0,  0,  0,  0,  0,  0,  0,  0,  0, 11,  0,  0, 10,  0,  0, 11,  0,  0,  0, ],
[ 0,  0,  0,  0,  0,  0,  0,  0,  0,  0,  0,  0,  0,  0,  0,  0,  0,  0,  0,  0,  0,  0,  0,  0, ],
[ 0,  0,  0,  0,  0,  0,  0,  0,  0,  0,  0,  0,  0,  0,  0,  0,  0,  0,  0,  0,  0,  0,  0,  0, ],
[12,  0,  0,  0,  0,  0,  0,  0,  0,  0,  0,  0,  0,  0,  0,  0,  0,  0,  0,  0,  0,  0,  0,  0, ],
[ 0,  0,  0, 11,  0,  0,  0,  0,  0,  0,  0,  8,  0,  0,  0,  0,  0,  0,  0,  0,  0,  0,  0,  0, ],
[ 0,  5,  0,  0,  0,  0,  0,  0,  1,  0,  0,  0,  0,  0,  0,  0,  0,  0,  0,  0,  0,  0,  0,  0, ],
[ 0,  0,  0,  0,  0,  0,  0,  1,  0,  7,  0,  0,  0,  0,  0,  0,  0,  0,  0,  0,  0,  0,  0,  0, ],
[ 0,  0,  0,  0,  0,  0,  0,  0,  0, 10,  0, 10,  0,  0,  0,  0,  0,  0,  0,  0,  0,  0,  0,  0, ],
[ 0,  0,  0,  0,  0,  0,  0,  0,  0,  0,  0,  0,  0,  0,  0,  8,  0,  0,  0,  0,  0,  0,  0,  0, ],
[ 0,  0,  0,  0,  0,  0,  0,  0,  0,  0,  0,  0,  0,  0,  0,  0,  0,  0,  0,  0, 13, 11, 14,  0, ],
[ 0,  0,  0,  0,  0,  0,  0,  0,  0,  0, 12,  0,  0,  0,  0,  0,  0,  0,  0,  0,  0,  0,  0,  0, ],
[ 0,  0,  0,  0,  0, 10,  0,  0,  0,  0,  0,  0,  0,  0,  0,  0,  4,  0,  0,  0,  0,  0,  5,  0, ],
[ 0,  0,  0,  0,  0,  0,  0,  0,  6,  0,  9,  0,  0,  0,  0,  0,  0,  0,  0,  0,  0,  0,  0,  0, ],
[ 0,  0,  0,  0,  0,  0,  0,  0,  0,  0,  0,  0,  0,  4,  0,  0,  8,  0,  0,  0,  0,  0,  0,  0, ],
[ 0,  0,  8,  0, 13,  0,  3,  0,  0,  0,  0,  0,  0,  0,  0,  0,  0,  0,  0,  0,  0,  0,  0, 11, ],
[ 0,  0,  0,  0,  0,  0,  0, 10,  0,  0,  0,  0,  0,  0,  0,  0,  0,  0,  0,  0,  0,  0, 11,  0, ],
[ 0,  0,  0,  0,  0,  3,  0,  0,  0,  0,  0,  0,  3,  0,  0,  0,  0,  0,  0,  0,  0,  0,  0,  0, ],
[ 8,  0,  0,  0,  0,  0,  0, 12,  0,  0,  0,  0,  0,  0,  0,  0,  0,  0,  0,  0,  0,  0,  0,  0, ],
[ 3,  0,  0,  7,  0,  0,  0,  0,  0,  0,  0,  0,  0,  0,  0,  0,  0,  0,  0,  0,  0,  0, 10,  0, ],
[10,  0,  0,  0,  0,  0,  0, 10,  0,  0,  0,  0, 13,  0,  0,  0,  0,  0,  0,  0,  0,  0,  0,  0, ],
[ 0,  0,  0,  0,  0,  0,  0,  0,  0,  0,  0,  0,  0,  0,  0,  0,  0,  0,  0,  0,  0,  0,  0,  0, ],
[ 0, 14,  0,  0,  0,  0,  0,  0,  0,  0,  0,  0,  0,  0,  0,  0,  0,  0,  0,  0,  0,  0,  0,  0, ],
[ 0,  0,  0,  0,  0,  8,  1,  0,  0,  0,  0,  0,  5,  0,  0, 11,  0,  0,  0,  0,  0,  0,  0,  0, ],
[ 0,  0,  0,  0,  0,  0,  0,  0, 10,  0,  0,  0,  0,  0,  0,  0,  0,  0,  0,  0,  0,  0,  0,  0, ],
[ 0,  0,  0,  0,  0,  0,  0,  0,  0,  0,  0,  0,  0,  0,  0,  0,  0,  0,  0,  0,  0,  0,  0,  0, ],
[ 0,  0,  0,  0,  0,  0,  0,  0,  0,  0,  0,  8,  0,  0,  0,  9,  0,  0,  0,  0,  0,  0,  0, 14, ],
[ 0,  0,  0,  0,  0,  0,  0,  0,  0,  0,  0,  0,  0, 11,  0,  0,  0,  0,  0,  0,  0,  0,  0,  0, ],
[ 0,  0,  0,  0,  2,  0,  0,  0,  9,  0,  0,  0,  0,  0,  0,  0,  0,  0,  0,  0,  0,  0,  0,  0, ],
[ 0,  0,  0,  0,  2,  0,  0,  0,  0,  0,  0,  0,  0,  0,  0,  0,  0,  6,  0,  0,  0,  0,  4,  0, ],
[ 0,  0,  0,  0, 10,  0,  0,  0,  0,  0,  3,  0,  0,  0,  0,  0,  0,  0,  0,  0,  0,  0, 10,  0, ],
[ 0,  0,  0,  0,  0,  0,  0,  0,  0,  0,  0,  0,  0,  0,  0,  0,  0,  0,  0,  0,  0,  0,  0, 14, ],
[ 0,  0,  0,  0,  0,  0,  0,  0,  0,  0,  0,  0,  0,  0,  0,  0, 10,  0,  0,  0,  0,  0,  0,  0, ],
[ 0,  0,  0,  0,  0,  5,  0,  0,  0,  0,  0,  0,  0,  0,  0,  0,  0,  3, 12,  0,  0,  0,  0,  0, ],
[ 0,  0,  7,  0,  0,  0,  0,  0,  0,  0,  0,  0,  0,  0,  0,  0,  0,  0,  0,  0,  0,  0,  8,  0, ],
[ 0,  0,  0, 10,  0,  0,  0,  0,  0,  0,  0,  0,  0,  0,  0,  0,  0,  0,  0,  0,  0,  0,  0,  0, ],
[ 0,  0,  4,  4,  0,  0,  0,  0,  0,  0,  0,  9, 13,  0,  0,  5,  0,  5,  0,  0,  0,  0,  0,  0, ],
[ 9,  0,  0,  0,  0,  0,  0,  0,  0,  0,  0,  0,  0,  0,  0,  0,  0,  0,  0,  0,  0,  0,  0,  0, ],
[ 0,  0,  4,  0,  0,  0,  9,  0,  0,  0,  9,  0,  0,  0,  0,  0,  0,  0,  0,  0, 14,  0,  0,  0, ],
[ 9,  0,  0,  0,  0,  0,  0,  0,  0,  0,  0,  0,  0,  0,  0,  0,  0,  0,  0, 14,  0,  0,  0,  0, ],
[ 0,  0,  0,  0,  0,  0,  0,  0,  0,  0,  0,  0,  0,  0,  0,  0,  0,  0,  0,  0,  0,  8,  0,  0, ],
[ 0,  0,  0,  0,  0, 14,  0,  8,  0,  0,  0,  0,  0,  0,  0,  0,  0,  0,  0,  0,  0,  0,  0,  0, ],
[ 0,  0,  0,  2,  0,  0,  0,  0,  0,  0,  7,  0,  0,  0, 14,  0,  0,  0,  2,  0,  0,  0,  0,  0, ],
[ 0, 11,  2,  0,  0,  0,  0,  0,  0,  0,  0,  0,  0,  0,  0,  0,  0,  0,  0,  0,  3,  0,  0,  0, ],
[ 0,  0,  0,  0,  0,  0,  0,  0,  0,  0,  4,  0,  0,  0,  0,  0,  0,  0,  9,  6,  0,  0,  0,  0, ],
[ 0,  0,  0,  0,  0,  0,  0,  0,  0,  0,  0,  0,  0,  0,  0,  0,  0,  0,  0,  0,  3,  0,  4,  0, ],
[ 0,  1,  5,  0,  0,  0,  0,  0,  0,  0,  0,  0,  0,  0,  0,  0,  0,  8,  2,  0,  0,  0,  8,  0, ],
[ 0,  0,  0,  0,  0,  0,  0,  0,  0,  0,  0,  0,  0,  0,  2,  0,  0,  0,  0,  0,  0,  0,  0,  0, ],
[ 0,  0,  4,  0,  0,  0,  0,  0,  0,  0,  2,  0,  0,  0,  0,  0,  0,  0,  0,  0,  0,  0,  0,  0, ],
[ 0,  0,  0,  0,  0,  0,  0, 11,  0,  0,  0,  0,  0,  0,  0,  0,  0,  0,  0,  0,  0,  0,  0,  0, ],
[ 8,  0,  0,  0,  0,  0,  0,  0,  0,  0,  0,  0,  0,  0,  7,  0,  2,  0,  0,  0,  3,  0, 10,  0, ],
[ 0,  0,  0,  0,  0,  0,  0,  0,  0,  0,  0,  0,  0,  0,  0,  0,  0,  0,  0,  0,  0,  0,  0,  0, ],
[ 0,  0,  0,  0, 14,  6,  0,  0,  0,  0,  1,  9,  0,  0,  0,  0,  9,  0,  0,  0,  0,  0,  0,  0, ],
[ 0,  0,  0,  0,  0,  0,  0,  0,  0,  0,  0, 14,  0,  0,  0,  0, 14,  0,  0,  0,  0,  0,  0,  9, ],
[ 0,  0,  0,  2,  0,  0,  0,  0,  0,  0,  0,  1,  0,  0,  0, 12,  0,  0,  0,  0,  0, 13,  0, 10, ],
[ 0,  0,  0,  0,  0,  0,  0,  0,  0,  0,  0,  5,  0,  5,  0,  0,  0,  0,  0,  0,  0,  0,  0,  0, ],
[ 0,  0,  5,  0,  0,  0,  0,  0,  0,  2,  0,  0,  1,  0,  0,  0,  0,  0,  0, 14,  0,  0,  0,  0, ],
[ 0,  0,  0,  0,  0,  0,  0,  0,  0,  9,  0,  0,  0,  0,  0,  0,  0,  0,  0,  0,  0,  0,  0,  0, ],
[ 0,  0,  0,  0,  4,  0,  0,  0,  0,  0,  0,  0,  0,  0, 10,  0,  0,  0,  0,  0,  0,  0,  0,  0, ],
[ 0,  0,  0,  0,  0,  0,  0,  0,  0,  0,  0,  0,  0,  0,  0, 13,  0,  0,  4,  0,  0,  0,  0, 11, ],
[ 0,  8,  0,  0,  0,  8,  0,  0,  0,  0,  0,  0,  0,  0,  0,  0,  0,  0,  0,  0,  0,  0,  5,  0, ],
[ 0,  0,  0,  0,  0,  0,  0,  0,  0,  0,  0,  0,  0,  0,  0,  0,  0,  0,  0,  0,  0,  0,  3,  0, ],
[ 0,  0,  0,  0,  0,  0,  0,  0,  0,  0,  0,  0,  0,  0,  0,  0,  0,  0,  0,  0,  0,  0,  0,  0, ],
[ 0,  0,  0,  0,  0,  0,  0,  0,  0,  0,  0,  2,  0,  0,  0,  0,  0,  0,  0,  0,  2,  0,  0,  0, ],
[ 0, 12,  0,  0,  0,  0,  0,  0,  0,  0,  0,  0,  0,  0,  6,  0,  0,  0,  0,  0,  0,  0,  0,  0, ],
[ 0,  0,  0,  0,  0,  0,  0,  0,  0,  0, 12,  0,  0,  0,  0,  0,  0,  0,  0,  0, 12,  0,  0,  0, ],
[ 0,  0,  0,  0,  0,  0,  4,  0,  7,  0,  0,  0,  0,  0,  0, 10,  0,  0,  0,  0,  0,  0,  0,  0, ],


[0.3274, -0.2349, ],
[0.0936, -0.9591, ],
[-0.2992, 0.4424, ],
[0.9697, -0.3408, ],
[-0.0215, -0.2843, ],
[0.5352, 0.0320, ],
[-0.6960, -0.9706, ],
[0.2706, 0.4931, ],
[0.1699, 0.3370, ],
[0.8925, 0.6284, ],
[0.5171, 0.0189, ],
[-0.3013, -0.1985, ],
[0.2507, -0.2279, ],
[0.4413, 0.4163, ],
[0.1069, -0.7002, ],
[-0.7385, -0.1375, ],
[0.0587, -0.7390, ],
[-0.0684, -0.7338, ],
[-0.1688, 0.6652, ],
[0.5643, -0.6587, ],
[0.9530, 0.7865, ],
[0.5670, -0.5782, ],
[0.7401, 0.4072, ],
[0.3298, -0.7224, ],
[0.8457, -0.7265, ],
[0.0282, 0.3167, ],
[0.4253, 0.5958, ],
[-0.6628, -0.6308, ],
[0.3677, 0.0166, ],
[0.7307, -0.5533, ],
[0.2714, 0.3463, ],
[-0.1125, 0.5525, ],
[0.2607, -0.0878, ],
[0.7120, 0.8760, ],
[0.8300, 0.4895, ],
[-0.7750, -0.1438, ],
[0.5759, -0.5085, ],
[0.3837, 0.0068, ],
[-0.2790, 0.4161, ],
[0.8562, 0.5090, ],
[0.4362, -0.8285, ],
[0.0428, 0.2151, ],
[0.6201, -0.4013, ],
[0.3469, 1.0000, ],
[0.1784, 0.6757, ],
[0.6726, -0.2663, ],
[0.7089, -0.2392, ],
[-0.5134, 0.5344, ],
[0.0642, -0.3849, ],
[0.9465, -0.5860, ],
[0.5296, -0.8432, ],
[0.6566, -0.0042, ],
[0.4295, -0.8685, ],
[0.1921, -0.7771, ],
[0.5487, 0.6919, ],
[0.5071, -0.1318, ],
[0.6639, -0.0268, ],
[0.3906, 0.3668, ],
[-0.8141, 0.5266, ],
[0.0224, -0.2833, ],
[0.6626, 0.1862, ],
[-0.4520, 0.0478, ],
[0.0928, 0.6042, ],
[0.1756, 0.2645, ],
[0.2203, -0.1118, ],
[0.2270, 0.6807, ],
[0.4799, 0.8956, ],
[0.5510, -0.4880, ],
[-0.5870, -0.0464, ],
[0.6971, -0.2569, ],
[-0.4640, 0.5388, ],
[0.1495, 0.4420, ],
[-0.4613, -0.2850, ],
[0.2339, 0.3298, ],
[0.3423, 1.0000, ],
[-0.7283, -0.2320, ],
[0.0423, 0.3702, ],
[0.9785, 0.9239, ],
[0.0671, 0.2553, ],
[-0.5580, -0.7088, ],
[0.3372, 0.3492, ],
[-0.3136, 0.2958, ],
[-1.0000, 0.8715, ],
[-0.5096, 0.7448, ],
[-0.6268, 0.8424, ],
[-0.2662, -0.3562, ],
[0.1868, 0.5990, ],
[0.9307, 0.0650, ],
[0.6215, -0.8916, ],
[-0.4060, -0.1680, ],
[-0.4867, 0.5170, ],
[-0.1667, -0.2924, ],
[0.2315, -0.4792, ],
[-0.5694, -0.2815, ],
[-0.1560, -0.8868, ],
[-0.3579, -0.9399, ],
[-0.4946, 0.5193, ],
[0.4239, 0.3506, ],
[0.8717, 0.1669, ],
[0.3245, -0.9451, ],


[2.0000, ],
[3.0000, ],
[0.0000, ],
[6.0000, ],
[10.0000, ],
[6.0000, ],
[4.0000, ],
[4.0000, ],
[5.0000, ],
[9.0000, ],
[11.0000, ],
[9.0000, ],
[3.0000, ],
[3.0000, ],
[0.0000, ],
[3.0000, ],
[8.0000, ],
[3.0000, ],
[10.0000, ],
[3.0000, ],
[11.0000, ],
[3.0000, ],
[5.0000, ],
[6.0000, ],
[0.0000, ],
[6.0000, ],
[8.0000, ],
[11.0000, ],
[4.0000, ],
[9.0000, ],
[4.0000, ],
[0.0000, ],
[16.0000, ],
[2.0000, ],
[12.0000, ],
[0.0000, ],
[0.0000, ],
[4.0000, ],
[7.0000, ],
[3.0000, ],
[4.0000, ],
[8.0000, ],
[3.0000, ],
[12.0000, ],
[4.0000, ],
[8.0000, ],
[6.0000, ],
[5.0000, ],
[13.0000, ],
[8.0000, ],
[4.0000, ],
[7.0000, ],
[9.0000, ],
[12.0000, ],
[0.0000, ],
[4.0000, ],
[10.0000, ],
[4.0000, ],
[0.0000, ],
[10.0000, ],
[4.0000, ],
[4.0000, ],
[6.0000, ],
[10.0000, ],
[4.0000, ],
[4.0000, ],
[8.0000, ],
[6.0000, ],
[4.0000, ],
[15.0000, ],
[3.0000, ],
[12.0000, ],
[7.0000, ],
[3.0000, ],
[7.0000, ],
[9.0000, ],
[7.0000, ],
[8.0000, ],
[4.0000, ],
[10.0000, ],
[1.0000, ],
[3.0000, ],
[4.0000, ],
[13.0000, ],
[0.0000, ],
[14.0000, ],
[11.0000, ],
[14.0000, ],
[4.0000, ],
[8.0000, ],
[3.0000, ],
[6.0000, ],
[10.0000, ],
[8.0000, ],
[2.0000, ],
[0.0000, ],
[2.0000, ],
[7.0000, ],
[8.0000, ],
[9.0000, ],


