[ 0,  0,  0,  0,  0,  0,  0,  0,  0,  0,  0,  0,  0,  3,  0,  0,  0,  0,  0,  0,  0,  0,  0,  0, ],
[ 0,  0,  0,  0,  4,  0,  0,  0,  0,  0,  0,  0,  0,  0,  1,  0,  0,  0,  0,  0,  0,  0,  0,  0, ],
[ 0,  0,  0,  0,  0,  0,  0,  0,  0,  0,  0,  0,  0,  8,  0,  0,  0,  0,  0,  0,  0,  0,  0,  0, ],
[ 0,  0,  0,  8,  0,  0,  0,  0,  0,  0,  0,  0,  0,  0,  0,  0,  0,  0,  0,  0,  0,  0,  0,  0, ],
[ 0,  0,  0,  0,  0,  0,  0,  0,  0,  0,  0,  0,  0,  0,  0,  0,  0,  0,  0,  0,  0,  0,  0,  0, ],
[ 0,  0,  0,  0,  0,  0,  0,  5,  0,  0,  0,  0,  0,  0,  0,  0,  0,  0,  0,  0,  1,  0,  0,  9, ],
[ 0,  0,  0,  0,  0,  0,  0,  0,  0,  0,  0,  0,  0,  0,  0,  0,  0,  0,  0,  0,  0,  0,  0,  0, ],
[ 0,  0,  0,  0,  0,  0,  0,  0,  0,  0, 10,  0,  0,  0,  0,  0,  0,  0,  0,  0,  0,  0,  0,  0, ],
[ 0,  0,  0,  0,  0,  0,  0,  0,  0,  0,  0,  0,  0,  0,  0,  0,  0,  0,  0,  0,  0,  0,  0,  0, ],
[ 0,  2,  3,  0,  0,  0,  0,  0,  0,  0,  0,  0,  0,  0,  0,  0,  0,  0,  0,  0,  0,  0,  0,  0, ],
[ 0,  0,  0,  0, 11,  0,  0,  0,  0,  0,  0,  0,  0,  0,  0,  0,  9,  0,  0,  5,  0,  6,  0,  0, ],
[ 0,  0,  0,  0,  0,  0,  0,  0,  0,  2,  0,  0,  0, 13,  1,  0,  0,  0,  0,  0,  0,  0,  0,  0, ],
[ 0,  0,  0,  0,  0,  0,  0,  0,  0,  0,  0,  0,  0,  0,  0,  0,  0,  0,  0,  0,  7,  0,  0,  0, ],
[ 6,  0,  0,  0,  0,  0,  0,  9,  0,  0,  0,  0,  0,  0,  0,  0,  0,  0,  0,  0,  0,  0,  0,  5, ],
[ 0,  0,  0,  0,  0,  0,  0,  0,  0,  0,  0,  0,  0,  0,  0,  0,  0,  0, 12,  0,  0,  0,  0,  0, ],
[ 0,  0,  0,  0,  0,  0,  0,  0,  0,  0,  0,  0,  0,  0,  0,  0,  0,  0,  0,  0,  7,  0,  0,  0, ],
[ 0,  6,  0,  7,  0,  0,  0,  0,  0,  7,  5,  0,  0,  0,  1,  0,  0,  0,  0,  0,  0,  0,  0,  0, ],
[ 0,  0,  0,  0,  0,  0,  0,  0,  0,  0,  0,  0,  0,  0,  0,  0,  8,  0,  0,  0,  0,  0,  0,  0, ],
[ 0,  0,  0,  0,  0,  0,  0,  0,  0,  0,  0,  0,  0,  0,  6,  0,  0,  0,  0,  0,  0,  0,  5,  0, ],
[ 0,  0,  0,  0,  1,  0,  0,  0,  0,  0,  0,  0,  0,  0,  0,  0,  0,  8,  0,  0,  0,  0,  0,  0, ],
[ 0,  0,  0,  0,  0,  0,  0, 10,  0,  0,  0,  0,  0,  0,  0,  0,  0,  0,  0,  0,  0,  0,  0,  0, ],
[ 0,  0,  0,  0,  0,  0,  0,  0,  0,  0,  0,  0,  0,  0,  0,  0,  1,  0,  0,  0,  0,  0,  0,  0, ],
[ 0,  0,  0,  0,  7,  0,  0,  8,  0,  0,  0,  0,  0,  0,  0,  0,  0,  0,  6,  0,  0,  0,  0,  0, ],
[ 3,  0,  0,  0,  0,  0,  0,  0,  0,  0, 14,  0,  0,  0,  0,  0,  0,  0,  0,  0,  0,  0, 13,  0, ],
[ 0,  0,  0,  0,  0,  0,  0,  0,  0,  0,  0,  0,  0,  0,  0,  0,  0,  4,  0,  0,  0,  0,  0,  0, ],
[ 0,  0,  0,  4,  7,  0,  0,  0,  2,  0,  0,  0,  0,  0,  1,  0,  9,  0,  0,  0,  0,  0,  0,  0, ],
[ 0,  0,  0,  0,  0,  0,  0,  0,  0,  8,  0,  0,  0,  0,  1,  0,  0,  0,  0,  0,  0,  0,  0,  0, ],
[ 6,  0,  0,  0,  0,  0,  0,  0,  0,  0, 13,  0,  0,  0,  0,  0,  0,  0,  0,  0,  0,  0,  0,  0, ],
[ 0,  0,  0,  0,  0,  0,  0,  0, 13,  0,  0,  0,  0,  0,  0,  0,  0,  0,  0,  0,  0,  0,  0,  0, ],
[ 0,  0,  0,  0,  0, 12,  0,  0,  0,  0,  0,  0,  0,  0,  0,  0,  0,  0,  0,  7, 11,  0,  0,  0, ],
[ 0,  0,  0,  0,  0,  0,  0,  0,  0,  0,  0,  0,  0,  0,  0,  0,  0,  0,  0,  0,  0,  0,  0,  0, ],
[ 0,  0,  0,  0,  0,  0,  0,  0,  0,  0,  0,  0,  0,  0,  0,  0,  0,  0,  0,  0,  0,  0,  0,  0, ],
[ 0,  6,  0,  0,  0,  0,  1,  0,  0,  0, 13,  0,  0,  0, 10,  0,  0,  0,  5,  0,  0,  0,  4,  0, ],
[ 0,  0,  0,  0,  0,  0,  0,  0,  0,  0,  0,  0,  0,  0,  0,  0,  0,  0,  0,  0,  0,  0,  0,  0, ],
[ 0,  0,  0,  0,  0,  0,  3,  0,  0,  0,  0,  0,  0,  0,  0,  0,  0, 10,  0,  8,  0,  0,  0,  0, ],
[ 0,  0,  0,  0,  0,  0,  0,  0,  0,  0,  0,  0,  0,  0,  0,  0,  0,  0,  2,  0,  0,  0,  0,  0, ],
[ 1,  0,  0, 13,  0,  0,  0,  0,  0,  0,  0,  0,  0,  0,  0,  0,  0,  0,  0,  0,  0,  0,  0,  0, ],
[ 0,  0,  0,  0,  0,  0,  0,  0,  0,  0,  0,  0,  0,  0,  0,  0,  0,  0, 11,  0,  0,  0,  0,  0, ],
[ 0,  0,  5,  0,  0,  0,  0,  0,  0,  0,  0,  0,  0,  0,  0,  0,  0,  0,  0,  0,  0,  0,  0,  0, ],
[ 0,  0,  0,  0,  0,  0,  0,  0,  0,  0,  0,  0,  0,  0,  0,  0,  0,  0,  0,  0,  0,  0,  0,  6, ],
[ 0,  0,  0,  0,  0,  0,  0,  0,  0,  0,  0,  4,  0,  0,  0,  0,  0,  0,  0,  0,  0,  0,  0,  0, ],
[ 0,  0,  0,  0,  0,  0,  0,  0,  0, 10,  0, 10,  0,  0,  0,  0,  0,  0,  0,  0,  0,  0,  0,  0, ],
[ 0,  0,  0,  0,  0,  0,  0,  0,  2,  0,  0,  0,  0,  0,  0,  0,  6,  0,  0,  0,  0,  0,  0,  0, ],
[ 0,  0,  0,  0,  0,  0,  0,  0,  0, 12,  0,  0,  0,  0,  0,  0,  0,  0,  0,  0, 13, 11,  0,  0, ],
[ 0,  0,  0,  0,  0,  0,  0,  0,  0,  0,  0,  0,  0,  0,  0,  0,  0,  0,  0,  0,  0,  0,  0,  0, ],
[ 0,  0,  1,  0, 13,  4,  0,  0,  0,  0,  5,  0,  0,  0,  0,  0,  0, 10,  0,  0,  0,  0,  5,  0, ],
[ 0,  0,  0,  0,  0,  0,  0,  0,  0,  0,  0,  0,  0,  0,  0,  0,  0,  0,  0,  0,  0,  0,  0,  5, ],
[ 0,  6,  0,  0,  0,  0,  0,  0,  0, 11,  0,  0,  0,  0,  0, 10,  8,  0,  0,  0,  0, 13,  0,  0, ],
[ 0,  0,  8,  5, 11, 12,  3,  0,  0,  0,  0,  0,  0,  0,  0,  0,  7,  0,  0,  0,  0,  0,  0,  0, ],
[ 0,  0,  0,  0,  0, 14,  0,  0,  0,  0,  0,  1,  0,  0,  0,  0,  0,  0,  0,  0,  0,  0, 11,  0, ],
[ 0,  6, 14, 14,  0,  0,  0,  0,  0,  0,  0,  0,  0,  0,  0,  0,  0,  0,  0,  0,  0,  0,  0,  0, ],
[ 0,  0,  0,  2,  0,  0,  0,  0,  0,  0,  0,  0,  0,  0,  0,  4,  0,  0, 13,  0,  0,  0,  0,  0, ],
[ 0,  0,  0,  0,  0,  5,  0,  0,  0,  0,  0,  0,  0,  0,  0,  0,  4, 12,  0,  0,  0, 10, 13,  0, ],
[ 0,  0,  0,  0,  0,  0,  0,  0,  0,  0,  0,  0,  0,  0,  0,  0,  0,  0,  0,  0,  0,  0,  0,  0, ],
[ 0,  0,  0,  0,  0,  0,  0,  0,  0,  0,  0,  0,  0,  0,  2,  8,  0,  0,  8,  0,  0, 12,  0,  0, ],
[ 0,  0,  0,  0,  0,  0,  0,  0,  6,  0,  0,  0,  0,  0,  0,  0,  0,  0,  0,  4,  0,  0,  0,  0, ],
[ 0,  0,  0,  0,  0,  0,  1,  0,  0,  0,  0,  0,  5,  0,  0,  0,  0,  0,  0,  0,  0,  0,  0,  0, ],
[ 0,  0,  0,  0,  0,  0,  0,  0, 10,  0,  0,  0,  0,  0,  0,  0,  0,  0,  0,  0,  0,  0,  0,  0, ],
[ 0,  0,  0,  0, 11,  0,  0,  0,  0,  0,  0,  0,  0,  0,  0,  0,  0,  0,  0,  0,  0,  0,  0,  0, ],
[ 0,  4,  0,  0,  0,  0,  0,  5,  0,  0,  0,  0,  0,  1,  0,  9,  0,  0,  2,  0,  0,  0,  0,  0, ],
[13,  0,  0,  0,  0,  0,  0,  0,  0,  0,  0,  0,  0,  0,  0,  3,  0,  0,  0,  0,  0,  0,  0,  0, ],
[ 0,  0,  0,  0,  0,  0,  0,  4,  9,  0,  9,  0,  0,  0,  7,  9,  0,  0,  0,  0,  0,  0,  0, 13, ],
[ 0,  0,  0,  0,  2,  0,  0,  0,  0,  0, 12,  0,  0,  0,  0,  0,  0,  0,  0,  0,  0,  0,  0,  0, ],
[ 0,  0,  0,  0,  0,  0,  0,  0,  0,  0,  0,  0,  0,  0,  0,  0,  0,  0,  7,  0,  0,  0,  0,  0, ],
[ 0,  0,  0,  0,  0,  0, 10,  0,  0,  0,  0,  0,  0,  0,  0, 12,  0,  0,  4,  0,  0,  0,  0,  0, ],
[ 0,  0,  0,  0,  0,  0,  0,  0,  7,  0,  0,  0,  0,  0,  0,  0,  0,  0,  0,  0,  0,  3,  0,  0, ],
[ 0,  0,  0,  0,  0,  0,  0,  0,  0,  0,  0, 12,  0,  0,  0,  0,  0,  3,  0,  0,  0,  0,  0,  0, ],
[ 0,  0,  7,  0,  0,  0,  0,  0,  0,  0,  0,  0,  0,  0,  0,  0,  0,  0,  0,  0,  0,  0,  8,  0, ],
[ 0,  0,  0, 10,  0,  0, 12,  1,  0,  0,  0,  0,  0,  1,  0,  0,  0,  0,  0,  4,  0,  0,  0,  0, ],
[ 0,  0,  0,  0,  0,  0,  0,  0,  0,  0,  0,  1,  0,  0,  0,  0,  0,  5,  0,  0,  0,  0,  0,  0, ],
[ 0,  0,  0,  0,  0,  0,  0,  0,  0,  0,  0,  0,  0,  0,  0,  0,  0,  0,  0,  0,  0,  0,  0,  0, ],
[ 0,  0,  0, 14,  0,  0,  0,  0,  0,  0, 13,  0,  0,  0,  0,  0,  0,  0,  0,  0, 14,  0,  6,  0, ],
[ 0,  0,  0,  0,  0,  0,  0,  0,  0,  0,  0,  0, 13,  0,  0,  0,  5,  0,  0, 14,  0,  0,  0,  0, ],
[ 0,  0,  0,  0,  0,  0,  0,  0,  0,  0,  0,  5,  0,  0,  0,  0,  0,  0,  0,  0,  0,  0,  0,  0, ],
[ 0,  0,  0,  0,  0,  0,  0,  0,  0,  7,  0,  0,  0,  0,  9,  0,  0,  0,  0,  0,  0,  0, 11,  0, ],
[ 0, 11,  0,  0,  0,  6,  0,  0,  0,  0,  0,  0,  0,  0, 14,  0,  0,  0,  0,  0,  1,  0,  0,  0, ],
[ 0,  0,  0,  0,  0,  0,  0,  0,  0,  0,  0,  0,  0,  0,  0,  8,  0,  0,  0,  0,  0,  0,  0,  0, ],
[ 0,  0,  0,  0,  0,  0,  0,  0,  0,  0,  4,  0,  0,  0,  0,  0,  0,  0,  9,  6,  0,  0,  0,  0, ],
[ 0,  0,  0,  0,  0,  0,  2,  0,  0,  0,  0,  0,  0,  0,  0,  0,  0,  0,  0,  0,  3,  0,  4,  0, ],
[ 0,  0,  5,  0,  0,  0,  0,  0,  0,  0,  0,  0,  0,  0,  0,  0,  0,  0,  2,  0,  0,  0,  8,  0, ],
[ 0,  0,  0,  0,  0,  0,  0,  0,  0,  0,  0,  0,  0,  0,  0,  0,  0,  0,  0,  0, 11,  0,  0,  0, ],
[ 0,  0,  0,  0,  0, 14,  0,  0,  0,  0,  0,  0,  0,  0,  2,  6,  0,  0,  0,  0, 10,  0,  0,  0, ],
[ 0,  0,  0,  0,  0,  0,  0,  0,  0,  0,  0,  0,  0,  0,  0,  0,  0,  0,  0,  9,  0,  0,  0,  0, ],
[ 8,  0,  0,  0,  0,  0,  0,  0,  0,  0,  0,  0,  0,  0,  0,  0,  0,  0,  0,  0,  0,  0,  0,  0, ],
[ 4,  0,  0,  0,  0,  0,  0,  0,  0,  0,  0,  0,  0,  0,  0,  0,  0,  0,  4,  0,  0,  0,  0,  0, ],
[ 0,  0,  0,  0, 14,  6,  0,  0,  0,  0,  0,  9,  0,  0,  0,  0,  0,  0,  0,  0,  0,  0,  0,  0, ],
[ 0,  0,  0,  0, 11,  0,  0,  0,  0,  0,  0,  0,  0,  0,  0,  0,  0,  0,  0,  0,  0,  0,  0,  9, ],
[ 4,  0,  0,  2,  0,  0,  0,  0,  0,  0,  0,  0,  0, 14,  0,  0,  0,  0,  0,  0,  0,  0,  0, 14, ],
[ 0,  0,  0,  0,  0,  0,  0,  0,  0,  0,  0,  0,  0,  0,  0,  0,  0,  0,  0,  0,  0,  0,  0,  0, ],
[ 0,  0,  0,  0,  0,  0,  0,  0,  0,  0,  0,  0,  0,  0,  0,  0,  0,  0,  0, 14,  0,  0,  0,  0, ],
[ 0,  0,  0,  2,  0,  0,  5,  8,  2,  0,  0,  0,  0,  0,  0,  0,  0,  7,  0,  0,  2,  0,  0,  0, ],
[ 0,  0,  0,  0,  0,  0,  0,  0,  0,  0,  0,  0,  0,  0, 10,  0,  0,  0,  0,  0,  0,  0,  0,  0, ],
[ 0,  0,  0,  0,  0, 11,  0,  0,  0,  0,  0,  0,  0,  0,  0,  0,  0,  0,  0,  0,  6,  0,  9,  0, ],
[ 0,  8,  0,  0,  0,  0,  8,  0,  0,  0,  0,  0,  0,  0,  0,  0,  0,  0,  0,  0,  0,  0, 11,  0, ],
[ 1,  0,  0,  0,  0,  0,  0,  0,  0,  0,  0,  9,  0,  0,  0,  0,  0,  0,  0,  0, 12,  0,  0,  0, ],
[ 0,  0,  0,  0,  0,  0,  0,  0,  0,  0,  0,  0,  0, 12,  0,  0,  2,  0,  0,  0,  0,  0,  0,  0, ],
[ 0,  0,  0,  0,  0,  0,  0,  0,  0,  0,  0,  2,  0,  0,  0,  0,  0,  0,  0,  0,  0,  0,  0,  2, ],
[ 0, 12,  0,  0,  0,  0,  0,  0,  0,  0,  0,  0,  0,  0,  6,  0,  0,  0,  0,  0,  0,  0,  5,  0, ],
[ 0,  0,  0,  8,  0,  0,  0,  0,  0,  0, 12,  0,  0,  0,  0,  0,  0,  0,  8,  0, 12,  0,  0,  6, ],
[ 0,  0,  0,  0,  0,  0,  4,  0,  7,  0,  0,  0,  0,  0,  0, 14,  0,  0,  0,  0,  0,  0,  0,  0, ],


[0.3274, -0.2349, ],
[0.0936, -0.8552, ],
[0.0757, 0.4824, ],
[1.0000, 0.2335, ],
[-0.3226, 0.9113, ],
[0.5352, 0.0320, ],
[-0.6489, -0.9706, ],
[0.2250, 0.4931, ],
[0.8652, -0.6367, ],
[-0.6910, 0.6284, ],
[0.5222, -0.1487, ],
[-0.1094, -0.4308, ],
[0.1884, -0.2279, ],
[0.5722, 0.4984, ],
[0.1310, 0.4680, ],
[-0.4235, -0.1375, ],
[-0.3817, -0.6248, ],
[-0.0684, -0.7338, ],
[0.5040, 0.4641, ],
[0.3251, -0.6587, ],
[0.8370, 0.6812, ],
[0.4034, -0.5700, ],
[0.6205, -0.1139, ],
[0.3830, -0.7224, ],
[0.8457, -0.7265, ],
[0.0282, 0.2175, ],
[0.5163, 0.5958, ],
[0.2500, -0.4322, ],
[0.4287, 0.2947, ],
[0.7307, 0.4700, ],
[-1.0000, 0.3463, ],
[-0.0235, 0.4126, ],
[0.7106, -0.3516, ],
[0.4077, 0.8913, ],
[0.1747, 0.6937, ],
[-0.7750, -0.0942, ],
[0.5075, -0.3664, ],
[-0.5056, 0.0068, ],
[1.0000, -0.4119, ],
[0.9439, 0.6104, ],
[0.6490, -0.8416, ],
[-0.0324, 0.2151, ],
[0.7551, -0.1699, ],
[0.4204, -0.8741, ],
[0.7378, 0.6555, ],
[0.7675, -0.1462, ],
[0.8231, -0.2652, ],
[-0.5134, -1.0000, ],
[-0.1486, 0.4757, ],
[0.8335, 1.0000, ],
[0.6545, -0.1825, ],
[0.6566, 0.1839, ],
[0.3651, -0.9378, ],
[0.1308, -0.7440, ],
[0.5487, 0.7822, ],
[0.5846, -0.3786, ],
[0.6639, 0.0280, ],
[0.3906, 0.2771, ],
[-0.6714, 0.6015, ],
[0.0224, -0.5290, ],
[0.6626, 0.1862, ],
[-0.4520, 0.0478, ],
[-0.6715, 0.1549, ],
[0.1756, 0.2645, ],
[1.0000, 0.0141, ],
[0.2623, -0.2003, ],
[0.8875, 0.9109, ],
[0.3294, -0.4880, ],
[-0.9341, 0.9222, ],
[0.6971, 0.0127, ],
[-0.3849, 0.5388, ],
[0.1495, 0.4420, ],
[-0.1938, 0.2494, ],
[-0.1339, -0.4586, ],
[0.4249, 1.0000, ],
[-0.6752, -0.1299, ],
[0.7120, 0.1391, ],
[0.9785, 0.9585, ],
[0.0671, 0.1335, ],
[-0.5580, -0.1529, ],
[0.4061, -0.8745, ],
[-0.0929, 0.3887, ],
[-1.0000, 0.0986, ],
[-0.5096, 0.7448, ],
[-0.7607, 0.0184, ],
[-0.1423, -0.3562, ],
[0.2822, 0.5990, ],
[1.0000, 0.0655, ],
[0.5298, -0.6669, ],
[0.1714, -0.2275, ],
[-0.4867, -0.2890, ],
[0.2745, -0.4081, ],
[0.0519, 0.5829, ],
[-0.5694, -0.1750, ],
[-0.9050, -0.8868, ],
[-0.4728, -0.3396, ],
[-0.4644, 0.0358, ],
[1.0000, 0.3506, ],
[0.7665, 0.1989, ],
[0.3245, -0.7926, ],


[2.0000, ],
[3.0000, ],
[3.0000, ],
[3.0000, ],
[0.0000, ],
[6.0000, ],
[0.0000, ],
[4.0000, ],
[0.0000, ],
[3.0000, ],
[12.0000, ],
[6.0000, ],
[3.0000, ],
[8.0000, ],
[4.0000, ],
[3.0000, ],
[12.0000, ],
[3.0000, ],
[5.0000, ],
[4.0000, ],
[4.0000, ],
[1.0000, ],
[9.0000, ],
[10.0000, ],
[2.0000, ],
[10.0000, ],
[4.0000, ],
[7.0000, ],
[4.0000, ],
[11.0000, ],
[0.0000, ],
[0.0000, ],
[16.0000, ],
[0.0000, ],
[9.0000, ],
[1.0000, ],
[5.0000, ],
[4.0000, ],
[2.0000, ],
[3.0000, ],
[2.0000, ],
[8.0000, ],
[4.0000, ],
[12.0000, ],
[0.0000, ],
[15.0000, ],
[2.0000, ],
[18.0000, ],
[18.0000, ],
[9.0000, ],
[11.0000, ],
[7.0000, ],
[16.0000, ],
[0.0000, ],
[11.0000, ],
[5.0000, ],
[3.0000, ],
[4.0000, ],
[4.0000, ],
[9.0000, ],
[6.0000, ],
[18.0000, ],
[5.0000, ],
[3.0000, ],
[10.0000, ],
[5.0000, ],
[6.0000, ],
[6.0000, ],
[12.0000, ],
[3.0000, ],
[0.0000, ],
[15.0000, ],
[10.0000, ],
[2.0000, ],
[10.0000, ],
[12.0000, ],
[3.0000, ],
[8.0000, ],
[5.0000, ],
[6.0000, ],
[4.0000, ],
[12.0000, ],
[3.0000, ],
[3.0000, ],
[4.0000, ],
[10.0000, ],
[7.0000, ],
[11.0000, ],
[0.0000, ],
[4.0000, ],
[11.0000, ],
[4.0000, ],
[10.0000, ],
[10.0000, ],
[8.0000, ],
[5.0000, ],
[2.0000, ],
[9.0000, ],
[17.0000, ],
[9.0000, ],


