[ 4,  0,  0,  0,  0,  0,  0,  0,  0,  0,  0,  0,  0,  9,  0,  0,  0,  9,  0,  0,  0,  0,  0,  0, ],
[ 0,  0,  0,  0,  0,  0,  0,  0,  0,  0, 10,  0,  0,  0,  0,  0,  0,  0,  0,  0,  0,  0,  0,  0, ],
[ 0,  0,  0,  0,  0,  0,  9,  0,  0,  0,  0,  0,  0,  0,  0,  0, 13,  0,  0,  8,  0,  0,  0,  0, ],
[ 0,  0,  0,  8,  0,  0,  0,  0,  0,  0,  0,  0,  0,  0,  0,  0,  0,  6,  0,  0,  0,  0,  0,  0, ],
[ 0,  0,  0,  0,  0,  0,  0,  0,  0,  0,  0,  0,  0,  0,  0,  0,  0,  0,  0,  0,  0,  0,  6,  0, ],
[ 0,  0,  0,  0,  0,  0,  0,  0,  0,  0,  0,  0,  0,  0,  9,  0,  0,  0,  0,  0,  0,  0,  0,  0, ],
[ 0,  0,  0,  0,  0,  0,  0,  0,  0,  0,  0,  0,  1,  0,  0,  4,  0,  0,  0,  0,  0,  0,  0,  0, ],
[ 0,  0,  0,  0,  0,  0,  0,  0,  6,  0, 10,  0,  0,  0,  0,  0,  0,  0,  0,  0,  0,  0,  0,  0, ],
[ 5,  0,  0,  0,  0,  0,  0,  0,  0,  0,  0,  0,  0,  0,  0,  0,  0,  0,  0,  0,  0,  0,  0,  1, ],
[ 0,  0, 10,  0,  0,  7,  6,  0,  0,  0,  0,  0,  0,  0,  0,  0,  0,  9,  0,  0,  0,  0,  0,  0, ],
[ 2,  0,  0,  0,  0,  0,  8,  0,  0,  0,  0,  0,  1,  0,  4,  0,  0,  0,  0,  0,  0, 12,  0,  0, ],
[ 0,  0,  0,  0,  0,  0,  0,  0,  0,  0,  0,  0,  0, 14,  1,  0,  0,  0,  0,  0,  0,  0,  0,  0, ],
[ 0,  0,  0,  0,  0,  0,  0,  0,  0,  0,  0,  0,  0,  0,  0,  0,  0,  0,  0,  0,  0,  0,  0,  0, ],
[ 0,  0,  0,  0,  2,  0,  0,  2,  0,  0,  0,  0,  0,  0,  0,  0,  0,  0,  4,  0,  0,  0,  0,  0, ],
[ 0,  0,  0,  0,  0,  0,  0,  0,  0,  0,  0,  0,  0,  0,  0,  0,  0,  0,  0,  0,  0,  1,  0,  0, ],
[ 0,  0,  0,  0,  0,  0,  2,  0,  0,  0,  0,  0,  0,  0,  0,  0,  0,  0,  0, 11,  0,  0,  0,  0, ],
[ 0,  0,  0,  0,  0,  0,  0,  0,  0,  0,  0,  0,  7,  0,  0,  0,  6,  0,  0,  0,  0,  0,  0, 13, ],
[ 0,  0,  0,  0,  0,  0,  0, 14,  0,  0,  0,  6,  0,  0,  0,  0,  0,  0,  0,  0,  0,  0,  0,  0, ],
[ 0, 11,  0,  0,  1,  0,  0,  0,  0,  0,  0,  0,  0,  0,  0,  0,  0,  0,  0,  0,  0,  0,  0,  0, ],
[11,  0,  7,  0,  0,  0,  0,  0,  0,  0,  0,  0,  0,  0,  0,  0,  0,  0,  0,  0,  0,  0,  0,  0, ],
[ 0,  0,  0,  0,  0,  7,  0,  0,  0,  6,  0,  0,  0,  0,  0,  0,  0,  0,  0,  0, 14,  0,  0,  0, ],
[ 0,  0,  0,  0,  0,  0,  0,  0,  0,  0,  0,  0,  0,  0,  0,  0,  0,  0,  0,  0,  0,  0,  0,  0, ],
[ 0,  0,  0,  0,  0,  0,  0,  0, 10,  0,  0,  0,  0,  0,  0,  0,  0,  0,  0,  0,  0,  0,  0,  0, ],
[ 0,  0,  0,  0,  0,  0,  0,  0,  0,  0, 14,  0,  0,  0,  0,  0,  0,  0,  0,  0,  0,  0,  0,  0, ],
[ 0,  0, 10,  0,  0,  0,  0,  0,  8,  0,  0,  0,  0,  0,  0,  0,  0,  0,  0,  0,  0,  0,  0,  0, ],
[ 0,  0,  0,  0,  0,  0,  0,  2,  0,  0,  0,  0,  0,  0,  0,  0,  0,  0,  0,  0,  0,  0,  0,  0, ],
[ 0,  0,  0,  0,  0,  0,  8,  0,  0, 13,  0,  0,  0,  0,  1,  0,  0,  0,  0,  0,  9,  0,  0,  0, ],
[ 0,  0,  0,  0,  0,  0,  0,  0,  0,  0,  0,  0,  0,  0,  0,  0,  0,  0,  0,  0,  0,  0,  0,  0, ],
[ 8,  0,  0,  0,  0,  0,  0,  0, 13,  0,  0,  0,  0,  0,  0,  0,  0,  0, 11,  0,  0,  0,  0,  0, ],
[14,  0,  0,  0,  0,  0,  0,  0,  0,  0,  0,  0,  0,  0,  0,  0,  0,  1,  0,  0,  0,  0,  0,  0, ],
[ 0,  0,  0,  0,  0,  0,  0,  0,  0,  0,  2,  0,  0,  0,  0,  0,  0,  0,  0,  0,  0,  0,  0, 12, ],
[ 0,  0,  0,  0,  0,  0,  0,  0,  0,  0,  0,  0,  0,  2,  0,  0,  0,  0,  0,  0,  0,  0,  0,  0, ],
[ 0,  0,  0,  0,  0,  0,  0,  0,  0,  9,  0,  0,  0,  0,  0,  0,  0,  0,  0, 14,  0,  0,  0,  0, ],
[ 0, 12,  0,  0,  6,  0,  0, 10,  0,  3,  0,  0,  0,  0,  0,  0, 10,  0,  0,  0,  0,  0,  0,  0, ],
[ 0,  0,  0,  0,  0,  0,  0,  0,  0,  0,  0,  0,  0,  0,  0,  0,  0,  0,  0,  0,  0,  0,  0,  0, ],
[ 0,  0,  0,  9,  0,  0,  0, 13,  0,  0, 12,  0,  0,  0,  0,  0,  0,  0,  0,  0, 11,  0,  0,  0, ],
[ 0,  0,  0, 13,  0,  0,  0, 11,  0,  0,  0,  0,  0,  0,  0, 13,  0,  0,  0,  0,  0,  0,  0,  0, ],
[ 0,  0,  0,  0,  0, 12,  0,  0,  0,  0,  0,  0,  0,  0,  0,  0,  0,  0,  0,  0,  0,  0,  0,  0, ],
[ 0,  0,  0,  0,  0,  0,  0,  0,  4,  0,  0, 14,  0,  0,  0,  0,  0,  3,  0,  0,  0,  0,  0,  0, ],
[12, 10,  0,  0,  0,  0,  0,  0,  0,  0,  0,  0,  0,  0,  0,  0,  1,  0,  7,  0, 14,  0,  0,  0, ],
[ 0,  0,  0,  0,  0,  0,  0,  0,  0,  0,  0,  0,  0,  0,  0,  5,  0,  0,  0,  6,  0,  0,  0,  0, ],
[ 0,  0,  0,  0,  0,  0,  0,  0,  0, 10,  0, 10,  0,  0,  0,  0,  0,  0,  0,  0,  0,  0,  0,  0, ],
[12,  0,  0,  0,  0,  0,  0,  0,  7,  0,  0,  0,  0,  0,  0,  8,  0,  0,  0,  0,  0,  0,  0,  0, ],
[ 0,  0,  0,  0,  0,  0,  0,  0,  0, 12,  0,  0,  0, 10,  0,  0, 11,  0,  0,  0,  9,  0,  0,  0, ],
[ 0,  0,  0,  0,  0,  0,  0,  3,  0, 14, 12, 13,  0,  0,  0, 11,  8,  0,  7,  0,  0,  0,  0,  0, ],
[ 0,  0,  0,  0,  0,  0,  0,  0,  0,  0,  0,  0,  0,  0,  0,  0,  0,  0,  0,  0,  0,  0,  5,  0, ],
[ 0, 13,  0,  0,  0,  1,  0,  0,  5,  7,  0,  0,  0,  0,  0,  0,  0,  0,  0,  0,  0,  0,  0,  0, ],
[ 0,  0,  0,  0,  0,  0, 10,  0,  8,  0,  0,  0,  0,  0, 13, 10,  0, 10,  0,  0,  0,  0,  0,  3, ],
[ 0,  0,  0,  0,  0,  0,  3,  0,  0,  0,  0,  0,  0, 10,  0,  0,  7,  0,  0,  0,  0,  0,  0,  0, ],
[ 0,  0,  0, 10,  0,  0,  0,  0,  0, 12,  0,  1,  0,  0,  0,  0,  7,  0,  0,  0,  0,  0,  0,  0, ],
[ 0,  0,  0, 13,  0,  0,  0,  0,  0,  0,  0,  0,  0, 10,  0,  0,  0,  0, 11,  0,  0,  0,  0,  0, ],
[ 0,  0,  0,  0,  0,  0,  0,  0,  0,  0,  0,  0,  0,  0,  5,  0,  0,  7,  0,  0,  0,  0,  0,  0, ],
[ 0,  0,  0,  0,  0,  0,  0,  0,  0,  0,  0,  0,  0,  0,  0,  0,  0,  0,  0,  0,  0,  0,  0,  0, ],
[ 0,  0,  0,  0,  0,  0,  0,  1,  0,  0,  0,  0,  0,  0,  0,  0,  0,  0,  0,  0,  0,  0,  0,  0, ],
[12,  0,  0,  0,  0,  0,  0,  0,  0,  0,  0,  0,  0,  0,  0,  0,  9,  7,  0,  0,  0,  0,  0,  0, ],
[ 0,  0,  0,  0,  0,  0,  0,  0, 12,  0,  0,  0, 10,  0,  0,  0,  0,  0,  0,  0,  0,  0,  0,  0, ],
[ 0,  0,  0,  6,  0,  0,  0,  0, 10,  0,  0,  0,  0,  0,  0,  0,  0,  0,  0,  0,  0,  0,  0,  0, ],
[ 0,  0, 14,  0,  0,  0,  0,  0,  0,  0,  0,  0,  0,  4,  0,  0,  0,  0, 11,  0,  0,  0,  0,  0, ],
[ 0,  6,  0,  5,  0,  0,  0,  0,  0,  0,  8,  0,  0,  0,  0,  0,  3,  0,  0,  0,  0,  0,  0,  0, ],
[ 0,  0,  2,  0,  0,  0,  0,  0, 13,  0,  0,  0,  0,  0,  0,  0,  0,  0,  0,  0,  0,  0,  0,  0, ],
[ 0,  0,  0,  0,  0,  0,  0,  0,  0,  0,  0,  0,  0,  0,  0,  0,  6,  0,  0,  0,  0,  0,  0,  0, ],
[ 0,  0,  0,  0,  0,  0,  0,  0,  0,  0,  0,  0,  0,  0,  0,  0,  0,  0,  0,  0,  0,  0,  0,  8, ],
[ 0,  0,  0,  0,  0,  0,  0, 11,  1,  9,  0,  0,  0,  0,  0,  0,  0, 14,  0,  0,  0, 12, 10,  0, ],
[ 0,  0,  0,  0,  1,  0,  0,  0,  0,  0,  4,  0,  0,  0,  0,  0,  0,  0,  0,  0,  0,  0,  0,  0, ],
[ 0,  0,  0,  0,  0,  7,  0,  0,  0,  0,  0,  0,  6,  0,  0,  0,  0,  0,  0,  0,  0,  4,  0,  0, ],
[ 0,  0,  0,  0,  0,  0,  0,  2,  7,  0,  0,  0,  0,  0,  0,  0,  0,  0,  0,  0,  0,  0,  0,  0, ],
[ 8,  0,  0,  0,  0,  0,  8,  0,  0,  0, 11,  0,  0,  0,  0,  0,  0,  0,  0,  0,  0,  0,  0,  0, ],
[ 0,  0,  0,  0,  0,  0,  4,  0,  0,  0,  0,  0,  0,  0,  0,  0,  0,  0,  0,  0,  0,  0,  0,  0, ],
[ 0,  0,  0,  0,  0,  0,  0,  0,  0,  0,  0,  0,  0,  0,  0,  0,  0,  0,  0, 12,  0,  0,  0,  0, ],
[ 0,  0,  5,  0,  0,  0,  0,  0,  0,  0, 11,  0,  8,  0,  0,  0,  0,  8,  0,  0,  0,  8,  0,  0, ],
[ 0,  4,  0,  0, 11,  0,  0,  0, 13,  0,  8,  0,  0,  0,  0, 11,  0,  0,  0,  0,  0,  0,  0,  0, ],
[13,  0, 10,  0,  0,  0,  0,  0,  0,  0,  2,  0,  0,  0,  0,  0,  0,  0, 13,  0,  0, 13,  0,  0, ],
[ 0,  0,  0, 12,  0,  0,  0,  0,  0,  0,  0,  0,  6,  0,  0,  0,  0,  0,  0, 14,  0,  0,  0,  0, ],
[ 0,  0,  0,  0,  0,  0,  0,  0,  0,  0,  0,  0,  0,  0,  0,  0,  0,  0,  0,  0,  0,  0,  0,  0, ],
[ 0,  0,  2,  0,  0,  0,  0,  0,  0,  0,  0,  0,  0,  0,  0,  0,  3,  0,  0,  0,  0,  0,  0,  0, ],
[ 0,  0,  0,  0,  0,  0,  0,  0,  0,  0,  0,  0,  0,  7,  0,  0,  0,  0,  0,  0,  0,  0,  0,  0, ],
[ 0, 14,  0,  0,  0,  0,  0,  0,  0,  0,  0,  0,  0,  0,  0,  0,  0,  0,  0,  0,  0,  0,  0,  0, ],
[ 5,  2,  0,  0,  0,  0,  0,  0,  0,  0,  0,  0,  0,  0,  0,  0,  0,  0,  0,  6,  0,  0,  0,  0, ],
[ 0,  0,  0,  0,  0,  0,  2,  0,  0,  0,  0,  0,  0,  0,  0,  1,  0,  0,  0,  0,  0,  0,  0,  0, ],
[ 0,  0,  0,  0, 11,  0,  0,  0,  0,  0,  0,  0,  0,  0,  0,  0,  0,  0,  0,  0,  0,  0,  0,  0, ],
[ 0,  0,  0,  0,  0,  0,  0,  0,  0, 14,  0,  0,  0,  0,  0,  0,  0,  0,  0,  9,  0,  0,  0,  0, ],
[ 0,  0,  0,  0,  0, 14,  0,  0,  0,  0,  0,  0,  5,  0,  0, 10,  0,  0,  0,  0,  0,  0,  0,  6, ],
[ 0,  0,  0, 14,  0,  0,  0, 11,  0,  0,  0,  0,  0,  0, 11,  1,  0,  0,  8,  0,  2,  0,  0,  0, ],
[ 0,  0,  3,  0, 11,  0,  0,  0,  0,  0,  0,  0,  0,  0,  0,  0,  0,  0,  0,  0,  0,  0,  0,  9, ],
[ 0,  0,  0,  0,  0,  0,  0,  4,  0,  0,  0,  0,  0,  0,  0,  0,  0,  0,  4,  0,  0,  0,  0,  0, ],
[ 0,  0,  0, 13,  0,  0,  4,  0,  0,  0,  0,  0,  0,  0,  0,  1,  0,  0,  0,  0,  0,  0,  0,  0, ],
[ 0,  0,  0,  0,  1,  0,  0,  0,  0,  0,  0,  0,  0,  0,  0,  0,  0,  0,  0,  0,  0,  0,  0,  3, ],
[ 0,  0,  0,  0,  0,  0,  0,  0,  0,  0,  0,  0,  0, 10,  0,  0,  5,  0, 14,  0,  0,  0,  0,  0, ],
[ 0,  0,  0,  0,  0,  0, 10,  0,  0,  0,  0,  3,  0,  0,  0,  0,  0,  0,  0,  0,  0,  0,  0,  0, ],
[ 0,  0, 11,  0,  7,  0,  0,  0,  0,  0,  0,  0,  0,  0,  0,  0,  0,  0,  0,  0,  0,  0,  0,  0, ],
[ 0,  0,  0,  0,  0,  0, 13,  0,  0,  0,  0,  0,  0,  0,  0,  0,  0,  0,  0,  0,  0,  0,  0,  0, ],
[ 0,  0,  0,  0,  0,  2,  0,  0,  0,  0,  0,  0,  0,  0,  0,  0,  0,  0,  0,  0,  0,  0,  2,  0, ],
[ 0,  0, 13,  0,  0,  0,  0,  0,  0,  0,  0,  0, 11,  0,  0,  0,  9,  0,  0,  0,  0,  0,  0,  0, ],
[ 0,  8,  0,  0,  0,  0,  0,  4,  0,  0,  0,  0,  0,  0,  0,  0,  0,  0,  0,  0,  0,  6, 11,  0, ],
[ 0,  0,  0,  0,  0,  0,  0,  0,  7,  0,  0,  0,  0,  0,  0,  0,  0,  0,  0,  0,  0,  0,  0, 11, ],
[ 9,  0,  0,  0,  0,  0,  0,  0,  0,  0,  0,  0,  0,  0,  0,  0,  0,  0,  0,  0,  0,  0,  0,  0, ],
[ 0,  0,  0,  0,  0,  0,  0,  0,  0,  0,  0,  0,  0,  5,  0,  0,  0,  0,  0,  0,  0,  0,  0,  0, ],
[ 9, 12,  0,  0,  0,  0,  0,  0,  0,  0,  0,  0,  0,  0,  0,  0,  0,  0,  0,  0,  0,  0,  0,  0, ],
[ 0,  0,  0,  0,  0,  0,  0,  0,  0,  0,  0,  0,  0,  0,  0,  0,  0,  0,  8,  0,  0,  0,  0,  0, ],
[ 0,  0,  0,  0,  0,  0,  0,  6,  0,  0,  0,  0,  9,  0,  0,  0,  0,  0,  7,  0,  0,  0,  0,  0, ],


[0.9334, -0.9825, ],
[-0.1796, -0.2687, ],
[0.0489, -0.4578, ],
[-0.2311, 0.0413, ],
[0.8679, 1.0000, ],
[0.4319, -0.2573, ],
[-0.7007, 0.3886, ],
[0.1491, 0.3788, ],
[0.8568, 0.3737, ],
[-0.3240, 0.2671, ],
[-0.7752, -0.2853, ],
[-0.0702, -0.4763, ],
[0.2861, -0.7918, ],
[0.6843, 0.3957, ],
[0.6143, 0.5290, ],
[-0.6361, -0.1915, ],
[-0.3817, -0.3229, ],
[0.1601, 0.9840, ],
[0.5874, 0.1054, ],
[0.5284, -0.9291, ],
[0.9754, 0.2907, ],
[0.2961, 0.0236, ],
[0.6455, -0.1775, ],
[1.0000, -0.1796, ],
[0.8263, 0.0218, ],
[0.3026, -0.0677, ],
[-1.0000, -0.2846, ],
[0.1395, -0.4795, ],
[0.6849, 0.4561, ],
[-0.4029, -0.5838, ],
[-0.5565, 0.3850, ],
[0.0994, 0.5525, ],
[-0.9946, -0.4020, ],
[0.3628, 0.8913, ],
[0.1747, -0.1683, ],
[0.0334, 0.1971, ],
[0.5075, -0.3885, ],
[0.4975, -0.3138, ],
[1.0000, 0.9702, ],
[0.8271, 0.4709, ],
[0.5101, -0.7053, ],
[0.0250, 0.3062, ],
[0.3320, -0.1176, ],
[0.5051, -0.8318, ],
[0.7851, -0.2164, ],
[0.2136, 0.8498, ],
[0.2130, -0.2889, ],
[-0.5838, -0.1406, ],
[-0.8680, -0.6441, ],
[0.7624, 0.8791, ],
[0.4692, -0.0591, ],
[0.0885, -0.4706, ],
[0.1344, -0.7894, ],
[0.0581, -0.6759, ],
[-0.4028, 0.3399, ],
[0.6900, -0.4959, ],
[0.6523, -0.1510, ],
[-0.6208, 0.1412, ],
[-0.6714, 0.4505, ],
[0.1855, -0.6061, ],
[0.3085, 0.1864, ],
[-0.5620, 0.2344, ],
[-0.6715, 0.0135, ],
[0.2066, 0.1791, ],
[1.0000, 0.0141, ],
[0.2507, -0.8882, ],
[0.2899, 0.2439, ],
[0.3294, -0.4448, ],
[0.2666, 0.1008, ],
[0.8080, 0.0883, ],
[0.9327, 0.7046, ],
[0.1824, 0.3853, ],
[-0.2654, 0.3321, ],
[-0.3074, -0.4660, ],
[-0.7947, 0.5791, ],
[-1.0000, -0.2645, ],
[0.8635, -0.1995, ],
[1.0000, 0.9585, ],
[0.0671, 0.1335, ],
[1.0000, -0.4448, ],
[-0.4463, -1.0000, ],
[-0.0828, 0.6455, ],
[-1.0000, 0.9696, ],
[-0.1479, 0.7501, ],
[-0.2813, -0.1021, ],
[-0.5275, -0.3963, ],
[-0.0311, 0.5990, ],
[0.7799, 0.4987, ],
[-0.1857, -0.6787, ],
[0.4826, -0.1680, ],
[-0.4157, -0.2176, ],
[-0.0107, 0.9150, ],
[0.0519, -0.6028, ],
[0.9163, -0.4704, ],
[-0.1560, -0.9472, ],
[-0.4728, 0.1276, ],
[-0.7111, 0.4587, ],
[0.6032, 0.3271, ],
[0.7091, 0.3450, ],
[0.3245, 0.8196, ],


[8.0000, ],
[4.0000, ],
[10.0000, ],
[6.0000, ],
[3.0000, ],
[3.0000, ],
[3.0000, ],
[7.0000, ],
[3.0000, ],
[13.0000, ],
[11.0000, ],
[5.0000, ],
[0.0000, ],
[4.0000, ],
[1.0000, ],
[5.0000, ],
[10.0000, ],
[7.0000, ],
[5.0000, ],
[7.0000, ],
[10.0000, ],
[0.0000, ],
[4.0000, ],
[4.0000, ],
[7.0000, ],
[1.0000, ],
[11.0000, ],
[0.0000, ],
[11.0000, ],
[5.0000, ],
[5.0000, ],
[1.0000, ],
[7.0000, ],
[17.0000, ],
[0.0000, ],
[15.0000, ],
[12.0000, ],
[4.0000, ],
[8.0000, ],
[16.0000, ],
[5.0000, ],
[8.0000, ],
[10.0000, ],
[15.0000, ],
[24.0000, ],
[2.0000, ],
[10.0000, ],
[21.0000, ],
[9.0000, ],
[12.0000, ],
[12.0000, ],
[5.0000, ],
[0.0000, ],
[1.0000, ],
[10.0000, ],
[8.0000, ],
[7.0000, ],
[10.0000, ],
[10.0000, ],
[5.0000, ],
[3.0000, ],
[3.0000, ],
[20.0000, ],
[3.0000, ],
[8.0000, ],
[4.0000, ],
[10.0000, ],
[2.0000, ],
[4.0000, ],
[15.0000, ],
[17.0000, ],
[17.0000, ],
[11.0000, ],
[0.0000, ],
[3.0000, ],
[3.0000, ],
[4.0000, ],
[6.0000, ],
[2.0000, ],
[4.0000, ],
[7.0000, ],
[13.0000, ],
[17.0000, ],
[9.0000, ],
[4.0000, ],
[7.0000, ],
[3.0000, ],
[10.0000, ],
[6.0000, ],
[7.0000, ],
[4.0000, ],
[2.0000, ],
[11.0000, ],
[12.0000, ],
[7.0000, ],
[3.0000, ],
[2.0000, ],
[7.0000, ],
[3.0000, ],
[9.0000, ],


