[ 4,  0,  0,  0,  0,  0,  0,  0,  0,  0,  0,  5,  0,  0,  0,  2,  0,  0,  0,  0,  0,  0,  0,  0, ],
[ 0,  0,  0,  0,  0,  0,  0,  0, 14,  0,  0,  0,  0,  0,  0,  0,  0,  0,  0,  0,  0,  0,  0,  0, ],
[ 0,  0,  0,  3,  0,  0,  0,  0,  0,  0,  0,  0,  0,  8,  0,  0,  0,  0,  0,  8,  1,  0,  0,  3, ],
[ 0,  0,  0,  0,  0,  0,  0,  0,  0,  0,  0,  0,  0,  0,  0,  1,  0,  0,  0,  0,  0,  0,  0,  0, ],
[ 0,  0,  0,  0,  0,  0,  0, 12,  0,  0,  0,  0,  0, 11,  0,  0,  0,  3,  0,  0,  0,  0,  0,  0, ],
[ 0,  0,  0,  0,  0,  0,  0,  0,  0,  0,  0,  0,  0,  0,  0,  0,  0,  0,  0,  0,  0,  0,  0,  0, ],
[ 0,  4,  0,  0,  0,  0,  0,  1,  0,  0,  0,  0,  0,  7,  0,  0,  0,  0,  0,  0,  0,  0,  0,  0, ],
[ 0,  0,  0,  0,  0,  0,  0,  0,  6,  0, 10,  0,  0,  0,  0,  0,  0,  0,  0,  0,  0,  0,  0,  0, ],
[ 0,  0,  0,  0,  0,  0,  0,  0,  0,  0,  0, 13,  0,  0, 13,  0,  1,  0,  0,  0,  0,  0,  0,  0, ],
[ 0,  0,  0,  0,  0,  0,  0,  0,  0,  0,  0,  0,  0,  0,  0,  0,  0,  0, 12,  0,  0,  9,  0,  0, ],
[ 0,  0,  0,  0,  0,  0,  0,  0,  0,  0,  0,  0,  0,  0,  0,  0,  0,  0,  0,  0,  0,  0,  0,  8, ],
[ 2,  0,  0,  0,  0,  0,  5,  0,  0,  0,  8,  0,  0, 14,  1,  0,  0,  0,  0,  4,  0,  0,  0,  0, ],
[ 0,  0,  4,  4,  0,  0,  0,  0,  0,  0,  0,  0,  0,  0,  0,  0,  0,  0,  0,  0,  0,  0,  0,  0, ],
[ 5,  0,  0,  0,  0,  0,  0,  0,  0,  0,  0,  0,  0,  0,  0,  0,  0,  0,  0,  0,  0,  0,  0,  0, ],
[ 0,  0,  0,  0,  0,  0,  0,  0,  0,  5,  0,  0,  0,  0,  0,  0,  0,  0,  0,  0,  0,  0,  0,  7, ],
[ 9,  0,  0,  0,  0,  0,  0,  0,  0,  0,  8,  0,  0,  7,  0,  0,  0,  0,  0,  0,  0,  0,  0,  0, ],
[ 6,  0,  0,  0,  0,  0,  0,  0,  0,  0,  0,  0,  0,  6,  0,  0,  0,  0,  0,  0,  0,  0,  0,  0, ],
[ 4,  0,  0,  0,  0,  0,  0,  1,  0,  0,  5,  6,  0,  0,  0,  0,  0,  7, 14,  0,  0,  0,  0,  0, ],
[ 0,  0,  0,  0,  0,  0,  0,  0,  0,  0,  0,  0,  0,  0,  0,  2,  0,  0,  0,  0,  0,  0,  0,  0, ],
[ 3,  0,  0,  0,  0,  0,  0,  0,  0,  0,  0,  0,  9,  0,  0,  0,  0,  0,  0,  0,  0,  0,  0,  0, ],
[ 0,  9,  0,  0,  0,  0,  0,  0,  0,  0,  0,  0,  7,  0,  0,  0,  0,  0,  0,  0, 14,  0,  0,  0, ],
[ 0,  0,  0,  0,  0,  0,  0,  0,  0,  0,  0,  0,  0,  0,  0,  0,  2,  0,  0,  0,  0,  0,  0,  0, ],
[ 0,  0,  0,  0,  0,  0,  0,  0, 10,  0,  0,  0,  0,  0,  0,  0,  0,  0,  0,  0,  0,  0,  0,  0, ],
[ 0,  0,  0,  0,  0,  0,  0,  0,  0,  0,  0, 14,  0,  0,  0, 11,  0,  5,  0, 10,  0,  7,  0,  0, ],
[ 0,  0,  0,  0,  0,  0,  0,  0,  0,  0,  0,  0,  0,  0,  0,  0,  0,  0,  0,  0,  0,  0,  0,  0, ],
[ 0, 14,  0,  0,  0,  0,  0,  0,  0,  0,  0,  0,  0,  0,  0,  0,  0,  0,  0,  0,  0,  0,  0,  0, ],
[ 0, 10,  0,  0,  0,  0, 11,  0,  0,  3, 14,  0,  0,  0,  0,  0,  0,  0,  0,  0,  0,  0,  0,  0, ],
[ 0,  3,  0,  5,  0,  0,  0,  0,  0, 11, 10,  0,  0,  0,  0,  0,  0,  0,  0,  0,  0,  0,  0,  0, ],
[ 0,  0,  0,  0,  0,  0,  0,  0,  0,  0,  0,  2,  0,  0,  0,  5,  0,  0,  0,  0,  0,  0,  0,  0, ],
[ 0,  0,  0,  0,  0,  0,  0,  0,  0,  0,  9,  0,  0,  0,  0,  0,  0,  0,  0,  0,  0,  0,  0,  0, ],
[ 0, 13,  0,  0,  0,  0,  0,  0,  0,  0,  0,  0,  0,  0,  0,  0,  0,  0,  0,  0,  5,  0, 12,  0, ],
[ 0,  0,  0,  0, 10,  0,  0,  0,  0,  0,  0,  0,  0,  0,  0,  0,  0,  0,  0,  0,  0,  0,  0,  0, ],
[ 0,  0,  0,  0,  0,  0,  0,  0,  0,  0,  0,  0,  0,  0,  0,  0,  0,  0,  0,  0,  0,  0,  0,  0, ],
[ 0,  0,  0,  0,  0,  2,  0,  0,  0,  0,  0,  0,  0,  0,  0,  0,  0,  0,  0,  0,  0,  0,  0,  0, ],
[ 9,  0,  0,  0,  0,  0,  0,  0,  4,  0,  0,  0,  0,  0,  0,  0,  0,  0,  0,  0,  0,  0,  0,  0, ],
[ 0,  0,  0,  0,  0,  0,  0,  0,  5,  0,  0,  0,  0,  0,  0,  0,  0,  0,  0,  0,  0,  0,  0,  0, ],
[ 0,  0,  0,  0,  0,  0,  0, 11,  0,  0,  0,  0,  0,  0,  0,  0,  0,  0,  0,  0,  0,  0,  0,  0, ],
[ 0,  0,  0,  0,  0,  0,  0,  7,  0,  0,  0,  0,  0,  0,  7,  0,  0,  0,  0,  0,  0,  0,  0,  0, ],
[ 0,  0,  0,  0,  0,  0,  0,  0,  0,  0,  0,  0,  0,  0,  0,  0,  0,  0,  0,  0,  0,  0,  0,  0, ],
[12,  0,  0,  0, 14,  0,  0,  0,  0, 13,  0,  0,  0,  0,  0,  0,  0,  0,  2,  0,  0,  0,  4,  0, ],
[ 0,  0,  0,  0,  0,  0,  0,  0,  0,  0,  0,  0,  0,  8,  0,  0,  0,  0,  0,  0,  0,  0,  0,  0, ],
[ 0,  0,  0,  0,  0,  0,  0,  0,  0, 10,  0, 10,  0,  0,  0,  0,  0,  0,  0,  0,  0,  0,  0,  0, ],
[ 0,  0,  0,  0,  0,  0,  0,  0,  0,  2,  0,  0,  0,  0,  0,  0,  0, 12,  0,  0,  0,  0,  0,  0, ],
[ 1,  0,  0,  0,  0,  0,  0,  0,  0,  0,  0,  0,  0, 10,  0,  0, 10,  0,  0,  0,  0,  8,  8,  0, ],
[ 9,  0,  0,  0,  0,  0,  0,  0,  0, 12,  0, 13,  0,  0,  0,  2,  0,  0,  7,  0,  0,  0,  0,  0, ],
[ 0,  2,  0,  0,  0,  0,  0,  0,  0,  0,  0,  0,  0,  0,  0,  0,  0,  0,  0,  0,  0,  0,  0,  0, ],
[14,  0,  0,  0,  0,  0,  0,  0,  0,  0,  0,  0,  0,  0,  0,  0,  0,  0,  0,  0,  0,  0,  0, 14, ],
[ 0,  1,  0,  0,  0,  0,  0,  0,  1,  0,  0,  0,  0,  0,  0,  0,  0, 14,  0,  0,  0,  0,  0,  0, ],
[ 0,  0,  0,  0,  5,  0,  3,  0,  0,  0,  0, 12,  0,  0,  0,  1,  0,  0,  0,  0,  0,  0,  4,  0, ],
[ 0,  0,  0,  0,  0,  2,  2,  0,  0,  0,  0,  0,  0,  0,  0,  0,  0,  0,  0,  0,  0,  6,  0,  0, ],
[ 0,  0,  0, 14,  4, 14,  0,  0,  0,  0,  0,  0,  0,  0,  0,  0,  0,  0,  0,  0, 13,  0,  0,  0, ],
[ 0,  0,  0,  0,  0,  0,  0,  0,  0,  9,  0,  0,  7, 13,  0, 11,  0,  0,  0,  0,  0,  0,  0,  0, ],
[ 0,  0,  0,  0,  0,  5,  0,  0,  0,  0,  0,  0,  0,  0,  0,  0,  0,  6,  0,  0,  0,  0,  0,  0, ],
[ 0,  9,  0,  0,  0,  0,  0,  0,  0,  0,  0,  0,  0,  0,  0,  0,  0,  0,  0,  0,  0,  0,  0,  0, ],
[ 0,  0,  0,  0,  0,  2,  0,  0,  0,  0,  0,  0,  0,  0,  0,  0,  0,  0,  0,  0, 13,  0,  0,  0, ],
[ 0,  0,  0,  0,  0,  0,  0,  0, 12,  0,  0,  0,  0,  0,  0,  0,  0,  0,  0,  7,  0,  0,  0,  0, ],
[ 0,  0,  0, 12,  0,  0,  0,  0,  0,  0,  0,  0,  0,  3,  0,  0,  0,  0,  0,  2,  0,  0,  0,  0, ],
[ 0,  0,  0,  0,  0,  0,  0,  0,  0,  0,  0,  0,  0,  0,  0,  0,  0,  0,  0,  0,  0,  0,  0,  0, ],
[ 0,  0,  0,  0,  0,  0,  0,  0, 14,  0,  0,  0,  0,  0,  0,  0,  0,  0,  0,  0,  0,  0,  0,  0, ],
[ 0,  0,  0,  0,  0,  0,  0, 12, 13,  0,  0,  0,  0,  0, 10,  9,  0,  0,  0,  0,  0, 12, 11,  3, ],
[ 0,  0,  0, 14,  0,  0, 11,  0,  0,  0,  0,  0,  0,  0,  0,  0,  0,  4,  0,  0,  0,  0,  0,  0, ],
[ 4,  0,  0,  0, 13,  9,  0,  0,  0,  0,  0,  0,  0,  0,  0,  0,  0,  0,  0,  0,  0,  0,  0,  0, ],
[ 0,  0,  0,  0,  0,  0,  0,  0,  0,  0,  0,  0,  0,  0,  0,  0,  0,  0,  0,  0,  0,  0,  0,  0, ],
[ 0,  0,  0,  0,  0,  0,  0,  0,  0,  0,  0,  0,  0,  0,  0,  0,  0,  0,  0,  0,  0,  0,  0,  0, ],
[ 0,  0,  2,  0,  0,  7,  0,  0,  0,  0,  0, 14,  0,  0,  0,  0,  0,  0,  0,  0, 14,  0,  0,  0, ],
[ 0,  0,  0,  0,  0,  0,  0,  0,  0,  0,  0,  0,  0,  0,  3,  0,  0,  0,  0,  0,  0,  0,  0,  0, ],
[ 0,  0,  0, 10,  0,  0,  0,  0,  0,  0,  0,  0,  0,  0,  0,  0,  0,  0,  0,  0,  0, 14,  0, 13, ],
[ 0,  0,  0,  0,  0,  0,  0,  0,  2,  0,  0,  0,  0,  0,  0,  0,  0,  0,  0,  0,  0,  0,  0,  0, ],
[ 0,  0,  0,  0,  0,  0,  0,  0,  0,  0,  0,  0,  0,  0,  0,  0,  0,  0,  0,  0,  0,  0,  0,  1, ],
[ 8,  0,  0,  0,  0,  8,  0,  0,  0,  0,  0,  2,  0,  0,  0,  0,  0,  5,  0,  0,  0,  0,  0,  0, ],
[ 0,  0,  0,  2, 11,  0,  0,  0, 11,  0,  0,  0,  0,  0,  0,  4,  0,  0,  1,  0,  0,  0,  0,  0, ],
[ 0,  0, 10,  0,  0,  0,  0, 11,  0,  0,  0,  0,  0,  0,  0,  6,  0,  0,  0,  0, 14,  0,  3,  0, ],
[ 0,  0,  0,  0,  0,  0,  0,  0,  0,  8,  0,  0,  0,  0,  0, 12,  0,  0,  0, 11,  0,  0,  0,  0, ],
[ 0,  0,  0,  0,  0,  0,  0,  0,  0,  0,  0,  0,  0,  0,  0,  4,  0,  0,  0,  0, 12,  0,  0,  0, ],
[ 0,  0,  0,  0,  0,  0,  0,  0,  0,  1,  0,  0,  0,  0,  0,  0,  0,  0,  0,  0,  0,  0,  0,  0, ],
[ 0,  6,  0,  0,  0,  0,  0,  0,  0,  0,  0,  0,  0, 14,  0,  0,  0,  0,  0,  0,  2,  0,  0,  0, ],
[ 0,  0,  0,  0,  0,  0,  0,  0,  8,  0,  0,  0,  0,  0,  0,  1,  0,  0,  0,  0,  0,  0,  0,  0, ],
[ 0,  2,  0,  0,  0,  0,  0,  0,  0,  5,  0,  0,  0,  0,  0,  0,  0,  0,  9,  0,  0,  0,  0,  0, ],
[ 0,  0,  0,  0,  0,  0, 13,  0,  0,  0,  0,  0,  0,  0,  0,  0,  0,  0,  0,  0, 12,  0,  0,  0, ],
[ 0,  0,  0,  0,  0,  0,  4,  0,  0,  0,  0,  0,  0,  0,  0,  0,  1,  0,  0,  0,  0,  0,  0,  0, ],
[ 0,  0,  0,  0,  0,  0,  0,  0,  0,  0,  0,  0,  0,  0,  0,  0,  0,  0,  0,  0,  0,  0,  0,  0, ],
[ 0,  0,  4,  0,  0,  0,  0,  0,  0,  0,  0,  0, 11,  0,  0,  0,  2,  0,  0,  0,  0,  0,  0,  0, ],
[ 0,  0,  0,  0,  0,  0,  2,  0,  0,  2,  0,  0,  0,  0,  0,  0,  0,  0,  0,  0,  0,  0,  0,  0, ],
[ 0,  0,  0,  0,  0,  0,  0,  0,  0,  0,  1, 12,  0,  0,  2,  0,  0, 12,  0,  0,  0,  0,  0,  0, ],
[ 0,  0,  0,  0,  0,  0,  0,  0,  0,  0,  0,  0,  0,  0,  0, 10,  0,  5,  0,  0,  0,  0,  0,  0, ],
[ 0,  0,  0,  0,  0,  0,  0,  0,  0,  0,  0,  0,  0,  0,  8,  0,  0,  0,  0,  0,  0,  0,  0,  0, ],
[ 0,  0,  0,  0,  0,  0,  0,  0,  0,  0,  0,  0,  0,  0,  0,  0,  0,  0,  0,  0,  0,  4,  0,  0, ],
[ 0, 14,  0,  0,  0,  0,  0,  0,  0,  0,  0,  0,  0, 12,  2,  0,  0,  0,  2,  0,  4,  0,  0,  0, ],
[ 0,  0,  0,  0,  0,  0,  0,  0,  0,  0,  0,  0,  0,  0,  0,  0,  0,  0,  0,  0,  0,  0,  0,  0, ],
[ 0,  0,  0,  0,  0,  0,  0,  0,  0,  0,  0,  0,  0,  0,  0,  0,  0,  0,  0,  0,  0,  0,  0,  0, ],
[ 0,  0,  0,  0,  0,  0,  0,  0,  0,  0,  0,  0,  0,  0,  0,  0,  0,  0,  0,  0,  0,  0,  0,  0, ],
[ 0,  0,  0,  0,  0, 10,  0,  0,  0,  0,  0,  0,  0,  0,  0,  0,  0,  0,  0,  0,  0,  0,  2,  0, ],
[ 0,  0,  0,  0,  0,  0,  0,  0,  0,  0,  0,  0,  0,  0,  0,  0,  0,  3,  0,  0,  0,  0,  0,  0, ],
[ 0,  0,  0,  0,  0,  0,  0,  9,  0,  0,  0,  0,  0,  0,  0,  0,  9,  0,  0,  0,  0,  0,  0,  0, ],
[ 0,  0,  0,  0,  0,  0,  0,  0,  7,  0,  0,  0,  0,  7,  0,  0,  0,  0,  0,  0,  0,  0,  0,  0, ],
[ 0, 10,  0,  0,  0,  0,  0,  0,  0,  0,  0,  0,  0,  0,  0,  0,  0,  0,  0,  0,  0,  0,  0,  0, ],
[ 0,  0,  0,  0,  0,  0,  0,  0,  0,  0,  0,  0,  0,  0,  7,  0,  0,  0,  0,  0, 14,  0,  0,  0, ],
[ 3,  0,  0,  0,  0,  0,  0,  0,  0,  0,  0,  0,  0,  0,  0,  0,  0,  0,  0, 12,  0,  0,  0,  0, ],
[ 0,  0,  0,  0,  0,  0,  0,  0,  0,  9,  0,  0,  0,  0,  0,  0,  0,  0,  0,  0,  0,  0,  0,  0, ],
[ 0,  0,  0,  0,  0,  0,  0,  0,  0,  0,  0,  0,  0,  0,  0,  0,  0,  0,  3,  0,  0,  0,  0,  0, ],


[0.5469, -0.1989, ],
[-0.0681, -0.2687, ],
[-0.0657, -0.4136, ],
[-0.2137, 0.2335, ],
[0.8026, -0.3033, ],
[0.4354, -0.0777, ],
[-0.6236, 0.4483, ],
[0.2494, 0.3332, ],
[-0.1911, -0.7607, ],
[-0.9091, 0.6284, ],
[-1.0000, -0.1011, ],
[0.1311, -0.5539, ],
[-0.6377, -0.8801, ],
[0.5478, 0.1334, ],
[0.5584, 0.5290, ],
[-0.5849, -0.1132, ],
[-0.3817, -0.9176, ],
[0.2321, 0.6025, ],
[0.3774, 0.0038, ],
[-0.3100, -0.6659, ],
[0.7107, 0.6164, ],
[0.3044, 0.0883, ],
[0.5540, -0.2401, ],
[0.9301, -0.1257, ],
[0.3945, 0.0033, ],
[0.0140, -0.0819, ],
[0.4884, -0.3624, ],
[0.1453, -0.3573, ],
[0.7008, -0.9351, ],
[0.7681, 0.2378, ],
[-0.7300, 0.1757, ],
[-0.0150, 0.3680, ],
[0.7284, 0.1069, ],
[0.3543, 0.7706, ],
[0.1747, -0.3298, ],
[0.0334, 0.4970, ],
[0.5209, -0.2224, ],
[0.5055, -0.3495, ],
[0.7699, 0.9702, ],
[0.2110, 0.5131, ],
[0.5149, -1.0000, ],
[0.0428, 0.2151, ],
[0.2410, 0.8262, ],
[0.3784, -0.7468, ],
[0.8646, -0.2298, ],
[0.2527, 0.8742, ],
[0.3107, 0.5568, ],
[-0.5371, 0.8240, ],
[-0.0398, -0.6176, ],
[0.9418, 1.0000, ],
[0.4789, -0.0914, ],
[0.1149, -0.4706, ],
[0.1344, -0.4801, ],
[-0.3843, -0.2559, ],
[-0.3224, 0.3023, ],
[0.6900, -0.0219, ],
[0.5472, -0.0185, ],
[-0.9785, 0.2034, ],
[-0.8742, 0.3538, ],
[0.5248, -0.5752, ],
[0.8845, 0.1278, ],
[-0.4995, 0.4960, ],
[-0.6715, 0.0031, ],
[0.4407, 0.3403, ],
[0.9781, 0.0141, ],
[0.2311, -0.7756, ],
[0.1991, 0.2936, ],
[0.3563, -0.4384, ],
[0.2666, 0.2661, ],
[0.7402, 0.0883, ],
[0.7444, 0.5676, ],
[0.1192, 0.2586, ],
[-0.3311, 0.2973, ],
[-0.2030, -0.4195, ],
[-0.8542, 0.5971, ],
[-1.0000, -0.2645, ],
[1.0000, 0.2934, ],
[0.9861, 0.1724, ],
[0.2413, 0.1091, ],
[-0.5077, -0.0654, ],
[-0.3642, -1.0000, ],
[-0.0851, -0.0011, ],
[0.1487, 0.9081, ],
[-0.2837, -1.0000, ],
[-0.2123, 0.1853, ],
[-0.3548, -0.3167, ],
[0.2364, 0.6516, ],
[1.0000, 0.5307, ],
[-0.1401, -0.6787, ],
[0.3558, -0.6526, ],
[-0.5770, 0.0514, ],
[0.1265, -0.3861, ],
[0.0435, -0.3871, ],
[0.3536, 0.1942, ],
[-0.7679, -0.9472, ],
[0.0562, -0.2243, ],
[-0.6625, 0.0358, ],
[0.5404, -0.6008, ],
[0.5171, 0.2994, ],
[0.1852, 0.9430, ],


[5.0000, ],
[4.0000, ],
[11.0000, ],
[1.0000, ],
[10.0000, ],
[0.0000, ],
[6.0000, ],
[7.0000, ],
[9.0000, ],
[7.0000, ],
[3.0000, ],
[13.0000, ],
[4.0000, ],
[2.0000, ],
[5.0000, ],
[9.0000, ],
[6.0000, ],
[15.0000, ],
[1.0000, ],
[5.0000, ],
[10.0000, ],
[1.0000, ],
[4.0000, ],
[17.0000, ],
[0.0000, ],
[4.0000, ],
[14.0000, ],
[12.0000, ],
[3.0000, ],
[3.0000, ],
[10.0000, ],
[4.0000, ],
[0.0000, ],
[1.0000, ],
[5.0000, ],
[2.0000, ],
[4.0000, ],
[6.0000, ],
[0.0000, ],
[15.0000, ],
[3.0000, ],
[8.0000, ],
[5.0000, ],
[15.0000, ],
[15.0000, ],
[1.0000, ],
[8.0000, ],
[6.0000, ],
[11.0000, ],
[5.0000, ],
[14.0000, ],
[14.0000, ],
[5.0000, ],
[3.0000, ],
[5.0000, ],
[7.0000, ],
[7.0000, ],
[0.0000, ],
[4.0000, ],
[25.0000, ],
[10.0000, ],
[9.0000, ],
[0.0000, ],
[0.0000, ],
[12.0000, ],
[2.0000, ],
[12.0000, ],
[1.0000, ],
[1.0000, ],
[9.0000, ],
[12.0000, ],
[17.0000, ],
[11.0000, ],
[6.0000, ],
[1.0000, ],
[8.0000, ],
[4.0000, ],
[6.0000, ],
[8.0000, ],
[3.0000, ],
[0.0000, ],
[7.0000, ],
[2.0000, ],
[10.0000, ],
[6.0000, ],
[3.0000, ],
[2.0000, ],
[12.0000, ],
[0.0000, ],
[0.0000, ],
[0.0000, ],
[5.0000, ],
[2.0000, ],
[6.0000, ],
[6.0000, ],
[4.0000, ],
[7.0000, ],
[6.0000, ],
[3.0000, ],
[2.0000, ],


