[ 0,  0,  0,  0,  0,  0,  0,  3,  0,  0,  4,  0,  0,  0,  0,  0,  0,  0,  1,  0,  0,  0,  0,  0, ],
[ 0,  0,  0,  0,  0,  0,  0,  0,  0,  0,  0,  0,  7,  0,  0,  9,  0,  0,  0,  0,  0,  0,  0,  0, ],
[ 0,  0,  0,  0,  0,  0,  0,  0,  9,  0,  0,  0,  0,  0,  0,  0,  7, 14,  0,  0,  0,  0,  0,  0, ],
[ 0,  0,  0,  0,  0,  0,  8,  0,  1,  0,  0,  0, 12,  0,  0,  0,  0,  0,  0,  0,  0,  0,  0,  0, ],
[ 0,  0,  0,  0,  0,  0,  0,  0,  0,  0,  0,  0,  0, 11,  0,  0,  0, 11, 13,  0,  0,  0,  0,  0, ],
[ 0,  0,  0,  0,  0,  0,  0,  0, 12,  0,  0,  0,  0,  0,  0,  0,  0,  0,  0,  0,  0,  0,  0,  0, ],
[ 0,  0,  0,  0,  0,  0,  0,  0,  0,  0,  0,  0, 11,  0,  0,  2,  0,  0,  1,  0,  0,  0,  0,  0, ],
[ 0,  0,  0,  0,  0,  8,  0,  0,  4,  0, 10,  0,  0,  0,  0,  1,  0,  0,  0,  0,  0,  0,  0,  0, ],
[ 0,  0,  0,  0,  0,  0,  0,  0,  0,  0,  0,  0,  0,  0,  0,  0,  0,  0,  0,  0,  0,  0,  0,  0, ],
[ 0,  0,  4,  0,  0, 12,  0,  0,  0,  0,  0,  0,  0,  0,  0,  0,  0,  0,  0,  0,  0,  8,  0,  0, ],
[ 0,  0,  0,  0,  8,  0,  0,  2,  0,  0,  0,  0,  2,  0,  0,  0,  0,  0,  0,  2,  0,  0,  0,  0, ],
[ 0,  0,  0,  0,  0, 12,  0, 11,  0,  0,  0,  0,  0,  7,  8,  0,  0,  0,  0,  2,  0,  8,  0,  0, ],
[ 0,  0,  0, 14,  0,  0,  0,  0,  0,  0,  0,  0,  0,  0,  0,  0,  0,  0,  0,  0,  0,  0,  0,  0, ],
[ 0,  0,  0,  0,  0,  0,  0,  0,  0,  7,  0,  0,  0,  0,  2,  0,  0,  0,  0,  0,  0,  0,  0,  0, ],
[ 0,  0,  0,  0,  0,  0,  0,  0,  0,  0,  0,  0,  0,  0,  0,  0,  0,  4,  0,  0,  0,  0, 12,  0, ],
[ 0,  0,  0,  0,  0,  0,  0,  0,  0,  0,  0,  0,  0,  0,  0,  0,  0,  0,  0,  1,  0,  8,  0,  0, ],
[ 0,  3,  0,  0,  0,  0,  0,  0,  0,  0,  4,  0,  0,  0,  0,  0,  0,  0,  0,  0, 14,  0,  0,  0, ],
[ 0,  0,  0,  0,  0,  0,  0,  0,  0,  0,  0,  0,  0,  0,  0,  0,  0,  0,  0,  0,  0, 10,  0,  0, ],
[ 0,  0,  0,  0,  0,  0,  0,  0,  0,  0, 13,  0,  0,  0,  2,  0,  0,  0,  0,  0,  0,  0,  0,  0, ],
[ 0,  0,  0,  0,  0,  0,  0,  0,  0,  0,  0,  0,  0,  0,  5,  0,  0,  0,  0,  0,  0,  0,  0,  0, ],
[ 0,  0,  0,  0,  0,  0,  0,  0,  0,  0,  0,  0,  0,  0,  1,  0,  0,  0,  0,  5,  0,  0,  7,  0, ],
[ 0,  0,  0,  0,  0,  0,  9,  0,  0,  0, 13,  0,  0,  0,  0,  0,  0,  0,  0,  0,  0,  0,  0,  0, ],
[ 0,  0,  0,  0,  0,  0,  0,  0,  0,  0,  0, 12,  0,  0,  0,  1,  0,  0,  0,  0,  0,  0,  0,  0, ],
[ 0,  0,  0,  0,  0,  0,  0,  0,  0,  0,  0,  0,  0,  2,  0,  0,  0,  0,  0,  0,  0,  0,  0,  0, ],
[ 0,  0,  0,  0,  0,  0,  0,  0,  0,  0,  0,  0,  0,  0,  0,  0,  0,  0,  0,  7,  0,  0,  0,  0, ],
[14,  0,  0,  0, 13,  0,  0,  0,  0,  0,  0,  0,  0,  0,  0,  0,  0,  0,  0,  0,  0,  0,  0,  0, ],
[ 8,  0,  0,  0,  0,  0,  0,  0,  0,  0,  0,  0,  0,  0,  0,  0,  0,  0,  0,  0,  0, 13,  0,  0, ],
[ 0,  0,  0,  0,  0,  0,  0,  0,  0,  0,  0,  0,  0,  0,  0,  0,  0,  0,  0,  0,  0,  0,  0,  0, ],
[ 0,  5,  0,  7,  0,  0,  0,  0,  0,  0,  0, 14,  0,  0,  0,  0,  0,  0,  6,  0,  0,  0,  0,  0, ],
[ 0,  0,  0,  0,  0,  0,  0,  0,  0,  0,  0,  0,  0,  0,  0,  0,  0,  0,  0,  0,  0,  0,  0,  0, ],
[ 0,  0,  0,  0,  0,  0,  0,  0,  0,  0,  0,  0,  0,  0, 12,  7,  0,  0,  0,  0,  0,  0,  0,  3, ],
[ 0,  0,  0,  0,  0,  0,  0,  0,  0,  0,  0, 10,  0,  0,  0,  0,  0,  0,  3,  0,  0,  0,  0,  0, ],
[ 0,  0,  0,  0,  0,  0,  3,  0,  0,  0,  0,  0,  0,  0,  0,  0,  0,  0,  0,  0,  0,  0,  0,  0, ],
[ 0,  0,  0,  0,  0,  0, 13,  0,  0,  0,  0,  0,  0,  0,  0,  0,  0,  0,  0,  5,  2,  8,  0,  0, ],
[ 0,  1,  2,  8,  8,  0,  0,  0,  0,  0,  0,  0,  9,  0,  0,  0,  0,  0,  0,  0,  0,  0,  0,  0, ],
[ 0,  0,  0,  0,  0,  0,  0,  8,  0,  0,  0,  0,  0,  0,  0,  0,  0,  0,  2,  0,  0,  0,  0,  0, ],
[ 0,  0,  0,  0,  9,  0,  0,  0,  0,  0,  0,  0,  0,  0,  0,  0,  0,  0,  4,  0,  0,  0,  0,  0, ],
[ 0,  0,  2,  0,  0,  0,  0,  0,  0,  0,  0,  9,  0,  0,  0,  0,  0,  0,  0,  0,  0,  0,  0,  0, ],
[ 3,  0,  0,  0,  0,  0,  0,  0,  0,  0,  0,  0,  0,  0,  4,  0,  0,  0,  7,  0,  0,  0,  0,  0, ],
[ 0,  0,  0,  0,  0,  0,  0,  0,  0,  0,  0,  9,  0,  0,  0,  0,  0,  0,  0,  0,  0,  0,  0,  0, ],
[ 0,  0,  0,  2,  0,  0,  0,  0,  0,  0,  0,  0,  0,  0,  0,  0,  0,  2,  0,  7,  0, 13,  0,  0, ],
[ 0,  0,  0,  0,  3,  0,  0,  0,  0,  0,  0,  0,  0,  0,  0,  0,  0,  0,  0,  0,  0,  2,  0,  0, ],
[ 0,  0,  0,  0, 11,  0,  0,  0,  0,  0,  0,  5,  0,  0,  0,  0, 10,  3,  0,  0,  0,  0,  0,  0, ],
[ 0,  0,  5,  0,  0,  0,  0,  0,  0,  0,  0,  0,  0,  0,  0,  0,  0,  9,  0,  0,  0,  0,  0,  0, ],
[ 0,  0,  0,  0,  0,  0,  0,  0,  0,  0, 12,  0,  0,  0,  0, 13,  0,  0,  0,  0,  0,  0, 13,  0, ],
[ 0,  0,  0,  0,  0,  0,  0,  3,  0,  0,  0,  0,  0,  0,  0,  0,  0,  0,  0,  0,  0,  0,  0,  0, ],
[ 0,  0,  0,  0,  0,  0,  0,  0,  0,  0,  0,  0,  0,  0,  0,  7,  0,  0,  0,  0,  0,  0,  0,  0, ],
[ 0, 14,  0,  0,  0,  0,  0,  0,  0,  9,  0,  0,  0,  0,  0,  0,  0,  0,  0,  0,  0,  0,  0,  0, ],
[ 0,  0,  0,  0,  4,  0,  0,  0,  0,  0,  0,  0,  0,  0,  4,  0, 13,  0,  0,  0,  0,  0,  0,  4, ],
[ 0,  0,  0,  0,  3,  2,  0, 11,  0,  0,  0,  0,  0,  0,  0,  0,  0,  0,  0,  0,  0,  0,  0,  0, ],
[13,  0,  0,  0,  0,  0,  0,  0,  3,  0,  0,  0,  0,  0,  0,  0,  0,  0,  0,  0,  2,  0,  0,  9, ],
[ 0,  0,  0,  0,  0,  0,  0,  0,  6,  0,  0,  0,  0,  0,  0,  0,  0,  0,  0,  0,  0,  0,  1,  0, ],
[ 0,  0,  0,  0,  0,  0,  0,  0,  0,  0,  0,  0,  0,  0,  0,  0,  0,  0, 14,  0,  0,  0,  0,  2, ],
[ 0,  0,  0,  0,  0,  0,  0,  0,  0,  0,  0,  0,  0,  0, 11,  0,  0,  0,  0,  5,  0,  0, 14,  1, ],
[ 0,  0,  0,  0, 11,  0,  0,  0,  0,  0, 12,  0,  0,  0,  0,  0,  0,  0,  0,  5,  0,  0,  0,  0, ],
[ 0,  0,  0,  0,  0,  0,  0,  0,  0,  0,  0,  0,  0,  8,  0,  0,  0,  0,  0,  0,  0,  0,  0,  0, ],
[ 0,  0,  0,  0,  0,  0,  7,  0,  0,  0,  0,  0,  0,  0,  0,  0,  0,  0,  0,  7,  0,  0,  0,  0, ],
[ 0,  0,  0,  0,  0,  0,  0,  0,  0,  0, 12,  0,  0,  0,  0,  0,  0,  0,  0,  0,  0,  0,  0,  0, ],
[ 0,  0,  0,  0,  0,  0,  0,  0,  0,  0,  0,  0,  0,  0, 11,  0,  0,  0,  0,  0,  0,  0,  0,  0, ],
[ 0,  0,  0,  0,  0,  0,  0,  0,  0,  0,  0,  0,  0,  0,  0, 11,  0,  0,  0,  0,  0,  0,  0,  0, ],
[ 0,  0,  0,  0,  0,  0,  0,  0, 10,  0,  0,  7,  0,  0,  0,  0,  0,  0,  0,  0, 11,  0,  0,  0, ],
[ 0,  0,  0,  0,  0,  0,  0,  0,  0,  0,  9,  0,  0,  0, 13,  0,  0,  0,  0,  0,  0,  0,  0,  0, ],
[ 0,  0,  0,  0,  0,  0,  5,  0,  5,  0,  0,  0,  5,  0,  0,  0,  0,  0,  0,  0,  0,  0,  0,  0, ],
[ 0,  0,  0,  0,  0,  0,  0,  0,  0,  0,  0, 12,  2,  0,  0,  0,  0,  0,  0,  0,  0,  0,  0,  0, ],
[ 0,  0,  0,  0,  0,  0,  0,  0,  0,  0,  0,  0,  0, 13,  0,  0,  0,  0,  0,  0,  0,  0,  0,  0, ],
[ 0,  0,  0,  0,  0,  0,  0,  0,  0,  0,  0,  0,  0,  0,  0,  0,  8,  0,  0,  0,  0,  0,  0,  0, ],
[ 0,  0,  0,  0,  0,  0,  0,  0,  0,  0,  4,  3,  0,  0,  0,  4,  0,  0,  0,  0,  0,  0,  0,  0, ],
[ 0,  0,  0,  0,  0,  0,  0,  0,  0,  0,  0,  0,  0,  0,  0,  0,  0,  0,  0,  0,  0,  0,  0,  0, ],
[ 0,  0,  0,  0,  0,  0,  0,  0,  2,  0,  0,  0,  0, 13,  0,  0,  0,  0,  0,  5,  0,  0,  0,  0, ],
[ 0,  0,  0,  0,  0,  0,  0,  0,  0,  0, 12,  0,  0,  0,  0,  0,  0,  0, 10,  0,  0,  0,  0,  0, ],
[ 9,  0,  0,  0,  0,  0,  0,  0,  0,  0,  0,  0,  0, 14,  0,  0,  0,  0,  0,  0,  0,  0,  8,  0, ],
[ 0,  0,  0,  3,  0,  0,  0,  0,  0,  0,  0,  0,  0,  8,  0,  8,  0,  0,  0,  0, 13,  0,  0,  0, ],
[ 0,  0,  0,  0,  0,  0,  0,  0,  0,  0,  0,  0,  0,  0,  0,  0,  0,  0,  0,  0,  0,  0,  0,  7, ],
[ 0,  0,  0,  0,  0,  0, 13,  0,  0,  0,  0,  0, 10,  0, 14,  0,  0,  0,  0,  0,  0,  0,  0,  0, ],
[ 0,  0, 14, 13,  6,  0,  0,  0,  0,  0,  0,  0,  0,  0,  4,  0,  0,  0,  0,  0,  0,  0,  0,  4, ],
[ 0,  0, 14,  0,  0,  6,  3,  0,  0,  0,  0,  0,  0,  0,  0,  0,  0,  0,  0, 11,  0,  0,  0,  0, ],
[ 0,  0,  0,  0,  0,  0,  0,  0,  0,  0, 13,  0,  7,  0,  0,  0,  0,  0,  0,  0,  0,  0,  0,  0, ],
[ 0,  0,  0,  0,  2,  0,  0,  0,  0,  0,  0,  0,  0,  0,  0,  0,  0,  0,  0,  0, 11,  0,  0,  0, ],
[ 0,  0,  0,  0,  0,  0,  0,  0,  0,  0,  0,  0,  0,  0,  0,  0,  0,  0, 12,  5,  0,  0,  0,  0, ],
[ 0,  0,  0,  0,  5,  0,  0,  0, 14,  0,  0,  0,  0,  0,  0,  0,  0,  0,  0, 12,  2,  0,  0,  0, ],
[ 0,  0,  0,  0,  0,  0, 13,  0,  0,  0,  0,  0,  0,  0,  2,  0,  0,  0,  0,  0, 11,  0,  0,  0, ],
[ 0,  0,  0,  0,  0,  0,  0,  0,  0,  0,  0,  4,  0,  0,  0,  2,  0,  0,  0,  0,  0,  0,  0,  0, ],
[ 0,  0,  0,  0,  9,  0,  0,  0,  0,  0,  0,  0,  0,  0,  0,  0,  0,  0,  0,  0,  0,  0,  0,  3, ],
[ 0,  0,  0,  0,  0,  0,  0,  0,  0,  0,  0,  0,  0,  0,  0,  0,  0,  0,  0,  0,  0,  0,  0,  0, ],
[ 7,  6,  0,  0,  0,  0,  0,  0,  0,  0,  0,  6,  0,  0,  0,  0,  0,  0,  0,  0,  9,  3,  0,  0, ],
[ 9, 11,  0,  0,  2,  0,  0,  0, 10,  0,  0,  0,  0,  2,  0,  6,  0,  0,  0,  0,  0,  0,  0,  0, ],
[ 0,  0,  0,  0,  0,  0,  0,  0,  0,  0,  0,  0,  6,  0,  0,  0,  0,  0,  0,  0,  0,  0,  0,  0, ],
[ 0,  0,  0,  0,  0,  0,  0,  0,  0,  0,  0,  0,  0,  0,  0,  0,  0,  0,  0,  0,  0,  0,  0,  5, ],
[ 0,  0,  0,  0,  0,  0,  0, 14,  0,  0,  0, 13,  3,  0,  0,  9,  0,  0,  0,  0,  0,  0,  0,  0, ],
[ 9,  0,  0,  0,  0,  0,  0,  0,  0,  0,  0,  0,  0,  0,  0,  0,  0,  0,  0,  0,  0,  0,  0,  1, ],
[ 0,  0,  0,  0,  0,  0, 10,  0,  0,  0,  0,  0,  0,  0,  0,  0,  0,  0,  0,  0,  0,  0, 11,  0, ],
[ 0,  0,  0,  0,  0,  0,  0,  0,  0,  0,  0,  0,  0,  0,  0,  0, 14,  0,  0,  0,  0,  0,  0,  0, ],
[ 0,  2,  0,  4,  0,  0,  0,  0,  0, 10,  0,  0,  0,  0,  0,  0,  5,  0,  0,  0,  0, 13,  0,  3, ],
[ 0,  0,  0,  8,  0,  0,  0,  0,  0,  0,  0,  0,  0,  0,  0,  0,  0,  0,  0,  0,  0,  0,  0,  0, ],
[ 1,  0,  0,  0,  7,  0,  0,  0,  0,  0,  0,  0,  0,  0,  0,  0,  0,  0,  0,  0,  0,  0,  0,  0, ],
[ 0,  0,  0,  0,  0,  0,  0,  0,  0,  0,  0,  0,  0,  0,  0,  0,  0,  0,  0,  0,  0,  0,  0,  0, ],
[ 0,  0,  6,  0,  0,  0, 10,  5,  0,  0,  0,  0,  0,  0,  0,  0,  0,  0,  0,  0,  0,  0,  0,  0, ],
[ 5,  0,  0,  0,  5,  0,  0,  0,  0,  0,  0,  0,  0,  0,  0,  0,  0,  0,  0,  0,  0,  0,  0,  0, ],
[ 0,  0,  0,  0, 11,  0,  0,  0,  0,  0,  0,  0,  0,  0,  1,  0,  0,  0,  0,  0,  0,  0,  0,  0, ],
[ 0,  0,  0,  0,  9,  0,  0,  0,  0,  0,  0,  0,  0,  0,  0,  0,  0,  0,  0,  0,  0,  0,  0,  0, ],


[0.8373, 0.0404, ],
[0.2765, -0.4806, ],
[-0.4881, 0.5175, ],
[0.3984, 0.3597, ],
[0.1810, 0.5527, ],
[0.0134, 1.0000, ],
[1.0000, 0.9002, ],
[-0.0193, 1.0000, ],
[-0.2025, 0.9441, ],
[-0.3228, 0.4925, ],
[0.5171, -0.1057, ],
[0.0991, -0.2717, ],
[-0.2279, 0.6225, ],
[0.5722, -0.0073, ],
[0.5361, 0.2089, ],
[0.9468, -0.2774, ],
[-0.0233, 1.0000, ],
[0.0431, 0.2033, ],
[0.5936, -0.0784, ],
[-0.1301, -0.2208, ],
[0.0900, 0.6467, ],
[-0.1213, 0.3839, ],
[0.3911, 0.1594, ],
[-0.6158, -0.5920, ],
[0.4754, 0.7444, ],
[0.0353, 0.2952, ],
[0.5163, 0.8520, ],
[0.1843, -0.2706, ],
[-0.3744, -0.1823, ],
[-0.1637, -0.7779, ],
[-0.6779, 0.4894, ],
[-0.0235, 0.1905, ],
[0.2607, 0.7631, ],
[0.4520, 0.2878, ],
[-0.0646, 0.4004, ],
[0.2167, -0.1416, ],
[0.1403, -0.2231, ],
[0.8704, -0.1780, ],
[0.4451, -0.3894, ],
[0.9439, -0.7289, ],
[0.5340, 0.3745, ],
[0.0428, -0.5048, ],
[0.3320, 0.5600, ],
[0.0962, -0.8478, ],
[-0.0210, -0.4697, ],
[0.8101, -0.3626, ],
[-0.5499, 0.1533, ],
[-0.0163, -1.0000, ],
[-0.9213, 0.5332, ],
[0.1045, -0.7371, ],
[0.3487, -0.1934, ],
[0.0804, 0.0150, ],
[0.1137, -0.1681, ],
[-0.5181, -0.6102, ],
[0.3285, 0.8879, ],
[0.2966, 0.1296, ],
[-0.6420, -0.0377, ],
[0.3906, 0.1739, ],
[-0.6523, -0.8555, ],
[-0.3967, 0.8293, ],
[0.5190, 0.1864, ],
[0.1165, -0.0070, ],
[0.7236, -0.7994, ],
[-0.6954, -0.5143, ],
[0.6741, 0.0623, ],
[0.2598, 0.6534, ],
[0.1875, 0.7688, ],
[0.6543, -0.1149, ],
[0.4649, 0.9222, ],
[0.9781, 0.6895, ],
[0.5260, -0.9061, ],
[-0.2396, 0.5711, ],
[-0.4613, 0.5147, ],
[0.8824, 0.9378, ],
[0.7616, -0.3528, ],
[-1.0000, -0.4221, ],
[0.8024, 0.3702, ],
[-0.9469, 0.9585, ],
[-0.0542, -0.8924, ],
[-0.0502, 0.2710, ],
[0.6290, 0.7798, ],
[-0.3547, -0.1739, ],
[0.3140, -0.1437, ],
[0.1724, 0.2650, ],
[-0.0970, -0.3767, ],
[-0.2645, 0.8828, ],
[-0.5950, -0.6108, ],
[-0.2540, 0.7182, ],
[-0.1104, -0.9977, ],
[-0.0202, -0.8861, ],
[-0.3429, 0.5543, ],
[0.7586, -0.0120, ],
[0.9969, 0.5829, ],
[-0.6346, 0.4676, ],
[-0.1560, -0.0522, ],
[-0.4342, 0.0992, ],
[-0.6067, 0.7078, ],
[0.4368, -0.3203, ],
[-0.4021, -0.7598, ],
[0.5039, -0.7926, ],


[5.0000, ],
[6.0000, ],
[10.0000, ],
[8.0000, ],
[12.0000, ],
[4.0000, ],
[6.0000, ],
[10.0000, ],
[0.0000, ],
[9.0000, ],
[6.0000, ],
[18.0000, ],
[4.0000, ],
[4.0000, ],
[6.0000, ],
[4.0000, ],
[8.0000, ],
[4.0000, ],
[5.0000, ],
[2.0000, ],
[6.0000, ],
[7.0000, ],
[5.0000, ],
[1.0000, ],
[3.0000, ],
[8.0000, ],
[7.0000, ],
[0.0000, ],
[12.0000, ],
[0.0000, ],
[9.0000, ],
[6.0000, ],
[2.0000, ],
[10.0000, ],
[11.0000, ],
[4.0000, ],
[5.0000, ],
[4.0000, ],
[7.0000, ],
[3.0000, ],
[9.0000, ],
[3.0000, ],
[12.0000, ],
[5.0000, ],
[12.0000, ],
[2.0000, ],
[3.0000, ],
[7.0000, ],
[10.0000, ],
[7.0000, ],
[10.0000, ],
[4.0000, ],
[5.0000, ],
[11.0000, ],
[10.0000, ],
[3.0000, ],
[6.0000, ],
[4.0000, ],
[4.0000, ],
[4.0000, ],
[11.0000, ],
[7.0000, ],
[6.0000, ],
[5.0000, ],
[4.0000, ],
[3.0000, ],
[6.0000, ],
[0.0000, ],
[7.0000, ],
[8.0000, ],
[10.0000, ],
[12.0000, ],
[3.0000, ],
[12.0000, ],
[15.0000, ],
[13.0000, ],
[7.0000, ],
[5.0000, ],
[6.0000, ],
[11.0000, ],
[9.0000, ],
[3.0000, ],
[5.0000, ],
[0.0000, ],
[14.0000, ],
[16.0000, ],
[3.0000, ],
[2.0000, ],
[13.0000, ],
[4.0000, ],
[8.0000, ],
[4.0000, ],
[15.0000, ],
[3.0000, ],
[4.0000, ],
[0.0000, ],
[9.0000, ],
[4.0000, ],
[5.0000, ],
[3.0000, ],


