[ 4,  0,  0,  0,  0,  0,  0,  0,  0,  0,  0,  0,  0,  9,  0,  0,  0,  9,  0,  0,  0,  0,  0,  0, ],
[ 0,  0,  0,  0,  0,  0,  0,  0,  0,  0, 10,  0,  0,  0,  0,  0,  0,  0,  0,  0,  0,  0,  0,  0, ],
[ 0,  0,  0,  0,  0,  0,  9,  0,  0,  0,  0,  0,  0,  7,  0,  0, 13,  0,  0,  8,  0,  0,  0,  0, ],
[ 0,  0,  0,  0,  0,  0,  0,  0,  7,  0,  0,  0,  0,  0,  0,  0,  0,  6,  0,  0,  0,  0,  0,  0, ],
[ 0,  0,  0,  0,  1,  0,  0,  8,  0,  0,  0,  0,  0,  0,  7,  0,  0,  0,  0,  0,  0,  0,  0,  0, ],
[ 0,  0,  0,  0,  0,  0,  0,  0,  0,  0,  8,  0,  0,  0,  9,  0,  0,  0,  0,  0,  0,  0,  0,  0, ],
[13,  0,  0,  0,  0,  0,  0,  0,  0,  0,  0,  0,  0,  0,  0,  0,  0,  0,  0,  0,  0,  0,  4,  0, ],
[ 0,  0,  0,  0,  0,  0,  0,  0,  6,  0, 10,  0,  0,  0,  0,  0,  0,  0,  0,  0,  0,  0,  0,  0, ],
[ 0,  0,  0,  0,  0,  0,  0,  0,  0,  0,  0,  0,  0,  0,  0,  0,  0,  0,  0,  0,  0,  0,  0,  1, ],
[ 0,  0, 13,  0,  0,  7,  0,  0,  0,  0,  0, 14,  0,  0,  0,  0,  0,  9,  0,  0, 10,  0,  0,  0, ],
[ 0,  0,  0,  0,  0,  0,  0,  0,  0,  0,  0,  0,  1,  0,  0,  0,  0,  0,  3,  5,  0, 12,  0,  0, ],
[ 0,  0,  0,  0,  0,  0, 12,  0,  0,  0,  0,  0,  0, 14,  1,  2,  0,  0,  0,  0,  0,  0,  0,  0, ],
[ 0,  0,  0,  0,  0,  0,  0,  0,  0,  0,  0,  0,  0,  0,  0,  6,  0,  0,  0,  0,  0,  0,  0,  0, ],
[ 0,  0,  0,  0,  8,  0,  0,  2,  0,  0,  0,  0,  0,  0,  0,  0,  0,  0,  4,  0,  0,  0,  0,  0, ],
[ 0,  0,  0,  0,  0,  0,  0,  0,  0,  0,  0,  0,  0,  0,  5,  2,  0,  0,  0,  0,  0,  1,  0,  0, ],
[ 0,  0,  0,  0,  0,  0,  0,  0,  0,  0,  0,  0,  0,  0,  0,  0, 12,  0,  0,  0,  0,  0,  0,  0, ],
[ 1,  0,  0,  0,  0,  0,  0,  0,  0,  0,  0,  0,  0,  0,  0,  0,  6,  0,  0,  0,  0,  0,  0,  0, ],
[ 0,  0,  0,  0,  0,  0,  0,  0,  0,  0,  0,  6,  0, 11,  0,  0,  0,  0,  0,  0,  0,  0,  0,  0, ],
[ 0,  0,  0,  0,  0,  0, 11,  0,  0,  0,  0,  0,  0,  0,  0,  0,  0,  0,  0,  0,  0,  0,  0,  0, ],
[11,  0,  7, 13,  0,  0,  0,  0,  0,  0,  0,  0,  0,  0,  0,  0,  0,  0,  0,  0,  0,  0,  0,  0, ],
[ 0,  0,  0,  0,  0,  0,  0,  0,  0,  6,  0,  0,  0,  0,  0,  0,  0,  0,  0,  8,  0,  0,  0,  0, ],
[ 0,  0,  0,  0,  0,  0,  0,  0,  0,  0,  0,  0,  0,  0,  0,  0,  0,  0,  0,  0,  0,  0,  0,  0, ],
[ 0,  0,  0,  0,  0,  0,  0,  0,  0,  0,  0,  0,  0,  0,  0,  0,  0,  0,  0,  0,  0,  0,  0,  0, ],
[ 0, 13,  0,  0,  0,  0,  0,  0,  0,  0,  0,  0,  0,  0,  0,  0,  0,  0,  0,  0,  0,  0,  0,  0, ],
[ 0,  0,  0,  0,  0,  0,  0,  0,  0,  0,  0,  0,  0,  0,  0,  0,  0,  0,  0,  0,  0,  0, 11,  0, ],
[ 0,  0,  0,  0,  0,  0,  0,  2,  0,  0,  0,  0,  0,  0,  0,  0,  0,  0,  0,  0,  0,  0,  0,  0, ],
[ 0,  0,  0,  0,  0,  0,  8,  0,  0, 13,  0,  0,  0,  8,  0,  0,  0,  0,  0,  0,  0,  0,  0,  0, ],
[ 0,  0,  0,  0,  0,  0,  0,  0,  0,  0,  0,  0,  0,  0,  0,  0,  0,  0,  0,  0,  0,  0,  0,  0, ],
[ 8,  0,  0,  0, 12,  0,  0,  0, 13,  0,  0,  0,  0,  0, 14,  0,  0,  0,  0,  0,  0,  0,  0,  0, ],
[ 6,  0,  0,  0,  0,  0,  0,  0, 12,  0,  0,  0,  0,  0,  3,  0,  0,  0,  0,  0,  0,  0,  0,  0, ],
[ 0,  0,  0,  0,  0,  0,  0,  0,  2,  0,  2,  0,  0,  0,  0,  0,  0,  0,  0,  0,  0,  0,  0,  0, ],
[ 4,  0,  0,  0,  0,  0,  0,  0,  0,  0,  6,  0,  0,  2,  0,  0,  3,  0,  0,  0,  0,  0,  0,  0, ],
[ 0,  0,  0,  0,  0,  0,  0,  0,  0,  9,  0,  0,  0,  0, 10,  0,  0,  0,  0, 14,  0,  0,  0,  0, ],
[ 0, 12,  0,  0,  6, 11,  0, 10,  0,  3,  0,  0,  0,  0,  0,  0,  0,  0,  0,  0,  0,  0,  0,  0, ],
[ 0,  0,  0,  0,  0,  0,  0,  0,  0,  0,  0,  0,  0,  0,  0,  0,  0,  0,  0,  0,  0,  0,  0,  0, ],
[ 0,  0,  0,  9,  0,  0,  0, 13,  0,  0,  0,  2,  0,  0,  0,  0,  0,  0,  0,  0, 11,  0,  0,  0, ],
[ 0,  0,  0, 13,  0,  0,  0,  0,  0,  0,  0,  0,  0,  0,  0, 13,  0,  0,  0,  0,  0,  0,  0,  0, ],
[ 0,  0,  0,  0,  0,  0,  0,  0, 10,  0,  0,  0,  0,  0,  0,  0,  0,  0,  0,  0,  0,  0,  0,  0, ],
[ 0,  0,  0,  0,  0,  0,  0,  0,  4,  1,  0,  0,  0,  0,  0,  1,  0,  0,  0,  0,  9,  0,  0,  0, ],
[ 0, 10,  0,  0,  0,  0,  0,  0,  0,  0,  0,  0,  0,  0,  0,  0,  0,  0,  0,  0,  0,  0,  0,  0, ],
[ 0,  0,  0,  0,  0,  0,  6,  0, 14,  0,  0,  7,  0,  0,  0,  0,  0,  0,  0,  0,  0,  0,  0,  0, ],
[ 0,  0,  0,  0,  0,  0,  0,  0,  0, 10,  0, 10,  0,  0,  0,  0,  0,  0,  0,  0,  0,  0,  0,  0, ],
[12,  0,  0,  0,  0,  0,  0,  0,  7,  0,  0,  0,  0,  0,  0,  8,  0,  0,  0,  0,  0,  0,  0,  0, ],
[ 0,  0,  0,  0,  0,  0,  0,  1,  0, 12,  0,  0,  0, 10,  0,  0,  0,  0,  0,  0,  9,  0,  0,  0, ],
[ 0,  2,  0,  0,  0,  0,  0,  0,  0,  0,  0, 13,  0,  0,  0,  0,  8,  0,  7,  0,  9,  0,  0,  0, ],
[ 0,  0,  0,  0,  0,  0,  0,  0,  0,  0,  0,  0,  0,  0,  0,  0,  0,  0,  0,  0,  0,  0,  0,  0, ],
[ 0,  0,  0,  0,  0,  1,  0,  0,  0,  7,  0,  0,  5,  0,  0,  0,  0,  0,  0,  0,  0,  0,  0,  0, ],
[ 0,  0,  0,  0,  0,  0, 10,  0,  8,  0,  0,  0,  0,  0, 13, 10,  0,  0,  0,  0,  0,  0,  0,  6, ],
[ 0,  0,  0,  0,  0,  0,  9,  0,  0,  0,  0,  0,  0, 10,  0,  0,  7,  0,  0,  0,  0,  0,  0,  0, ],
[ 0,  0,  0,  0,  0,  0,  0,  0,  0,  0,  0,  0,  0,  0,  0,  0,  0,  0,  0,  0,  0,  0,  0,  0, ],
[ 0,  0, 14, 13,  0,  0, 13,  0,  0,  0,  0,  0,  0, 10,  0,  0,  0,  0,  0,  0,  0,  0,  0,  0, ],
[ 9,  0,  0,  0,  0,  0,  0,  0,  0,  0,  0,  0,  0,  0,  1,  0,  0,  0,  0,  0,  0,  0,  0,  0, ],
[ 0,  0,  0,  0,  7,  0,  0,  0,  0,  0,  0,  0,  0,  0,  0,  0,  0,  0,  0,  0,  0,  0,  0,  0, ],
[ 0,  0,  3, 14,  0, 13,  0,  0,  0,  0,  0,  0,  0,  0,  0,  3,  0,  0,  0,  0,  0,  0,  0,  0, ],
[ 0,  0,  0,  0,  0,  0,  0,  0,  0,  0,  0,  0,  0,  0,  0,  0,  4,  7,  0,  0,  0,  0,  0,  0, ],
[12,  0,  0,  0,  0,  0,  0,  0, 12,  0,  0,  0, 10,  0,  0,  0,  0,  0,  0,  0,  0,  0,  0,  0, ],
[ 0,  0,  0,  6,  0,  0,  0,  0,  0,  0,  0,  0,  0,  0,  0,  0,  0,  0,  0,  0,  0,  0,  0,  0, ],
[ 0,  0,  0,  0, 11,  0,  0,  0,  0,  0,  0,  0,  7,  5,  0,  0,  0,  0, 11,  0,  0,  0,  0,  0, ],
[ 0,  6,  0,  0,  0,  0,  0,  0,  0,  0,  0,  0,  0,  0,  0,  0,  3, 13,  0,  0,  0,  7,  0,  0, ],
[ 3,  0,  0,  0,  9,  0,  0,  0, 13,  0,  0,  0,  5,  2,  0,  0,  0,  0,  0,  0,  0,  0,  0,  0, ],
[ 0,  0,  0,  0,  0,  0,  0,  0,  0,  0,  0,  0,  0, 10,  0,  0,  0,  0,  0,  0,  0,  0,  0,  0, ],
[ 0,  5,  0,  0,  0,  0,  0,  0,  0,  0,  0,  0,  0,  0,  0,  0,  0,  0,  0,  0,  0,  0,  3,  0, ],
[ 0,  0,  0,  0,  0,  0,  0, 11, 14,  0,  0,  0,  0,  0,  0,  0,  0, 14,  0,  0,  0,  0,  0,  5, ],
[ 3,  0,  0,  0,  0,  0,  0,  0,  0,  0,  0,  0,  0,  0,  0,  0, 10,  0,  0,  0,  0,  0,  0,  0, ],
[ 0,  0,  0,  0,  0,  7,  0,  0,  0,  0,  0,  0,  0,  0,  0,  0,  6,  0,  8,  0,  0,  0,  0,  0, ],
[ 0,  0,  0,  0,  0,  4,  0,  2,  7,  0,  0,  0,  0,  0,  0,  0,  0,  0,  0,  0,  0,  0,  0,  0, ],
[ 8,  0,  0,  0,  0,  0,  0,  0,  6,  0, 11,  0,  0,  0,  0,  0,  0,  0,  0,  0,  0,  0,  0,  0, ],
[ 0,  0,  0,  0,  0,  0,  0,  0,  0,  0,  0,  3,  4,  0,  0,  0,  0,  0,  0,  0,  0,  0,  0,  0, ],
[ 0,  0,  0,  0,  0,  0,  0,  0,  0,  0,  0,  0,  0, 14,  0,  0,  0,  0,  0,  0,  0,  2,  0,  0, ],
[ 0,  0,  5,  0,  0,  0,  0,  0,  0,  0, 11,  0,  8,  0,  0,  0,  0,  0,  0,  0,  0,  0,  0,  0, ],
[ 0,  0,  0,  0, 11,  0,  0,  0,  0,  0,  0,  0,  0,  0,  0, 11,  0,  0,  0,  0,  0,  0,  0,  0, ],
[13,  0, 10,  0,  0,  0,  0,  0,  0,  0,  2,  0,  0,  0,  0,  0,  0,  0, 13,  0,  0,  0,  0,  0, ],
[ 0,  0,  0, 12,  0, 13,  0,  0,  0,  0,  0,  0,  0,  0,  0,  0,  0,  0,  0,  0,  0,  0,  0,  6, ],
[ 0,  0,  9,  0,  0,  0,  0,  0,  0,  0,  0,  0,  0,  0,  0,  0,  0,  0,  0,  0,  0,  0,  0,  0, ],
[ 0,  0,  0,  0,  0,  0,  0,  0,  0,  0,  0,  0,  0,  0,  0,  0,  0,  0,  0,  0,  0,  0,  0,  0, ],
[ 0,  0,  0,  0,  0,  0,  0,  0,  1,  0, 12,  9,  0,  0, 10,  0,  0,  0,  0,  0,  0,  0,  0,  0, ],
[ 0, 14,  0,  0,  3,  0,  0, 12,  0,  0,  0,  0,  0,  0,  0,  0, 13,  5,  0,  0,  0,  0, 12,  0, ],
[ 0,  2,  0,  0,  0,  0,  0,  0,  0,  0,  0,  0,  0,  0,  0,  0,  0,  0,  0,  0,  0,  0,  0,  0, ],
[ 0,  0,  0,  0,  0,  0,  2,  0,  0,  0,  0,  0,  0,  0,  0,  0,  0,  0,  0,  0,  0,  0,  0,  0, ],
[ 0,  0,  0,  0, 11,  0,  0,  0,  0,  0,  0,  0,  0,  0,  0,  0,  0,  0,  0,  0,  0,  0,  0,  0, ],
[ 0,  0,  0,  0,  0,  4,  0,  0,  0, 14,  0,  0,  0,  0,  0,  0,  0,  0,  0,  9,  0,  0,  0,  0, ],
[ 0,  0,  0,  0,  3, 14,  0,  0,  0,  0,  0,  0,  0,  0,  0,  0,  0,  0,  0,  0,  0,  0,  0,  0, ],
[ 0,  0,  0,  0,  0,  0,  0, 11,  0,  0,  0,  0,  0,  0,  8,  1,  0,  0,  8,  0,  0,  0,  0,  0, ],
[ 0,  0,  3,  0, 11,  0,  0,  0,  0,  0,  0,  0,  0,  0,  0,  0,  0,  0,  0,  0,  0,  0,  0,  0, ],
[ 0,  0,  0,  0,  0,  0,  0,  4,  0,  0,  0,  0,  0,  0,  0,  0, 14,  0,  0,  0,  0,  0,  0,  0, ],
[ 0,  0,  0, 13,  0,  0,  4,  0,  0,  0,  0,  0,  0,  0, 12,  1,  0, 14,  0,  0,  0,  0,  0,  0, ],
[ 0,  0,  0,  4,  0,  0,  0,  0,  0,  0,  0,  0,  0,  0,  0,  0,  0,  0,  0,  0,  0,  0,  0,  0, ],
[ 0,  0,  0,  0,  0,  0,  0,  0,  0,  0,  0,  0,  0, 10,  5,  0,  0,  0, 14,  0,  0, 12,  0,  0, ],
[ 0,  0,  0,  0,  0,  0,  2,  0,  0,  0,  0,  3,  0,  0,  0,  0,  0,  0,  0,  0,  0,  0,  0,  0, ],
[ 0,  0, 11,  0,  0,  0,  0,  0, 13,  0,  0,  0,  1,  0,  0, 14,  0,  0,  0,  0,  0,  0,  0,  0, ],
[ 0,  0,  0,  2,  0,  0,  0,  0,  0,  0,  0,  0,  0,  0,  0,  0,  0,  0,  0,  0,  0,  0,  0,  0, ],
[ 0,  0,  0,  0,  0,  0,  0,  0,  0,  0,  0,  0,  0,  0,  0,  0,  0,  0,  0,  0,  0,  0,  0,  0, ],
[ 0,  0, 13,  0,  0,  0,  0,  0,  0,  0,  0,  0, 11,  0,  0,  0,  9,  0,  0,  0,  0,  0,  0,  0, ],
[ 0,  0,  0,  0,  0, 12,  5,  4,  0,  0,  6,  0,  0,  0,  0,  0,  0,  0,  0, 11,  0,  0, 11,  0, ],
[ 0,  0,  0,  0,  0,  0,  0,  0,  0,  0,  0,  0,  0,  0,  0,  0,  0,  0,  0,  0,  0,  0,  0,  0, ],
[ 9,  7,  0,  0,  0,  0,  0,  0,  0,  0,  0,  0,  0,  0,  0,  0,  0,  0,  0,  0,  0,  0,  8,  0, ],
[ 0,  0,  0,  0,  0,  0,  0,  0,  0,  0,  0,  0,  0,  5,  0,  0,  0,  0,  0,  0,  0,  0,  0,  0, ],
[ 0, 12,  0,  0,  0,  0,  0,  0,  0,  0,  0,  0,  0,  0,  0,  0,  0,  0,  0,  0,  0,  0,  0,  0, ],
[ 0,  0,  0,  0, 13,  0,  0,  0,  0,  0,  0,  0,  0,  9,  0,  0,  0,  0,  0,  0,  0,  0,  0,  0, ],
[ 0,  0,  0,  0,  0,  0,  0,  6,  0,  0,  0,  0,  0,  0,  7,  0,  0,  0,  3,  0,  0,  0,  0,  0, ],


[0.9334, -0.9825, ],
[-0.1233, -0.2407, ],
[0.2056, -0.3935, ],
[-0.2311, 0.0413, ],
[0.9227, 0.5037, ],
[0.4319, -0.2573, ],
[-0.6382, 0.2867, ],
[0.1491, 0.3576, ],
[-0.1011, 0.3737, ],
[-0.3240, 0.2671, ],
[-0.6581, -0.4287, ],
[-0.0702, -0.4763, ],
[0.3846, -0.8152, ],
[0.7073, 0.3957, ],
[0.6143, 0.5514, ],
[-0.6361, -0.1375, ],
[-0.6153, -0.4623, ],
[0.1601, 0.9840, ],
[0.5874, 0.1054, ],
[0.5284, -0.9460, ],
[0.9793, 0.2907, ],
[0.1865, 0.0651, ],
[0.7135, -0.1775, ],
[1.0000, -0.1321, ],
[0.8263, 0.2100, ],
[0.3026, -0.0955, ],
[-0.9984, -0.2846, ],
[0.1632, -0.4795, ],
[0.6849, 0.4561, ],
[-0.4029, -0.4994, ],
[-0.7615, 0.3850, ],
[-0.1086, 0.4162, ],
[-0.9946, -0.4525, ],
[0.3628, 0.8913, ],
[-0.0013, -0.1683, ],
[0.0334, 0.1206, ],
[0.5075, -0.3885, ],
[0.3626, -0.3138, ],
[1.0000, 0.8932, ],
[0.8271, 0.5154, ],
[0.5101, -0.7053, ],
[0.0250, 0.2244, ],
[0.3320, -0.1176, ],
[0.5051, -0.8510, ],
[0.7851, -0.2164, ],
[0.2136, 0.9472, ],
[0.2705, -0.2525, ],
[-0.3078, -0.1044, ],
[-0.1420, -0.6441, ],
[1.0000, 0.7569, ],
[0.4692, -0.0591, ],
[0.0885, -0.4706, ],
[0.1344, -0.7894, ],
[0.0581, -0.4418, ],
[-0.4730, 0.4608, ],
[0.6900, -0.6323, ],
[0.5711, -0.1510, ],
[-0.6992, 0.1412, ],
[-0.6714, 0.4732, ],
[0.1326, -0.6214, ],
[0.3063, 0.1864, ],
[-0.5212, 0.2344, ],
[-0.6715, 0.0463, ],
[0.2066, 0.0836, ],
[1.0000, 0.0141, ],
[-0.1536, -1.0000, ],
[0.2899, 0.2439, ],
[0.1689, -0.7768, ],
[0.3996, 0.1008, ],
[0.9050, 0.0883, ],
[0.9327, 0.7014, ],
[-0.3631, 0.4420, ],
[-0.2577, 0.3321, ],
[-0.2247, -0.4660, ],
[-0.7947, 0.6384, ],
[-1.0000, -0.2645, ],
[0.8635, 0.3894, ],
[1.0000, 0.9585, ],
[0.2583, 0.1239, ],
[1.0000, -0.4805, ],
[-0.3623, -1.0000, ],
[0.1681, 0.6455, ],
[-1.0000, 0.9234, ],
[-0.1479, 0.7659, ],
[-0.2813, -0.2121, ],
[-0.5275, -0.3349, ],
[-0.0314, 0.4004, ],
[0.7799, 0.5661, ],
[-0.1857, -0.7345, ],
[0.4826, -0.1680, ],
[-0.5700, 0.6560, ],
[0.0130, 0.9686, ],
[0.0517, -0.6028, ],
[0.9850, -0.4704, ],
[-0.2918, -0.8824, ],
[-0.4084, 0.1276, ],
[-0.7065, 0.4587, ],
[0.4348, 0.3271, ],
[0.6659, 0.3450, ],
[0.3245, 0.8469, ],


[8.0000, ],
[4.0000, ],
[13.0000, ],
[6.0000, ],
[7.0000, ],
[6.0000, ],
[6.0000, ],
[7.0000, ],
[1.0000, ],
[18.0000, ],
[9.0000, ],
[10.0000, ],
[3.0000, ],
[6.0000, ],
[4.0000, ],
[4.0000, ],
[4.0000, ],
[7.0000, ],
[4.0000, ],
[11.0000, ],
[6.0000, ],
[0.0000, ],
[0.0000, ],
[4.0000, ],
[4.0000, ],
[1.0000, ],
[10.0000, ],
[0.0000, ],
[15.0000, ],
[9.0000, ],
[2.0000, ],
[8.0000, ],
[11.0000, ],
[17.0000, ],
[0.0000, ],
[12.0000, ],
[8.0000, ],
[4.0000, ],
[7.0000, ],
[4.0000, ],
[10.0000, ],
[8.0000, ],
[10.0000, ],
[12.0000, ],
[14.0000, ],
[0.0000, ],
[6.0000, ],
[18.0000, ],
[10.0000, ],
[0.0000, ],
[16.0000, ],
[4.0000, ],
[3.0000, ],
[12.0000, ],
[5.0000, ],
[12.0000, ],
[3.0000, ],
[13.0000, ],
[12.0000, ],
[12.0000, ],
[4.0000, ],
[4.0000, ],
[14.0000, ],
[6.0000, ],
[9.0000, ],
[6.0000, ],
[10.0000, ],
[4.0000, ],
[5.0000, ],
[9.0000, ],
[8.0000, ],
[13.0000, ],
[11.0000, ],
[3.0000, ],
[0.0000, ],
[12.0000, ],
[20.0000, ],
[1.0000, ],
[1.0000, ],
[4.0000, ],
[9.0000, ],
[6.0000, ],
[11.0000, ],
[6.0000, ],
[6.0000, ],
[15.0000, ],
[2.0000, ],
[14.0000, ],
[3.0000, ],
[13.0000, ],
[1.0000, ],
[0.0000, ],
[11.0000, ],
[19.0000, ],
[0.0000, ],
[9.0000, ],
[2.0000, ],
[4.0000, ],
[7.0000, ],
[8.0000, ],


