[ 0,  0,  0,  0,  0,  0,  0,  0,  0,  0,  0,  0,  9,  0,  0,  0,  0,  0,  0,  0,  0,  0,  0,  0, ],
[ 0,  0,  0,  0,  4,  0,  0,  0,  0,  0,  0,  0,  0,  0,  0,  0,  0,  0,  0,  0,  0,  0,  0,  0, ],
[ 0,  0,  0,  3,  0,  0,  0,  0,  0,  0,  0,  0,  0,  8,  0,  0, 13,  0,  0,  0,  0,  2,  0,  0, ],
[ 0,  0,  0,  0,  0,  0,  0,  0,  0,  0,  0,  0,  0,  0,  0,  0,  0,  0,  0,  0,  0,  0,  0,  0, ],
[ 0,  0,  0,  0,  0,  0,  0,  0,  0,  9,  0,  0,  0, 11,  0,  0,  6,  0,  0,  0,  0,  9,  0,  0, ],
[ 0,  0,  0,  0,  0,  0,  0,  0,  0,  0,  0,  0,  0,  0,  9,  0,  0,  0,  0,  0,  0,  0,  0,  0, ],
[ 0,  0,  0,  0,  0,  0, 13,  0,  0,  0,  0,  0,  0,  0,  0,  0,  0,  0,  0,  0,  0,  0,  0,  0, ],
[ 0,  0,  0,  0,  0,  0,  0,  0,  6,  0, 10,  0,  0,  0,  0,  0,  0,  0,  0,  0,  0,  0,  0,  0, ],
[ 0,  0,  0,  0,  0,  0,  0,  0,  0,  4,  0,  0,  0,  0,  0,  0,  0,  5,  0,  0,  0,  0,  0,  0, ],
[ 0,  0,  3,  0,  0,  0,  6,  0,  0,  0,  0,  0,  0,  0,  0,  0,  0,  1,  0,  0,  0,  0,  0,  0, ],
[ 0,  0,  0,  0,  0,  0,  0,  0,  0,  0,  0,  2,  1,  0,  0,  3,  0,  0,  0,  5,  0,  0,  0, 14, ],
[ 0,  0,  0,  0,  0,  0,  0,  0,  0,  0,  0,  0,  0, 14,  0,  0,  0,  0,  0,  0,  0,  0,  0,  0, ],
[ 0,  0,  0,  0,  0,  0,  0,  0,  1,  0,  0,  0,  0,  0,  0,  0,  0,  0,  8,  0,  0,  0,  0,  0, ],
[ 0,  0,  0, 12,  0,  0,  5,  2,  0,  4,  0, 10,  0, 10,  0,  0,  4,  0,  0,  0,  0,  0,  0,  0, ],
[ 0, 13,  0,  0,  0,  3,  0,  0,  0,  4,  0,  0,  0,  0,  0,  0,  0,  0, 12,  0,  6,  1, 12,  0, ],
[ 9,  0,  0,  0,  0,  0,  0,  7,  0,  0,  0,  0,  0, 13,  0,  0,  0,  0,  0,  0,  0,  0,  0,  0, ],
[ 0,  0,  0,  0,  0,  0,  0,  0,  0,  0,  5,  0,  5, 13,  0,  5,  0,  0,  0,  0,  0,  0,  0,  0, ],
[ 0,  0,  0,  0,  0,  0,  0,  0,  0,  0,  0,  9,  0,  0,  1,  0,  0,  0,  0,  0,  0,  4,  0,  0, ],
[ 0,  0,  0,  0,  0,  0,  0,  0,  0,  0,  0,  0,  0,  0,  0,  2,  0,  0,  0,  0,  0,  0,  0,  0, ],
[ 7,  0,  0,  0,  0,  0,  0,  0,  0,  0,  0,  0,  0,  0,  0,  0,  0,  0,  0,  0,  0,  0,  0,  0, ],
[ 0,  0,  0,  0,  0,  0,  0,  0,  0,  0,  0,  0,  7,  0,  0,  0,  0,  0,  0,  0,  0,  0,  0,  0, ],
[ 0,  0,  0,  0,  0, 11,  0,  0,  0,  0,  0,  0,  0,  0,  0, 10,  0,  0,  0,  0,  0,  0,  0,  0, ],
[ 0,  0,  0,  0,  0,  0,  0,  0, 10,  0,  0,  0,  0,  0,  0,  0,  0,  0,  0,  0,  0,  0,  0,  0, ],
[ 3, 13,  0,  0,  0,  0,  0,  0,  0,  0, 14,  0,  0,  0,  0,  0,  0,  0,  0,  0,  0,  0,  0,  0, ],
[ 7,  0,  0,  0,  0,  0,  0,  0,  0,  0,  0,  0,  0,  0,  0,  0,  2,  0,  0,  7,  0,  0,  0,  0, ],
[ 0,  0,  0,  0,  0,  0,  0,  0, 11,  0,  0,  0,  0,  0,  0,  0,  0,  0,  0,  0,  0,  0,  0,  0, ],
[ 0,  0,  0,  0,  0,  0,  8,  0,  0,  0,  0,  0,  0,  2,  0,  0,  0,  0,  0,  0,  0,  0,  0,  8, ],
[ 6,  0,  8,  0,  0,  0,  0,  0,  0,  0,  0,  0,  7,  0,  0,  0,  0,  0,  0,  0,  0,  0,  0,  0, ],
[ 1,  5,  0,  6,  0,  0,  0,  0, 13,  0, 12,  0,  0,  0,  0,  0,  0,  0,  0,  0,  0,  0,  0,  0, ],
[ 0,  0,  0,  0,  0,  0,  0,  4,  0,  0,  0,  0,  2,  0,  0,  0,  0,  0,  0,  2,  0,  0,  0,  0, ],
[ 0,  0,  0,  0,  0,  0,  0,  0,  0,  0,  0,  0,  0,  0,  0,  0,  0,  0,  9,  0,  0,  0,  0,  0, ],
[ 0,  0,  0,  0,  0,  0,  0,  0,  0,  0,  0,  0,  0,  2,  0,  0,  6,  0,  0,  4,  0,  0,  0,  0, ],
[ 0,  0,  0,  0,  0,  0,  0,  0,  0,  0,  0,  0,  0,  0,  0,  0,  0,  0,  0,  0,  0,  0,  0,  2, ],
[ 0,  0,  0,  0,  6,  0,  0,  0,  0,  0,  0,  0,  1, 13,  0,  0,  0,  0,  0,  0,  0,  0,  0,  0, ],
[ 0,  0, 14,  0,  0,  0, 12,  0,  0,  0,  0,  0,  0,  0,  0,  0,  0,  0,  0,  0,  0,  0,  0,  0, ],
[ 0,  0,  0,  0,  0,  0,  0,  0,  0,  0,  0,  0, 14,  0,  0,  0,  0,  0,  0,  0,  0,  0,  0,  0, ],
[ 0,  0,  0,  0,  0,  0,  0,  0,  0,  0,  0,  0,  0,  0,  0,  0,  0,  0,  0,  0,  0,  0,  0, 14, ],
[ 0,  0,  0,  0,  0,  0,  0,  0,  0,  0,  0,  0,  0,  0, 13,  0,  0,  0,  6,  0,  0,  0,  0,  0, ],
[ 0,  0,  0,  1,  0,  0,  4,  0,  0,  0,  0,  0,  0,  0,  0,  0,  0,  0,  0,  0, 11,  0,  0,  0, ],
[ 0,  0,  0,  0,  0,  0,  0,  0,  0, 11,  0,  0,  0,  0,  0,  0,  0,  0, 10,  0,  0,  0,  0,  0, ],
[ 0,  0,  0,  0,  0,  0,  0,  3,  0,  7,  0,  0,  0,  0,  0,  5,  1, 13,  0,  0,  0,  0,  0,  0, ],
[ 0,  0,  0,  0,  0,  0,  0,  0,  0, 10,  0, 10,  0,  0,  0,  0,  0,  0,  0,  0,  0,  0,  0,  0, ],
[ 0,  0,  0,  0,  0,  0,  0,  0,  0,  0,  0,  0,  0,  0,  0,  0,  0,  0,  0,  0,  0,  0,  0,  0, ],
[ 0,  0,  0,  0, 11,  0,  0,  0,  0, 12,  0,  5,  2,  0,  0,  0,  0,  0,  0,  0,  9,  0,  0,  0, ],
[ 0,  0,  0,  0,  0,  0,  0,  0,  0,  0,  0,  0,  0,  0,  0,  0,  0, 12,  7,  0,  0,  0,  0,  0, ],
[ 0,  0,  8,  0,  0,  0,  0,  0,  0,  0,  0,  0,  0, 14,  0,  0,  4,  0,  0,  3,  0,  0,  0,  0, ],
[ 7,  0,  0,  0,  0,  0, 10,  0,  5,  0,  0,  0,  0,  0,  1,  0,  0,  0,  0,  0,  0,  6,  0,  0, ],
[ 0,  0,  0,  0,  0,  0,  0,  0,  0,  0,  0,  0,  0,  0,  0, 10,  0, 10,  0,  0,  0,  0,  0,  6, ],
[ 0,  0,  0,  5,  0,  0,  3,  0,  0, 13,  0,  0,  0,  0,  0,  0,  0,  0,  0,  0,  0,  0,  9,  0, ],
[ 6,  0,  0,  0,  0,  0,  0,  0,  0,  0,  0,  0,  0,  0,  0,  0, 12,  0,  0,  0,  0,  0,  0, 13, ],
[ 0,  0,  0, 14,  0,  0,  0, 11,  0,  0,  0,  0,  0,  0,  0,  0,  0,  0,  0,  0,  0,  0,  0,  2, ],
[ 0,  0,  0,  0,  0, 10,  0,  0,  0,  0,  0,  0,  0,  0,  0,  0,  0,  0, 12,  0,  0,  0,  0,  0, ],
[ 0,  0,  0,  0,  0,  5,  0,  0,  0,  0,  0,  0,  0,  0,  0,  0,  0,  0,  0,  0,  8,  0,  0,  0, ],
[ 0,  0,  3,  0,  0,  0,  0,  0,  0,  0,  0,  0,  0,  0,  0,  0,  0,  0,  0,  0,  0,  0,  0,  0, ],
[ 0,  0,  0,  0,  0,  0,  7,  0,  0,  0,  0,  0,  5, 14,  2,  0,  0,  0,  0,  0,  0,  0,  0,  0, ],
[ 0,  0,  0,  0,  0,  0,  2,  0,  0,  0,  0,  0,  0,  0,  0,  0,  0,  1,  0,  0,  0,  0,  0,  0, ],
[13,  0,  0,  0,  0,  0,  0,  0,  0,  0,  0,  0,  0,  0,  0,  0,  3,  2,  0,  0,  0,  0,  0,  0, ],
[ 0, 10,  0,  0,  2,  0,  0,  0,  0,  0,  0,  0,  0,  0,  0,  0,  0,  2,  0,  0,  0,  0,  0,  0, ],
[ 0,  0,  0,  0,  0,  0,  0,  0,  0,  0,  0,  0,  2,  0,  2,  0,  3,  0,  0,  0,  0,  0,  0,  0, ],
[ 0,  4,  0,  0,  0,  0,  2,  0,  0,  0,  0,  0,  0,  0,  0,  9,  0,  0, 14,  0,  0,  0, 11,  0, ],
[ 0,  0,  0, 14,  0,  0,  0,  0,  0,  0,  0,  0,  0,  0,  0,  0,  0,  0,  0,  0,  0,  0,  0,  0, ],
[ 0,  0,  0,  0,  0,  0,  0,  0,  0,  0,  0,  0,  0,  0,  4,  0,  0, 12,  0,  0,  0,  0,  0,  0, ],
[ 0,  0,  0,  0,  0,  0,  0,  0,  0,  0, 12,  0,  0,  0,  0,  0,  0,  0,  0,  0,  0,  0,  0,  0, ],
[ 0,  0,  0,  0,  0,  0,  0,  0,  0,  0,  5,  0,  0,  0,  0,  0,  0,  0,  0,  3,  0,  0,  0,  0, ],
[ 7,  0,  0,  0,  0,  0,  0,  0,  0,  0,  0,  0,  0,  0,  0,  0,  0,  0,  0,  0,  0,  0,  0,  0, ],
[ 0,  0,  0,  0,  0,  0,  0,  0,  0,  0,  0,  0,  0,  0,  0,  0,  0,  0,  0,  0,  0,  0,  0,  0, ],
[ 0,  0,  0,  0,  0,  0,  0,  0,  0,  0,  0,  0,  0,  0,  0,  0,  0,  0,  0,  7,  0,  0,  0, 13, ],
[ 3,  0,  0,  0,  0,  0,  0,  2,  0,  0,  0,  0,  0,  0,  0,  0,  0,  0,  9,  0,  0,  0,  0,  2, ],
[ 0,  4,  0,  0,  4,  0, 12,  0,  0,  5,  0,  0,  0,  0,  0,  0,  0,  0,  0, 12,  0,  0,  0,  0, ],
[ 8,  0,  5,  0,  0,  0,  0,  0,  0,  0,  0,  0,  8,  6,  5,  0,  0,  0,  0,  0,  4,  8,  0,  0, ],
[ 0,  0,  0,  0,  0,  0,  0,  0,  0,  0,  0,  0,  2,  0,  0, 11,  0,  0, 11,  0, 14,  0,  0,  0, ],
[ 0,  0,  0,  0,  0,  0,  0,  0,  0,  0,  0,  0,  0,  0,  0,  0,  0,  0,  0,  0,  0,  0,  6,  0, ],
[ 0,  0, 12,  0,  0,  0,  0,  0,  0,  0,  0,  0,  2,  0,  0,  0,  0,  0,  0, 14,  0,  0,  0,  4, ],
[12,  0,  0,  0,  0,  0,  0,  0,  0,  0,  0,  0,  0,  0,  0,  0,  0,  0,  0,  0,  0,  0,  0,  0, ],
[ 0,  0,  0,  0,  0,  0,  0,  0,  0,  0,  0,  9,  0,  0,  0,  0,  0,  0,  0,  0,  0,  0,  0,  0, ],
[ 0,  0,  0,  5,  0,  0,  0,  0,  0,  0,  0,  0,  6,  3,  0,  0,  0,  0,  0,  0,  0,  0,  0, 13, ],
[ 0, 14,  0,  0,  0,  0,  0,  0,  1, 13,  0,  0,  0,  0,  0,  0,  0,  0,  0,  0,  0,  0,  0,  0, ],
[ 8,  2,  0,  0,  0,  0,  0,  0,  0,  0,  0,  0,  0,  0,  0,  0,  0,  0,  0,  0,  0,  0,  0,  0, ],
[ 0,  0,  0,  0,  0,  7,  0,  0,  0,  0,  0,  0,  0,  0,  0,  0,  0,  0,  0,  0,  0,  0,  0,  0, ],
[ 0,  0,  0,  0,  0,  0,  0,  0,  0,  0,  0,  0,  0,  0,  0,  0,  0,  0,  0,  0,  0,  0,  0,  0, ],
[ 0,  0,  0,  0,  0,  0, 14,  0,  0,  0,  0,  7, 11,  0,  0,  0, 11,  0,  0, 13,  0,  0,  0,  0, ],
[ 0,  0,  4,  0,  0,  0,  0,  0,  0,  0,  0,  0,  0,  0,  0,  0,  0,  0,  0,  0,  0,  0,  0,  0, ],
[ 2,  5,  0,  0,  0,  9,  0, 13,  0,  0,  0,  0,  0,  0,  0,  1,  0,  0,  0,  0,  0,  0,  0,  0, ],
[ 0,  0,  9,  0, 11,  0,  0,  0,  0,  0,  0,  0,  0,  0,  0,  0,  0,  0,  0,  0,  0,  5,  0,  0, ],
[ 0,  0,  3,  0,  0,  0,  0,  0,  0,  0,  0,  0,  0,  0,  0,  0,  1,  0,  0,  0,  0,  0, 13,  0, ],
[ 0,  0,  0,  0,  0,  9,  0,  0,  0,  0,  0,  0,  0,  0,  0,  0,  0,  0,  0,  0,  0,  0,  0,  0, ],
[ 0,  0,  0,  0, 10,  0,  0,  0,  0,  0,  0,  0,  0,  0,  0,  0, 14,  0,  0,  0,  0,  0,  0,  3, ],
[ 0,  0,  0,  0,  0,  0,  0,  0,  4,  0,  0,  0,  0, 12,  0,  0,  0,  0, 14,  0,  0,  0,  0,  0, ],
[ 0,  0,  0,  0, 11,  0,  0,  0,  0,  0,  0,  3,  0,  0,  0, 11,  7,  0,  0,  0,  0,  0,  0,  0, ],
[ 5,  0, 11,  9,  0,  0,  0,  0,  0,  0,  0,  0,  0,  0,  0,  0,  7, 14,  0,  0,  0,  0,  0,  6, ],
[ 0,  0,  0,  2,  0,  7,  0,  0,  0,  0,  0,  5,  0,  0,  0,  0,  0,  0,  0,  0,  0,  0,  0,  0, ],
[ 0,  0,  0,  0,  0,  2,  0,  0,  0,  0,  0,  0,  0,  0,  0,  0,  0,  0,  0,  8,  0,  0,  2,  0, ],
[ 0,  0, 13,  0,  0,  0,  0,  7,  0,  2,  0,  0,  0,  0,  0,  0,  0,  0,  0,  0,  0,  0,  0,  0, ],
[ 0,  8,  0,  0, 13,  0,  0,  0,  0,  0,  0,  0,  0,  0,  0,  0,  0,  0,  0,  0,  0,  0,  0,  9, ],
[ 0,  0,  9,  0,  0,  0,  0,  0,  0,  0,  0,  5,  0,  0,  0,  0,  0,  0,  0,  0,  0,  0,  0,  3, ],
[ 0,  0,  0,  0, 14,  0,  0,  0,  0,  0,  0,  0,  0,  0,  0,  0,  0,  0,  0,  0,  0,  0,  0,  0, ],
[ 0,  0,  0,  0,  0,  0,  0,  0,  0,  0,  0,  0,  0,  0,  0,  0,  0,  0,  0,  0, 14,  0,  0,  0, ],
[ 0,  0,  0,  0,  0,  0,  0,  0,  0,  0,  0,  0,  0,  0,  0,  0,  0,  0,  0,  0,  0,  0,  0,  0, ],
[ 0,  0,  9,  0,  0,  0,  0,  0,  0,  1,  0,  0,  0,  0,  0,  0,  0,  0,  0,  0, 12,  0,  0,  0, ],
[ 0,  0,  0,  0,  0,  0,  0,  0,  0,  0,  0,  0,  0,  0,  0,  0,  0,  0,  0,  0,  0,  0,  0,  0, ],


[0.7353, -1.0000, ],
[-0.2132, -0.7945, ],
[-0.0012, -0.4578, ],
[-0.1020, 0.2335, ],
[0.8156, 0.5037, ],
[0.8362, -0.7966, ],
[-0.6450, 0.3886, ],
[0.1491, 0.2612, ],
[-0.1542, -0.8731, ],
[-0.3208, 0.2588, ],
[-0.9564, -0.0858, ],
[0.0471, -0.4763, ],
[-0.6058, -0.7566, ],
[0.5478, 0.0767, ],
[0.5137, 0.5067, ],
[-0.6361, -0.1375, ],
[-0.3817, -0.9050, ],
[-0.0421, 0.9962, ],
[0.3779, 0.0463, ],
[-0.1299, -0.7155, ],
[0.7917, -0.0216, ],
[0.0561, 0.2562, ],
[0.6455, -0.1139, ],
[-1.0000, -0.1321, ],
[0.7690, -0.7265, ],
[0.2180, -0.1563, ],
[-1.0000, 0.7187, ],
[0.1746, 0.8211, ],
[0.6849, 0.3750, ],
[-0.4610, -0.5069, ],
[-0.6714, 0.3850, ],
[-0.0852, 0.5525, ],
[0.8206, -0.2005, ],
[0.3643, 0.5523, ],
[-0.1402, -0.0710, ],
[-0.4870, 0.8952, ],
[-0.7624, 0.0045, ],
[0.5260, 0.0068, ],
[0.8643, 0.9702, ],
[1.0000, 0.5131, ],
[0.5101, -1.0000, ],
[0.0371, 0.2151, ],
[0.3937, 0.7323, ],
[0.3531, -0.6628, ],
[0.7851, -0.3178, ],
[0.0416, 0.8498, ],
[0.2130, -0.3110, ],
[-0.3078, 0.4626, ],
[-0.5872, -0.7712, ],
[0.8782, 0.7569, ],
[0.5296, -0.0591, ],
[0.0885, -0.4617, ],
[0.1344, -0.7793, ],
[-0.4417, -0.5298, ],
[-0.3717, 0.3111, ],
[0.6644, -0.3128, ],
[0.8079, -0.1538, ],
[-0.8719, 0.3285, ],
[-0.8141, 0.5019, ],
[0.0846, -0.3484, ],
[0.6651, 0.4364, ],
[-0.5625, 0.2344, ],
[-0.6715, 0.0948, ],
[0.2529, 0.2326, ],
[1.0000, 0.0141, ],
[0.5233, 0.5584, ],
[0.8068, 0.3581, ],
[0.1867, -0.7539, ],
[0.2164, 0.0627, ],
[0.9050, -0.1419, ],
[1.0000, 0.4601, ],
[0.0586, 0.4420, ],
[-0.3021, -0.0573, ],
[-0.2030, 0.5203, ],
[-0.7152, 0.7256, ],
[-0.9074, -0.2645, ],
[1.0000, 0.3089, ],
[0.2183, -0.0138, ],
[0.2186, 0.1335, ],
[-0.5580, -0.2717, ],
[0.4891, -1.0000, ],
[-0.0663, 0.6455, ],
[-0.2867, -0.1985, ],
[-0.3164, 0.7659, ],
[-0.2813, 0.1552, ],
[-0.3343, -0.3963, ],
[0.1684, 0.5990, ],
[0.8081, 0.4645, ],
[0.6264, -0.6787, ],
[0.3570, -0.9493, ],
[-0.4534, -0.2380, ],
[-0.0581, 0.9150, ],
[0.0519, 0.6049, ],
[0.3581, 0.2076, ],
[-1.0000, -0.9472, ],
[-0.3817, -0.4726, ],
[-0.7700, 0.0358, ],
[0.6376, -0.5009, ],
[0.7960, 0.5363, ],
[0.3059, 0.8196, ],


[3.0000, ],
[2.0000, ],
[10.0000, ],
[0.0000, ],
[13.0000, ],
[3.0000, ],
[4.0000, ],
[7.0000, ],
[4.0000, ],
[6.0000, ],
[10.0000, ],
[4.0000, ],
[4.0000, ],
[19.0000, ],
[20.0000, ],
[10.0000, ],
[10.0000, ],
[6.0000, ],
[1.0000, ],
[3.0000, ],
[3.0000, ],
[8.0000, ],
[4.0000, ],
[10.0000, ],
[7.0000, ],
[4.0000, ],
[7.0000, ],
[9.0000, ],
[14.0000, ],
[4.0000, ],
[3.0000, ],
[6.0000, ],
[1.0000, ],
[8.0000, ],
[8.0000, ],
[4.0000, ],
[4.0000, ],
[7.0000, ],
[7.0000, ],
[8.0000, ],
[12.0000, ],
[8.0000, ],
[0.0000, ],
[14.0000, ],
[7.0000, ],
[11.0000, ],
[13.0000, ],
[11.0000, ],
[11.0000, ],
[11.0000, ],
[9.0000, ],
[8.0000, ],
[5.0000, ],
[2.0000, ],
[10.0000, ],
[2.0000, ],
[7.0000, ],
[6.0000, ],
[4.0000, ],
[14.0000, ],
[4.0000, ],
[6.0000, ],
[4.0000, ],
[4.0000, ],
[3.0000, ],
[0.0000, ],
[7.0000, ],
[7.0000, ],
[14.0000, ],
[18.0000, ],
[13.0000, ],
[3.0000, ],
[11.0000, ],
[4.0000, ],
[3.0000, ],
[11.0000, ],
[9.0000, ],
[4.0000, ],
[3.0000, ],
[0.0000, ],
[19.0000, ],
[2.0000, ],
[11.0000, ],
[9.0000, ],
[7.0000, ],
[3.0000, ],
[10.0000, ],
[10.0000, ],
[13.0000, ],
[19.0000, ],
[6.0000, ],
[5.0000, ],
[8.0000, ],
[10.0000, ],
[7.0000, ],
[4.0000, ],
[4.0000, ],
[0.0000, ],
[8.0000, ],
[0.0000, ],


