[ 0,  0,  0,  0,  3, 12,  0,  0,  0,  0,  0,  0,  0,  0,  0,  0,  0,  0,  0,  0,  0,  0,  0,  0, ],
[ 0,  0,  0,  2, 13,  0,  0,  0,  0,  1,  0,  0,  0,  0,  0,  0, 12,  0,  0,  0,  0,  0,  0, 13, ],
[ 0,  0,  0,  0,  0,  0,  9,  0,  0,  0,  0,  0,  0,  0,  0,  0,  7,  0,  0, 14,  0,  0,  0,  4, ],
[ 0,  0,  4,  0,  0,  0,  0,  0,  0,  9,  0,  0,  0,  0,  0,  0,  0,  0,  0,  0,  0,  0,  0,  0, ],
[ 0,  5,  0,  0,  0,  0,  0,  0,  0,  0,  0,  0,  0,  0,  0,  0,  7,  6,  0,  0,  0,  4,  0,  0, ],
[ 0,  0,  0,  0,  0,  0,  0,  0,  0,  0,  0,  0,  0,  0, 11,  0,  0,  0,  0,  0,  0,  0,  0,  0, ],
[ 0,  0,  0,  0,  0,  0,  0,  0,  0,  0,  0,  0,  0,  0,  0,  0,  0,  0,  0,  0,  0,  7,  0,  0, ],
[ 0,  0,  0,  0,  0,  0,  0,  0,  0,  0,  8,  0,  0,  0,  0,  0,  0,  0,  0,  0,  9,  0,  0,  0, ],
[ 0,  0,  0,  0,  0,  0,  0,  0,  0,  0,  0,  0,  0,  0,  0,  0,  0,  0,  0,  0,  0,  0,  0,  0, ],
[ 0,  0,  0,  0,  0,  0,  0,  0,  0,  0,  0,  0,  0,  0, 12,  0,  0,  0,  0,  0,  0,  7, 13,  0, ],
[ 0,  0,  0,  9,  0,  6,  0,  0,  0,  0,  0,  0,  0,  0,  7,  0,  0,  1,  5,  2,  0,  0,  0,  0, ],
[ 0,  0,  0, 11,  0,  0,  9,  0,  0,  0,  0,  0,  0,  0,  1,  0,  0,  0,  0,  0,  0,  0,  0,  0, ],
[ 0,  6,  0,  0,  9,  0,  0,  0,  0,  0,  0,  0,  0,  0,  0,  0,  0,  0,  0,  0,  0,  0,  0,  0, ],
[ 0,  0,  0,  0,  0,  0,  0,  0,  8,  0,  0,  0,  0,  0,  0,  0,  0,  0,  0, 13,  0,  0,  0,  0, ],
[ 0,  0,  2,  0,  0,  0,  0,  0,  0,  0,  0,  0,  0,  0,  0,  0,  0,  0,  0,  0,  0,  0,  0,  8, ],
[ 0,  6, 14, 11,  0,  0,  5,  0,  0,  0,  0,  0,  0,  0,  0,  0,  0,  0,  0,  0,  0,  0,  0,  0, ],
[ 0,  0,  9,  0,  0,  0, 13,  0,  0, 14,  0,  1,  8,  0,  0,  0,  0,  0,  0,  0,  0,  0,  4,  0, ],
[ 0,  0,  0,  0,  0,  0,  0,  0,  0,  0,  0,  0,  0,  0,  5,  1,  0,  0,  0,  0,  0,  0,  0,  0, ],
[ 0,  0,  0,  0,  0, 10,  0,  0,  0,  0,  0,  0,  0,  0,  0,  0,  0,  0,  0,  0,  0,  0,  0,  0, ],
[ 0, 12,  0,  0,  0,  0,  7,  0,  1,  0,  0, 12,  6,  0,  0,  0,  0,  0,  0,  0,  0,  0,  0,  0, ],
[ 0,  0,  0,  0,  0,  0,  0,  0,  0,  0,  0,  0,  0,  4,  0,  0,  0,  0,  0,  0,  0, 11,  0,  0, ],
[ 0,  0,  0,  0,  0,  0,  0,  0,  0,  0,  0, 10,  0,  0,  0,  0,  0,  0,  0,  0,  0,  0,  0,  0, ],
[ 0,  0,  0,  0,  0,  0,  0,  0,  0,  0,  0,  0,  0,  0,  0,  0, 11,  0,  0,  0,  0,  0,  0,  0, ],
[ 0,  0,  0,  0,  0,  0,  0,  0,  0,  0,  0,  0,  0,  0,  0,  0,  0,  0,  0,  0,  0,  0,  0,  0, ],
[ 0,  0,  0,  0,  1,  0,  0,  0,  8,  0,  0,  0,  0,  0, 12,  0,  0,  0,  0,  0,  0,  0,  0,  9, ],
[ 0,  0,  0,  0,  0,  0,  0,  0,  0,  0,  0,  0,  6,  0,  0,  0,  6,  0,  0,  0,  0,  0,  0,  0, ],
[ 0,  0,  0,  0,  6,  0,  8, 11,  0,  0,  0,  0,  0,  0,  0,  0,  0,  0,  0,  0,  0,  0,  0,  0, ],
[ 0,  0,  0,  0,  0,  0,  0,  0,  0,  0, 13,  0,  0,  0,  0,  0,  0,  0,  0,  0,  0,  0,  0,  0, ],
[ 0,  0,  0,  0,  0,  0,  0,  0,  0,  0,  0,  0,  0, 13,  0,  0,  0,  0,  0,  0,  0,  0,  0,  0, ],
[ 0,  0,  0,  0,  0,  0,  0,  0,  0,  0,  0,  0,  0,  0,  0,  0,  0,  0,  0,  0,  0,  0,  0,  0, ],
[ 0,  0,  0,  2,  0,  0,  0,  0,  0,  0,  0,  0,  0,  0,  0,  0,  0,  0,  0,  0,  0,  0,  0,  0, ],
[ 0,  0,  0,  0,  0,  5,  0,  0,  0,  0,  0,  0,  0,  0,  0,  0,  0,  0,  0,  0,  0,  0,  0,  0, ],
[ 0, 14, 10,  0,  0,  0,  0,  0,  0,  0,  0,  0,  0,  0, 10,  0,  0,  0,  1,  0,  0, 14,  6,  0, ],
[ 0,  0,  8,  0,  0,  0, 13,  0,  0,  0,  0,  0,  0,  0,  0,  1,  0,  2,  0,  0,  0,  0,  0,  0, ],
[ 2,  0,  0,  0,  0,  0, 11,  0,  0,  0,  0,  0,  0,  0,  0,  0,  0,  0,  0,  0,  0,  0,  0,  0, ],
[ 0,  0,  0,  0,  0,  0,  3,  8,  0,  0,  0,  0,  0,  0,  0,  0,  0,  0,  2,  0,  2,  0,  0,  0, ],
[ 0,  0,  0,  0,  0,  0,  0,  0,  0,  0,  0,  0,  0,  0,  0,  0,  0,  0,  0,  0,  0,  0,  0, 10, ],
[ 0,  0,  0,  0,  0,  0,  0,  0,  0,  0,  0,  3,  0,  0,  0,  0,  0,  3,  3,  0,  0,  0,  0,  0, ],
[ 1,  0,  0,  0,  0,  0,  0,  0,  0,  0,  0,  0,  0,  8,  0,  0,  0,  0,  0,  0,  0,  0,  0,  0, ],
[ 0,  0,  0,  0,  0,  0,  0,  0,  0,  0,  0,  0,  0, 14,  0,  0,  0,  0,  0,  0,  0,  0,  0,  0, ],
[ 0,  5,  0,  0,  0,  0,  0,  0,  0,  0,  0,  0,  0,  0,  0,  0,  0,  2, 11,  0,  0,  5,  2,  0, ],
[ 0,  0,  0,  0,  0,  0,  0,  0,  0, 10,  0, 10,  0,  0,  0,  0,  0,  0,  0,  0,  0,  0,  0,  0, ],
[ 0,  0,  2,  0,  0,  0,  0,  0,  0,  0,  0,  0,  0,  0,  0,  0,  0,  5, 11,  0,  0,  0,  0,  0, ],
[ 0,  0,  0,  0,  0,  0,  0,  0,  5, 12,  0,  0,  0,  0,  3,  0,  0,  0,  0,  0,  0,  0,  0,  0, ],
[ 0,  0,  0,  0,  0,  0,  0,  0,  0,  0,  5,  0,  0,  0,  0,  0,  0,  0,  0,  0,  0,  0,  0,  0, ],
[ 0,  0,  0,  0,  0,  0,  0,  0,  0,  0,  0,  0,  0,  0,  0,  0,  0,  0,  0,  0,  0,  0,  0,  0, ],
[ 0,  0,  0,  0,  0,  0, 12,  0,  0,  0,  0,  0,  0,  0,  0,  0,  0,  0,  0,  0,  0,  0,  0,  0, ],
[ 0,  0,  0,  0,  0,  0,  0,  0,  0,  0,  0,  0,  0,  0,  0, 14,  0,  0,  0,  0,  0,  0,  0,  0, ],
[ 0,  0,  0,  0,  0,  0,  3,  0,  0, 12,  0,  0,  0,  0, 11,  0, 13,  0,  0,  0,  0, 12,  0, 10, ],
[ 0,  0,  0,  0,  0,  0,  0,  0, 12,  0,  0,  0,  5,  0,  0,  0,  0,  0,  0,  0,  9,  0,  0,  7, ],
[ 0,  0,  0,  0,  0,  0,  0,  0,  0,  0,  0,  0,  0,  0,  0,  0,  0,  0,  0,  0,  0,  0,  3,  0, ],
[ 0,  0,  0,  0,  0, 10,  0,  0,  0,  0,  0,  0,  0,  0,  0,  0,  0,  0,  0,  0,  0,  0,  7,  0, ],
[ 3,  3,  0,  7,  0,  5,  0,  0,  0,  0,  0,  0,  0,  0,  0,  0,  0,  0,  0,  0,  0,  0,  0,  0, ],
[10,  0,  0,  0,  0,  0,  0,  0,  0,  0,  0,  0,  0,  0,  0,  0,  0,  0,  0,  0,  0,  0,  3,  0, ],
[12,  0,  0,  0,  0,  0,  0,  0,  0,  0,  0,  0,  0,  0,  0,  0,  0,  0,  0,  0,  0,  0,  0,  0, ],
[ 0,  0,  0,  0,  0,  0,  0,  0,  0,  0,  1,  0,  0,  0,  0,  0,  0,  0,  0,  7,  0,  0,  0,  0, ],
[ 0,  0,  0,  0,  0,  0,  0,  0, 11,  0,  6,  0, 12,  5,  0,  0,  0,  6,  0,  0,  0, 12,  0,  0, ],
[ 0,  0,  0,  0, 12,  0,  0,  0,  0,  0,  0,  0,  0,  0, 13,  0,  0,  0,  0,  8,  0,  0,  0,  0, ],
[ 0,  0,  0,  0,  0,  0,  0,  0,  0,  0,  0,  0,  0,  0,  0,  0,  0,  0,  0,  0,  0,  0,  0,  0, ],
[ 0,  0,  0,  0,  0,  0,  0,  0,  0,  0, 11,  0,  0,  0,  0,  0,  0,  0,  0,  0,  0, 12,  0,  0, ],
[ 0,  0,  0,  0,  0, 14,  5,  0,  0,  0,  0,  0,  0,  0,  0,  0,  6,  0,  6,  0, 11,  0,  0,  0, ],
[ 0,  0,  0,  0,  0,  0,  0,  0, 12,  0,  0,  0,  0,  0,  0,  0,  0,  0,  0,  0, 12,  0,  0, 13, ],
[ 5,  0,  0,  0,  0,  0,  0,  0,  1,  0,  0,  0,  0,  0,  0,  0,  5,  0,  0,  0, 11,  0, 14,  0, ],
[ 0,  0,  0,  0,  0,  0,  0,  0,  0, 10,  0,  0,  0,  0,  0,  0,  0,  0,  0,  0,  3,  0,  0,  0, ],
[ 0,  0,  0,  0,  0,  0,  0,  0, 13,  0, 14,  0,  0,  0,  0,  0,  0,  0,  0,  0,  4,  0,  0,  0, ],
[ 0,  0,  0,  0,  0,  0,  0,  0,  0,  0,  0,  0,  0,  0,  0,  4, 10,  0,  0,  7,  0,  0,  0,  0, ],
[ 0,  0,  0,  0,  0,  0,  0,  0,  0,  0,  0,  0,  0,  0,  0,  0,  0,  0,  0,  0,  0,  0,  0,  0, ],
[ 0,  0,  0,  0,  0,  0,  0,  0,  0,  0,  0,  0,  0,  0,  4,  0,  0,  0,  0,  0,  0,  0,  0,  0, ],
[ 0, 11,  0,  0,  0,  0, 13,  0,  0,  0,  0,  7,  0,  0,  0,  0,  0,  0,  0,  0,  0,  0,  0,  0, ],
[ 0,  0,  0,  0,  0,  0,  0,  0, 13,  0,  0,  0,  0,  0,  0,  0,  0,  0,  0,  0,  0,  0,  0,  3, ],
[ 0,  0,  0,  0,  0,  0,  0,  0,  0,  0,  0,  0,  0,  0,  0,  0,  0,  0,  0,  0,  0,  0,  0,  0, ],
[ 0, 11,  0,  0,  0,  0,  0,  0,  0,  0,  9,  0,  0,  0,  0,  0,  0,  0,  0,  0,  0,  9,  0,  5, ],
[13,  0,  0,  0,  0,  0,  0,  0,  0,  0,  0,  0,  0,  0,  0,  0,  0,  0,  0,  0,  0,  0,  0,  0, ],
[ 0,  0,  0,  5,  0,  0,  0,  0,  0,  0,  0,  0,  0,  0,  0, 11,  0,  0,  0,  0,  6,  0,  0,  0, ],
[ 0,  0,  0,  0,  0,  0,  0,  0,  0,  0,  0,  0,  0,  0,  0,  0,  0,  0,  0,  0,  0,  0,  0,  0, ],
[ 0,  0,  0,  0,  0,  0,  0,  0,  0,  0,  7,  0,  0,  0,  0,  0,  0,  0,  0,  0,  0,  0,  0,  0, ],
[11,  0,  0,  0,  0,  0,  0,  0,  0,  0,  0,  4,  0,  0,  0,  0, 14,  0,  4,  9,  0,  0,  0,  0, ],
[ 0,  0,  0,  0,  0,  0,  0,  0,  0,  0,  0,  0,  0,  0,  0,  0,  0,  0,  0,  0,  0,  0,  0,  0, ],
[ 0,  0,  1, 13,  0,  0,  0,  0,  0,  0,  0,  0,  0,  3,  0,  0,  0,  0,  0,  0,  0,  0,  0,  0, ],
[ 9,  0,  6,  0,  0,  5,  0,  0,  0,  0,  0,  0,  0,  0,  0,  0,  0,  0,  0, 12,  0,  0,  0,  0, ],
[ 0,  0,  0,  0,  0,  0,  0,  0,  0,  0,  0,  0,  0,  0,  0,  0,  0,  0,  0,  0, 11,  0,  0,  0, ],
[ 0,  0,  0,  0,  0,  0,  0,  0,  0,  0,  0,  9,  0,  0,  0,  0,  0,  1,  0,  0,  0,  0,  5,  0, ],
[ 4,  0,  0,  0,  0,  0,  0,  0,  0,  0,  0,  0,  0,  0,  0,  0,  0,  0,  0,  0,  0,  0,  0,  0, ],
[ 0,  0,  9,  0,  0,  0,  0,  0,  0,  0,  0,  0,  0,  0,  0,  0,  0,  0,  0,  0,  0,  0,  5,  0, ],
[ 0,  0,  0,  0,  0,  0,  0,  0,  0,  0,  0,  0,  8,  0,  0,  0,  0,  6,  0,  0,  0,  0,  0,  0, ],
[ 0,  0,  0,  0, 12,  8,  0,  0,  2,  0,  0,  0,  0,  0,  0,  0,  0,  0,  0,  0,  0,  0, 11,  0, ],
[ 0,  0,  0,  0,  0, 11,  0,  0,  0,  0,  0,  0,  0,  0,  0,  0,  0,  0,  0,  0,  0,  0,  0,  3, ],
[ 0,  0,  0,  0,  0,  0,  0,  0,  0,  0,  0,  0,  0,  0,  0,  0,  0,  0,  0,  0,  0,  3,  0,  0, ],
[ 0,  0,  0,  0, 13,  0,  0,  0, 11,  0,  0,  0,  0,  0,  0,  0,  0,  0,  0,  0,  0,  0,  0,  0, ],
[ 0,  0,  0,  0,  0,  0,  0,  0,  0,  0,  3,  0,  0,  0,  0,  0,  0,  0,  0,  0,  9,  0,  0,  0, ],
[ 0,  0,  0, 14,  0,  0, 10,  0,  0,  0,  0,  0,  0,  8,  0,  0,  0,  0,  3,  0,  0,  0,  0,  0, ],
[ 0,  0,  0,  0,  0,  0,  0,  0,  0,  0,  0, 12,  0,  0,  0,  0,  0,  0,  0,  0,  0,  0,  0,  0, ],
[ 0,  0,  1,  0,  0,  0,  0,  0,  0, 13,  0,  0,  0,  0,  0,  0,  0,  0,  0,  0,  4, 13,  0,  0, ],
[ 0,  0,  0,  0,  0,  0,  0,  0,  0,  0,  0,  0,  0,  0,  0,  0,  0,  0,  0,  0,  0,  0,  0,  0, ],
[ 0,  0,  0,  0,  7,  0,  0,  0,  0,  0,  0,  0,  0,  0,  0,  0,  0,  0,  0,  0,  0,  0,  9,  0, ],
[ 0,  0,  0,  0,  0,  0,  0,  0,  0,  0, 14,  0,  0,  0,  0,  0,  0,  2,  0,  0,  0,  0,  0,  0, ],
[ 0,  0,  0,  0,  0,  0,  0,  0,  0,  0,  0,  0,  0, 12,  0,  0,  0,  0,  0,  0,  0,  0,  0,  0, ],
[ 0,  0,  0, 14,  0,  0,  0,  0,  0,  0,  0, 11,  1,  0,  0,  0,  0,  0,  0,  0,  0,  0,  0,  0, ],
[ 0,  0,  0,  0,  0,  0,  0,  0,  0,  0,  0,  0,  0,  0,  0,  0,  0,  0,  0,  0,  0,  0,  0,  0, ],
[ 0,  0,  0,  0,  0,  0, 13, 13,  0,  0,  0,  0,  0,  0,  0,  0,  0,  0,  0,  0,  0,  0,  0,  0, ],


[0.8373, 0.4489, ],
[-0.1796, 0.8746, ],
[0.7343, 0.5918, ],
[-0.0385, -0.0355, ],
[0.3431, -0.4004, ],
[-0.3277, 0.0154, ],
[-0.6122, -0.9243, ],
[0.6312, 0.5441, ],
[-0.0216, 0.4491, ],
[0.7322, 0.2671, ],
[-0.5993, 0.3539, ],
[0.8738, -0.6808, ],
[0.2892, -0.8657, ],
[-0.9457, 0.6661, ],
[0.0870, 0.5435, ],
[-0.1367, -0.1375, ],
[1.0000, -0.9050, ],
[0.2402, 0.7804, ],
[0.4550, 0.4461, ],
[0.1556, 0.4924, ],
[1.0000, 0.6799, ],
[0.3659, 0.0129, ],
[0.7401, -0.6082, ],
[0.4003, 0.1706, ],
[0.2640, 0.0218, ],
[0.3695, 0.1112, ],
[-1.0000, -0.4995, ],
[-0.6882, -0.2706, ],
[-0.0609, 0.1414, ],
[-0.1128, -0.3593, ],
[-0.5812, -0.3692, ],
[0.1300, 0.3445, ],
[0.2607, -0.8766, ],
[0.6659, 0.7070, ],
[-0.0646, 0.4722, ],
[-0.6455, 0.4044, ],
[0.1436, -0.0215, ],
[0.5150, -0.3127, ],
[0.7378, 0.4161, ],
[0.1429, 0.2955, ],
[0.4362, -0.3540, ],
[0.0428, 0.2151, ],
[0.9054, -0.4013, ],
[-0.0480, 0.7577, ],
[0.3096, -0.1314, ],
[-0.0052, -0.5516, ],
[0.1595, -0.2914, ],
[-0.4612, -0.8114, ],
[-0.8495, 0.5332, ],
[0.8335, -0.7792, ],
[0.1127, -0.8642, ],
[0.1712, 0.0150, ],
[0.3202, -0.9077, ],
[0.0022, -0.9680, ],
[-0.3205, -0.1693, ],
[0.1427, -0.4014, ],
[-0.9501, 0.0858, ],
[-0.6982, 0.0229, ],
[-0.5178, -0.7169, ],
[-0.3396, 0.4154, ],
[0.5382, 0.1864, ],
[-0.5625, 0.0478, ],
[0.5633, -0.1624, ],
[-0.0526, 0.1517, ],
[0.2966, 0.2230, ],
[0.2270, 0.2813, ],
[0.3396, -0.8329, ],
[0.4547, -0.5502, ],
[-0.7556, 0.7411, ],
[0.4698, 0.0653, ],
[-0.5371, -0.6760, ],
[0.3227, 0.5344, ],
[0.4466, -0.3954, ],
[-0.8335, 0.7551, ],
[-0.8663, 0.6744, ],
[-0.8240, -0.2893, ],
[-0.8061, 0.7220, ],
[0.9785, 0.1435, ],
[-0.0447, 0.3739, ],
[-0.4125, 0.0850, ],
[-0.4717, 0.7457, ],
[-0.0929, 0.4195, ],
[0.1487, -0.0097, ],
[-0.1232, -0.5090, ],
[0.3285, 0.0184, ],
[-0.4312, -0.1044, ],
[0.0671, -0.3453, ],
[1.0000, 0.1517, ],
[0.4166, -0.6787, ],
[0.4024, -0.8390, ],
[-0.9424, -0.6482, ],
[0.2850, -0.5909, ],
[-0.2697, -0.5069, ],
[0.8583, 0.5446, ],
[-1.0000, 0.8860, ],
[0.0713, -0.4392, ],
[-0.7111, -0.1013, ],
[0.4368, -0.5417, ],
[0.8967, 0.3707, ],
[-0.2890, 0.8220, ],


[6.0000, ],
[14.0000, ],
[12.0000, ],
[5.0000, ],
[10.0000, ],
[4.0000, ],
[3.0000, ],
[6.0000, ],
[0.0000, ],
[11.0000, ],
[13.0000, ],
[8.0000, ],
[6.0000, ],
[7.0000, ],
[4.0000, ],
[13.0000, ],
[17.0000, ],
[3.0000, ],
[4.0000, ],
[15.0000, ],
[6.0000, ],
[4.0000, ],
[4.0000, ],
[0.0000, ],
[11.0000, ],
[6.0000, ],
[10.0000, ],
[4.0000, ],
[4.0000, ],
[0.0000, ],
[1.0000, ],
[2.0000, ],
[20.0000, ],
[9.0000, ],
[5.0000, ],
[7.0000, ],
[4.0000, ],
[6.0000, ],
[4.0000, ],
[4.0000, ],
[10.0000, ],
[8.0000, ],
[7.0000, ],
[8.0000, ],
[2.0000, ],
[0.0000, ],
[4.0000, ],
[4.0000, ],
[22.0000, ],
[12.0000, ],
[2.0000, ],
[7.0000, ],
[9.0000, ],
[6.0000, ],
[4.0000, ],
[4.0000, ],
[20.0000, ],
[11.0000, ],
[0.0000, ],
[8.0000, ],
[16.0000, ],
[12.0000, ],
[13.0000, ],
[6.0000, ],
[10.0000, ],
[9.0000, ],
[0.0000, ],
[2.0000, ],
[11.0000, ],
[6.0000, ],
[0.0000, ],
[12.0000, ],
[4.0000, ],
[9.0000, ],
[0.0000, ],
[3.0000, ],
[15.0000, ],
[0.0000, ],
[7.0000, ],
[12.0000, ],
[4.0000, ],
[6.0000, ],
[2.0000, ],
[5.0000, ],
[6.0000, ],
[12.0000, ],
[6.0000, ],
[2.0000, ],
[8.0000, ],
[5.0000, ],
[13.0000, ],
[4.0000, ],
[11.0000, ],
[0.0000, ],
[6.0000, ],
[5.0000, ],
[4.0000, ],
[9.0000, ],
[0.0000, ],
[8.0000, ],


