[ 0,  0,  0,  0,  0,  0,  0,  0,  0,  0,  3,  0,  0,  0,  0,  0,  0,  0,  2,  0,  2,  0,  0,  0, ],
[ 0,  0,  0,  0, 13,  0,  0,  0,  0,  0,  0,  0,  0,  0,  9,  0,  0,  0,  0,  0,  0,  0,  0,  0, ],
[ 0,  0,  0,  0,  0,  0,  0,  0,  4,  0,  0,  0,  0,  0,  7,  0,  0,  3,  0, 14,  0,  0,  0,  0, ],
[ 0,  0,  0,  0,  0,  0,  0,  0,  0,  0,  0,  3,  0, 13,  0,  0,  0,  0,  0, 12,  0,  0,  0,  0, ],
[ 0,  0,  9,  0,  0,  0,  0,  0,  3,  0,  0,  0, 13, 11,  0,  0,  0,  0,  0,  0,  0,  0,  0,  0, ],
[ 0,  0,  0,  0,  0,  0,  0,  0, 10,  0,  3,  3,  0,  0,  0,  0,  0,  0,  0,  0,  0,  0,  0,  0, ],
[12,  0,  0,  0,  0, 14,  6,  0,  0,  0,  0,  0,  0,  0,  0,  0,  0,  0,  0,  0,  0,  0,  8,  6, ],
[ 0,  0,  0,  0, 10,  0,  0,  0,  0,  0,  0,  0,  0,  0,  0,  1,  0,  0,  0,  0,  1,  0,  0,  0, ],
[ 0,  0,  0,  0,  0,  0,  0,  0,  0,  5,  0,  0,  0,  0,  0,  0,  0,  0,  0,  0,  0,  0,  0,  0, ],
[ 0,  0,  4,  0,  0,  0,  0,  0,  0,  0,  0,  0,  0,  0,  0, 14,  0,  0,  0,  0,  0,  1,  0,  0, ],
[ 0, 11,  8,  0,  0,  0,  0,  0,  0,  0,  0,  0,  0,  0,  0,  0,  0,  0,  0,  5,  0,  0,  0, 13, ],
[ 0,  0,  0,  0,  0,  0, 14,  0,  0,  0,  0,  0,  0,  0,  0,  0,  0, 14,  0,  0,  0,  0,  0,  0, ],
[ 0,  0,  0,  0,  0,  0,  0,  0,  0,  0,  0,  0,  0,  0,  0,  0,  0, 10,  0,  0,  0,  0,  0,  0, ],
[ 0,  0,  0,  0,  0,  0,  0,  0,  0,  0,  0,  0,  0,  0,  0,  0,  0,  0,  0,  0,  0,  0,  0,  0, ],
[ 0,  0,  0,  0,  0,  0,  0,  0,  0,  0,  0,  0,  0,  0,  0,  0,  0,  0,  0,  8,  0,  0,  0,  0, ],
[ 0,  0,  0,  0,  0,  0,  0,  0,  0,  0,  0,  0,  0,  2,  0,  0,  0,  0,  0,  0,  0,  8,  0,  5, ],
[ 0,  0,  0,  0,  0,  0,  0, 13,  0, 14, 13,  0,  0,  0,  0,  0, 10,  0,  8,  0,  0,  0,  0,  0, ],
[ 0,  0,  0,  0,  0,  0,  0,  0,  0,  0,  0,  0,  9,  0,  0,  0,  0, 13,  0,  0,  0,  0,  0,  0, ],
[ 0,  0,  0,  0,  5,  0,  0,  0,  0,  0,  0,  0,  0,  0,  0,  0,  0,  0,  0,  0,  0,  0,  0,  0, ],
[13,  0,  0,  0,  0,  0,  0,  5,  0,  0,  0, 12,  0,  0,  0,  0, 11,  0,  0,  0,  0,  0,  0,  0, ],
[ 0,  0,  0,  0,  9,  0,  0,  0,  3,  0,  0,  0,  0,  0,  0,  0,  0,  0,  0,  0,  0,  0,  0,  0, ],
[ 0,  0,  0,  5,  0,  0,  0,  0,  0,  0,  0,  0,  0, 11,  0,  0,  0,  0,  9,  0,  0,  0,  0,  0, ],
[ 0,  0, 12,  0,  0,  0,  6,  0,  0,  0,  0,  0,  0,  0,  0,  0,  0,  0,  0,  0,  0,  0,  0,  0, ],
[ 0,  0,  0,  6,  0,  0,  0,  0,  0,  0,  0,  0,  0,  2,  0,  0,  0,  0,  0,  0, 12,  0, 11,  0, ],
[ 0,  0,  0,  0,  0,  0,  0,  0,  0,  0,  2,  0,  0,  0,  0,  0,  0,  0,  0,  0,  0,  0,  0,  0, ],
[ 0,  0,  0,  0,  0,  0,  0,  0,  0,  0,  0,  0,  0,  1,  0,  1, 13,  0,  0,  0,  0,  0,  0,  0, ],
[ 0,  5,  0,  5,  0,  0,  0,  0,  0,  0,  0,  0,  0,  4,  0,  1,  0,  0,  0,  0,  0,  0,  0,  8, ],
[ 0,  0,  0,  0,  0,  0,  7,  0,  0,  0,  0,  0,  0,  0,  0,  0,  0,  0,  0, 11,  0,  0,  0,  0, ],
[ 0,  0,  0,  0,  0,  0,  0,  0,  0, 14,  0,  0,  0,  0,  0,  0,  0,  0,  0,  0,  0,  0,  0,  0, ],
[ 0,  0,  0,  0,  0, 12,  0,  6,  0,  0,  0,  0,  0,  0,  0,  0,  7,  0,  0,  0,  0,  0,  0,  0, ],
[ 0,  0,  0,  0,  0,  0,  0,  0,  0,  0,  0,  0,  0,  0,  0,  0,  0,  0,  0,  0,  0,  0,  0,  0, ],
[ 0,  0,  0,  0,  0,  0,  0,  0,  0,  0,  8,  0,  0,  0,  0,  0,  0,  4,  0,  0,  0,  0,  0,  0, ],
[ 0,  0,  0,  0,  0,  0,  0,  0,  0,  1,  0,  0,  0,  0,  0,  0,  0,  0,  0,  0,  0,  0,  0,  0, ],
[ 0,  0,  0,  0,  0,  0,  0,  0,  0,  0,  0,  0,  0,  0,  0,  0,  0,  0,  0,  0,  8,  0,  0,  0, ],
[ 0,  0,  0,  0,  0,  0,  0,  0, 10,  0,  0,  0,  0,  0,  0,  0,  0,  0,  0,  0,  0,  0,  0,  0, ],
[ 0,  0,  0,  0,  0,  0,  2,  8,  0,  0,  0,  8,  0,  0,  0,  0,  0,  4,  0,  0,  0,  0,  0,  0, ],
[ 0,  0,  0,  0,  0,  0,  0,  0,  0,  0,  0,  0,  0,  0,  0,  0,  8,  0,  0,  0,  0,  0,  0,  0, ],
[ 0,  0,  0,  0,  0,  0,  0, 14,  0,  0,  0,  0,  0,  0,  0,  0,  7,  0,  0,  2, 13, 10,  0,  0, ],
[ 0,  0,  8,  0,  0,  0,  0,  0,  1,  0,  0,  0,  0,  0,  9,  0,  0,  0,  0,  0,  0,  0,  3,  0, ],
[ 0,  0,  0,  0,  0,  8,  0,  0,  0,  0,  6,  0,  0,  0,  0,  0,  0,  0,  0,  0,  3,  0,  4,  0, ],
[ 0,  0,  0,  0,  0,  0,  0,  0,  0,  0,  0,  0,  0,  8,  0,  0,  8,  0,  0,  0,  0,  0,  0,  0, ],
[ 0,  8,  0,  0,  0,  0,  0,  0, 13,  0,  5,  0,  0,  0,  0,  0,  0,  0,  0,  0,  0,  0,  0,  0, ],
[ 0,  0,  0,  0,  0,  0,  0, 11,  0,  0,  0,  0, 13,  0,  0,  0,  0,  0,  0,  0,  0,  0,  0,  0, ],
[ 0,  0,  0,  0,  0,  0,  0,  0,  0,  0,  0,  0,  0,  0,  0,  0,  0,  0,  0,  0,  0,  0,  0,  0, ],
[ 0,  0, 13,  0,  0,  0,  0,  0,  0, 12,  0,  0,  0,  0,  0, 10,  0,  0,  0,  0,  0,  0,  0,  0, ],
[ 0,  0,  0,  0, 10,  0,  0,  0,  0,  1,  0,  0,  0,  0,  0,  0,  9,  0, 10,  0,  0,  0,  0,  1, ],
[ 0,  0,  0,  0,  7,  0,  0,  0,  0,  0,  0, 10,  0,  0,  0,  0,  0,  0,  0,  7,  0,  0,  0,  0, ],
[ 7,  0,  0,  0,  3,  0,  0,  0,  0,  0,  0,  0,  0,  4,  6,  0,  0,  1,  0,  0,  0,  0,  0,  0, ],
[ 0,  0, 11,  0,  0,  3,  3,  0,  0,  0,  2,  0,  0,  0,  0,  0,  0,  0,  8,  0,  0,  0,  0,  0, ],
[ 0,  0,  0,  0,  0,  0,  0,  0,  0,  0,  0,  0,  0,  0,  0,  0,  0,  0,  0,  0,  0,  0,  0,  0, ],
[ 0,  0,  0,  0,  0,  0,  0,  0,  0,  0,  0,  0,  0,  0,  0,  0,  0,  0,  4,  0,  0,  0,  0,  0, ],
[ 0,  0,  9,  0,  0,  0,  0,  0,  0,  0, 13,  0,  7,  0,  0,  0,  8,  0,  0,  0,  0,  0,  0, 13, ],
[ 0,  0,  4,  0, 10,  0,  0,  0,  0,  0,  0,  0,  0,  0,  0,  0,  3,  0,  0,  0,  4,  0,  0,  8, ],
[ 0,  0,  0,  0,  0,  0,  0,  0,  0,  0,  0,  5,  7,  0,  0,  0,  0,  0, 14,  0,  6,  0,  0,  0, ],
[ 0,  0,  0,  0,  0,  0,  0,  0,  0,  0,  0,  0,  0,  0,  0,  8,  0,  0,  0,  0,  0,  0,  0,  4, ],
[ 0,  6,  0,  0,  0, 12,  7,  0,  0,  0, 10,  0,  0,  0,  0,  0, 13,  0,  0, 14,  0,  0,  0,  0, ],
[ 0,  0,  0,  0,  0,  0,  0,  0,  0,  0,  0,  0,  0, 12,  0,  0,  0,  0,  0,  0,  0,  0,  0,  0, ],
[ 0,  0,  0,  0,  0,  0,  0,  0,  0,  0,  0,  0,  0,  0,  0,  0,  0,  0,  0,  0,  0,  0,  0,  0, ],
[ 0,  0,  0,  0,  0,  0,  0,  0,  0,  0,  0,  0, 12,  0,  0,  0,  0,  0,  0,  0,  0,  0,  0,  0, ],
[ 0,  0,  0,  0, 12,  0,  0,  0,  0,  0,  0, 10,  0,  0,  0,  0,  0,  0,  0,  0,  0,  0,  0,  0, ],
[ 0,  0,  0,  0,  0,  3,  0,  0,  0,  0,  3,  0,  0,  0,  0,  0,  0,  0,  6,  0,  0,  0,  0,  0, ],
[14,  0,  0,  0,  0,  0,  0,  0,  0,  0,  0,  0,  0,  0,  0,  0,  0,  0,  0,  0,  0,  0,  0,  0, ],
[ 0,  2,  0,  0,  0,  0,  0,  0,  0,  0,  0,  0,  5,  0,  0,  0,  0,  0,  0,  0, 12,  0,  0,  0, ],
[ 0,  0,  1,  0,  0,  0,  7,  0,  0,  0,  0,  0,  0,  0,  0,  0,  0, 12,  0,  0,  0,  0,  0,  0, ],
[ 0,  0,  0,  0,  0,  0,  0,  5,  0,  4,  2,  0,  0,  0,  0,  0,  0,  0,  0,  0,  0,  0,  0,  0, ],
[ 0,  0,  0,  0,  0,  0,  0,  0,  0, 13,  0,  0,  0,  0,  0, 12,  0,  4,  0,  0,  0,  0,  0,  0, ],
[ 0,  0,  0,  0,  0,  0,  0,  0,  0,  0,  0,  0,  0,  0,  0,  0,  0,  0,  0,  0,  0,  0,  0,  0, ],
[ 0,  0,  0,  0,  0,  0,  0,  0,  0,  0,  0,  0,  0,  0,  0,  0,  0,  0,  0, 13,  0, 10,  0,  0, ],
[ 0,  6,  0,  0,  0,  0,  0,  0,  0,  0,  0,  0,  0,  0,  0,  0,  0,  0,  0,  0, 12,  0,  0,  0, ],
[ 0,  0,  0,  0,  0,  0,  0,  0,  0,  0,  0,  0,  0,  0,  0,  0,  0,  0,  0,  0,  0,  0,  0,  0, ],
[ 0,  0,  0,  0,  0,  0,  0,  0,  0,  0,  0,  0,  0,  0,  0,  0,  0, 13,  0,  9,  0,  0,  0, 14, ],
[ 0,  0,  0,  5,  0,  0, 11,  0,  0,  0,  0,  0,  0,  0,  0,  0,  0,  0,  0,  0, 14,  0,  0,  0, ],
[ 0,  0,  0,  0,  0,  0,  0,  0,  0,  0,  0,  0,  0,  0,  0,  0,  0,  0,  0,  0,  0,  0,  0,  0, ],
[ 0,  0,  0,  0,  0,  0,  0,  0, 11,  0,  0,  0,  0,  0,  5,  0,  4,  0,  0,  0,  0,  0,  0,  0, ],
[ 0,  0,  0,  0,  0,  1,  0,  0,  0,  0,  0,  0,  0,  0,  0, 10,  0,  0,  0,  0,  0,  0, 10,  0, ],
[ 0,  0,  0,  0, 13,  0,  0,  0,  0,  0,  0,  0,  0,  0,  0,  0,  0,  0,  0,  0,  0,  0,  6,  0, ],
[ 0,  0,  0,  0,  0,  0, 12,  0,  0,  0,  0,  0,  0,  0,  0,  0,  0,  0,  0,  0,  0,  0,  0,  5, ],
[ 0,  0,  0,  0,  0,  0,  0,  0,  0,  0,  0,  9,  0,  0,  0,  0,  0,  0,  0,  0,  0,  0,  4,  0, ],
[ 0,  0,  0,  0,  0,  0,  6,  0,  0,  0,  0,  0,  0,  0,  0,  0,  0,  0,  0,  0,  0,  0,  0,  0, ],
[ 0,  0,  0,  0,  0,  7,  0,  0,  0,  0,  0,  0,  9,  0,  0,  0,  0,  0,  0,  0,  0,  0,  0,  0, ],
[ 0,  0,  0,  0,  0,  1,  0,  0,  0,  0,  0,  0,  0,  0, 12,  0,  0,  0,  0,  0,  0,  0,  0,  0, ],
[ 0,  0,  0,  0,  0,  0,  0,  0,  0,  0,  0,  0,  0,  0,  0,  0,  0,  0,  0,  0,  0,  0,  0,  0, ],
[ 0,  0,  0,  0,  0,  0,  0,  0,  0,  0,  0,  0,  0,  0,  0,  0, 11,  0,  0,  0,  0,  0,  0,  0, ],
[ 0,  0,  0, 10,  0,  2,  0,  0,  0,  0,  0,  0,  0,  0,  0,  0,  0,  0,  0,  0, 12,  1,  0,  0, ],
[ 0,  0,  0,  0,  0,  2,  0,  0,  0,  0,  0,  3, 10,  0,  0,  0,  0,  0,  0,  0,  0,  0,  0,  0, ],
[ 0,  0,  0,  0,  5,  0,  0,  0,  0,  0,  0,  0,  0, 12,  0,  0,  0,  0,  0,  0,  0,  0,  0,  0, ],
[ 0,  5, 14,  0,  0,  0,  0,  0,  0,  0,  9, 10,  0,  0,  8,  0,  0,  0,  0,  0,  0,  0,  0,  0, ],
[ 0,  0,  0,  0,  0,  0,  0,  0,  0,  0,  0,  0, 12,  0,  0,  0,  0,  0,  0,  0,  0,  0,  0,  0, ],
[ 0,  0,  0,  0,  0,  0,  0,  0,  0,  0,  0,  0,  0,  0,  0,  0,  0,  0,  0,  0,  0,  0,  4,  0, ],
[ 0,  6,  0,  0,  0,  0,  0,  0,  0,  0,  0,  0,  0,  0,  0,  0,  0,  0,  0,  0, 14,  0,  0,  0, ],
[ 0,  0,  0,  0,  0,  0,  0,  0,  0,  0,  0,  0,  0,  0,  0,  0,  0,  0, 10,  0,  0,  0, 13,  0, ],
[ 0,  0,  0,  0,  0,  0,  0,  0,  3,  0,  0,  0,  0,  0,  0,  0,  8,  0,  0,  0,  0,  6,  0,  0, ],
[ 0,  0,  0,  0,  0,  0,  0,  0,  0,  0,  0,  0,  0,  0,  0,  0,  0,  0,  0,  0,  0,  0,  0,  0, ],
[ 0,  0,  0,  0,  0,  0,  0,  0,  0,  0,  0,  0,  0,  0,  0,  0, 13,  0,  0,  8,  0,  3,  0,  0, ],
[ 3,  0,  6,  3,  0,  0,  0,  0,  0,  0,  0,  0,  0,  0,  0,  0,  4,  0,  0,  0,  0,  0,  0,  0, ],
[ 0,  0,  0,  0,  0,  0,  0,  0,  0,  0,  0,  0,  0,  0,  0,  0,  0,  0,  0,  0,  0,  0,  0,  0, ],
[ 0,  0,  0,  0,  0,  3,  0,  0,  0,  0,  0, 12,  0,  0,  0,  0,  3,  0,  0, 11,  0,  0,  0,  0, ],
[ 0,  0,  0,  0,  0,  0,  0,  1,  0,  0,  0, 10,  8,  0,  0,  0,  0,  0,  0,  0,  0,  0,  0,  0, ],
[ 0,  0,  0,  0,  0,  0,  0,  0,  0,  0,  0,  0,  0,  0,  0,  0,  0,  0,  0,  0,  0,  0,  0,  0, ],
[ 0,  0,  0,  0,  0,  0,  0,  5,  0,  0,  0,  0,  0,  0,  2,  0,  0,  0,  0,  0,  0,  0,  0,  0, ],


[0.3561, 0.9634, ],
[-0.1039, 0.8295, ],
[-0.6505, 0.4760, ],
[-0.6837, 0.1159, ],
[0.3150, -0.1005, ],
[0.0955, 0.0320, ],
[0.0040, 0.3899, ],
[0.1851, -0.9960, ],
[-0.2664, -0.1952, ],
[-0.0988, -0.4082, ],
[0.2599, 0.6410, ],
[0.3302, 0.5665, ],
[-0.3449, -0.0052, ],
[-0.9457, 0.7353, ],
[-0.7173, -0.7002, ],
[-0.3953, -0.2203, ],
[-0.5699, 0.3234, ],
[-0.2067, 0.2033, ],
[-0.0215, 0.4748, ],
[0.9001, 0.4283, ],
[-0.9035, -0.1375, ],
[0.0548, 0.1448, ],
[-0.5850, -0.7524, ],
[0.5595, 0.2482, ],
[0.0044, 0.8575, ],
[0.8306, 0.2558, ],
[-0.7257, -0.0696, ],
[0.3617, 0.6334, ],
[-0.6333, -0.2692, ],
[-0.1090, 0.9416, ],
[0.1003, -0.4209, ],
[-0.8737, -0.3312, ],
[-0.6994, -0.8446, ],
[0.5130, 0.2929, ],
[-0.4660, 0.2198, ],
[-0.5448, 0.9586, ],
[0.7256, 0.5077, ],
[0.7267, 0.1836, ],
[0.7378, -0.3299, ],
[-0.5060, 0.9211, ],
[0.5340, -0.3540, ],
[-0.7376, -0.5921, ],
[-0.9054, -0.5568, ],
[0.2197, -0.2363, ],
[-0.5345, -0.3207, ],
[0.5911, -0.5516, ],
[0.7329, 0.9764, ],
[-0.1965, 0.4974, ],
[-0.7624, 0.2795, ],
[0.0163, 0.5844, ],
[-0.2882, 0.8595, ],
[0.2049, 0.7392, ],
[0.3039, 0.5679, ],
[0.7137, -0.7853, ],
[-0.2637, -0.2445, ],
[0.9763, -0.6407, ],
[-0.4611, 0.9827, ],
[0.4124, 0.7198, ],
[0.2997, 0.4290, ],
[-0.1893, 0.4380, ],
[0.1120, -0.6495, ],
[-0.9758, 0.3976, ],
[-0.9872, -0.8730, ],
[0.3874, 0.5427, ],
[-0.7563, 0.2230, ],
[0.2739, -0.5887, ],
[-0.1351, 0.8630, ],
[-0.7931, 0.4918, ],
[0.4649, -0.6564, ],
[-0.7781, -0.0521, ],
[0.8971, -0.1485, ],
[-0.4572, -0.9487, ],
[0.8964, -0.6073, ],
[0.7173, -0.5056, ],
[0.6629, 0.8609, ],
[-0.9045, 0.9517, ],
[0.1972, 0.9504, ],
[-0.7223, 0.0637, ],
[0.9247, 0.7074, ],
[-0.9854, -0.8644, ],
[0.7580, 0.7536, ],
[0.5018, -0.8503, ],
[-0.5715, 0.1688, ],
[-0.8397, -0.9300, ],
[-0.6525, 0.9188, ],
[-0.0653, -0.2546, ],
[0.0650, 0.9902, ],
[-0.8731, 0.6923, ],
[-0.0851, -0.5110, ],
[-0.5791, 0.7216, ],
[-0.3429, -0.6478, ],
[0.5620, -0.7526, ],
[0.5791, 0.3756, ],
[0.4581, 0.5298, ],
[-0.4372, -0.0522, ],
[0.1921, -0.0175, ],
[0.1786, 0.1291, ],
[-0.7830, 0.2292, ],
[0.2625, 0.7042, ],
[0.5039, 0.8220, ],


[4.0000, ],
[7.0000, ],
[11.0000, ],
[10.0000, ],
[13.0000, ],
[8.0000, ],
[17.0000, ],
[6.0000, ],
[2.0000, ],
[7.0000, ],
[13.0000, ],
[8.0000, ],
[4.0000, ],
[0.0000, ],
[3.0000, ],
[6.0000, ],
[19.0000, ],
[7.0000, ],
[2.0000, ],
[14.0000, ],
[5.0000, ],
[9.0000, ],
[7.0000, ],
[12.0000, ],
[1.0000, ],
[6.0000, ],
[10.0000, ],
[7.0000, ],
[4.0000, ],
[10.0000, ],
[0.0000, ],
[5.0000, ],
[1.0000, ],
[3.0000, ],
[4.0000, ],
[9.0000, ],
[3.0000, ],
[16.0000, ],
[9.0000, ],
[10.0000, ],
[6.0000, ],
[9.0000, ],
[8.0000, ],
[0.0000, ],
[12.0000, ],
[13.0000, ],
[10.0000, ],
[11.0000, ],
[12.0000, ],
[0.0000, ],
[2.0000, ],
[17.0000, ],
[13.0000, ],
[12.0000, ],
[5.0000, ],
[22.0000, ],
[4.0000, ],
[0.0000, ],
[4.0000, ],
[8.0000, ],
[7.0000, ],
[4.0000, ],
[7.0000, ],
[8.0000, ],
[5.0000, ],
[10.0000, ],
[0.0000, ],
[8.0000, ],
[7.0000, ],
[0.0000, ],
[11.0000, ],
[10.0000, ],
[0.0000, ],
[8.0000, ],
[9.0000, ],
[7.0000, ],
[6.0000, ],
[5.0000, ],
[3.0000, ],
[6.0000, ],
[5.0000, ],
[0.0000, ],
[4.0000, ],
[10.0000, ],
[7.0000, ],
[6.0000, ],
[16.0000, ],
[4.0000, ],
[2.0000, ],
[7.0000, ],
[8.0000, ],
[8.0000, ],
[0.0000, ],
[9.0000, ],
[9.0000, ],
[0.0000, ],
[12.0000, ],
[8.0000, ],
[0.0000, ],
[3.0000, ],


