[ 0,  0,  0,  0,  0,  0,  0,  0,  0,  0,  0,  0,  0,  0,  0,  0,  0,  0,  0,  0,  0,  0,  0,  0, ],
[ 3, 14,  0,  0,  0,  0,  0, 12,  0,  0,  0,  0,  0,  0,  0,  0,  1,  0,  0,  0,  0, 14,  0,  7, ],
[ 2,  0,  0,  0,  5,  0,  0,  0,  0,  0,  0,  0,  0,  8,  0,  0,  0, 14,  0,  0,  0,  2,  0,  0, ],
[ 0,  0,  0,  0,  0,  0,  0,  7,  0, 12,  0, 12,  0,  0,  0,  0, 10,  0,  0,  0,  0,  0,  2,  0, ],
[ 0,  0,  0,  0,  0,  0,  0,  0,  0,  0,  0,  0, 10,  0,  0,  0,  0,  0,  0,  0,  0,  0,  0,  0, ],
[ 0,  0,  0,  0,  0,  0,  0,  0,  0,  0,  0,  0,  0,  0,  0,  0,  0,  0,  0,  0,  0,  0,  0,  9, ],
[ 0,  0,  0,  0,  0,  0,  0,  0,  0,  0,  0,  0,  1,  0,  0,  0,  0,  0,  0,  7,  0,  0,  0,  0, ],
[ 0,  0,  0,  0,  0,  0,  0,  0,  6,  0,  3,  0,  0,  0,  0,  0,  0,  0,  0,  0,  0,  0,  0,  0, ],
[ 0,  0,  0,  2,  0,  0,  0,  0,  0,  0,  0,  0,  0,  0,  0,  0,  0,  0,  0,  0,  0,  6,  0,  0, ],
[ 0,  0,  0,  8,  0,  0,  0,  0,  0,  0,  0,  0,  0,  0,  0,  0,  0,  0,  0,  0,  0,  0,  0,  0, ],
[ 0,  0,  4,  0,  0,  0,  0,  0,  0,  0,  0,  0,  0,  0,  0,  0,  0,  0,  0,  5, 12,  0,  0,  0, ],
[ 0,  0,  0,  0,  0,  0,  0,  0,  0,  2,  0,  6,  0,  0,  1,  0,  0,  0,  0,  0,  0,  0,  0,  0, ],
[ 0,  0, 12,  0,  0,  0,  0,  0,  0,  0, 11,  0,  0,  0,  0,  0,  0,  0,  8,  0,  0,  0,  4,  0, ],
[ 0,  0,  6,  0, 11,  0,  0, 12,  0,  0,  0, 13,  0,  0,  0,  0, 12,  0,  3,  0,  0,  0,  0,  0, ],
[ 0,  0,  0,  0,  0,  0,  0,  0,  9,  0,  0,  0,  0,  0,  0,  0,  0,  0,  7,  0,  0,  0,  0,  0, ],
[ 0,  0,  0,  1,  0,  0,  0,  0,  0,  0,  0,  0,  0, 13,  0,  0,  0,  0,  0,  0,  0,  0,  0,  0, ],
[ 0,  0,  0,  0,  0,  0,  0,  0,  0,  0,  0,  0,  0,  0,  1,  0,  0,  0,  0,  0,  0,  0,  2,  0, ],
[ 0, 12,  0,  0,  0,  0,  0,  0,  0,  0,  6,  0,  0,  0,  0,  0,  0,  0,  0,  0,  0,  0,  0,  0, ],
[ 0,  0,  0,  0,  0,  0,  0,  0,  0,  0,  0,  0,  0,  8,  0,  0,  0,  0,  0,  0,  0,  0,  2,  0, ],
[ 0,  0,  0,  0,  0,  0,  0,  0,  0,  0,  0,  0,  0,  0,  0,  0,  0,  0,  0,  0,  0,  0,  0,  0, ],
[ 7, 13,  0,  0,  0,  0,  0,  0,  0,  0,  0,  0,  0,  0,  0,  0,  5,  0,  0,  0,  0,  0,  0,  0, ],
[ 0,  0,  0,  7, 14,  0,  0,  0,  0,  0,  0,  0,  0,  0,  0,  0,  0,  0,  1,  0, 11,  0,  0,  0, ],
[ 0,  0,  0,  0,  0,  0,  0,  0, 10,  0,  0,  0,  0,  0,  0,  0,  0,  0,  0,  0,  0,  0,  0,  0, ],
[ 0,  0,  8,  0,  0,  0,  0,  0,  0,  0,  0, 14,  0,  0,  0,  0,  0,  0,  0,  0,  0,  0,  0,  1, ],
[ 0, 11,  0,  0,  0,  0,  0,  0,  8,  0,  0,  0,  0,  0,  0,  0,  0,  0,  0,  0,  0,  0,  0,  0, ],
[ 0,  0,  0,  0,  0,  0,  0,  0, 11,  0,  0,  0,  0,  7,  0,  0,  0,  0,  0,  0,  0,  0,  0,  0, ],
[ 0,  0,  0,  0,  0,  0,  0,  4,  0,  0,  0,  0,  0,  0,  3,  0,  0,  6, 12,  0,  0,  0,  0,  0, ],
[ 0,  0,  0,  0,  0,  0,  0,  0,  0,  0,  0,  0,  0,  0,  0,  0,  0,  0,  0, 10,  0,  0,  0,  0, ],
[ 0,  0,  2,  0,  0,  0,  0,  0,  0,  0,  0,  0,  0,  0,  0,  0,  0,  0,  0,  0,  0,  0,  0,  0, ],
[ 0,  0,  0,  0,  0,  0,  0,  0,  0,  0,  0,  0,  0,  0,  0,  0,  0,  0,  0,  0, 11,  0,  0,  0, ],
[ 0,  4,  0,  0,  0,  0,  0,  0,  0,  0,  0,  0,  0,  0,  0,  0,  0,  0,  0,  0,  0,  0,  0,  0, ],
[ 0,  0,  0,  5,  0,  0,  0,  0,  0,  0, 11,  0,  0,  2,  0,  0,  0,  0,  0,  0,  0,  0,  0,  0, ],
[ 0,  0,  0,  0,  0,  0,  0,  0,  0,  0,  0,  0,  0,  0,  0,  0, 13,  2,  3,  0,  0,  0,  4,  0, ],
[ 0,  0,  0,  0,  0,  0,  0,  0,  0,  0,  0,  0,  0,  0,  0,  0,  0,  0,  0,  2,  0,  0,  0,  0, ],
[13,  0,  0,  0,  0,  0,  0,  0,  0,  0,  0,  0,  0, 11,  0,  0,  0,  0,  0,  0,  0,  0,  0,  0, ],
[ 0,  0,  6,  0,  0,  0,  0,  0,  0,  5,  0,  0,  0,  0,  0,  0,  0,  0,  0,  0,  0,  0,  0,  0, ],
[14,  0,  2,  0,  0,  0,  0,  0, 11,  0,  0,  0,  0,  0,  0,  0,  0,  0,  0,  0,  0,  0,  0,  0, ],
[ 0,  0,  0,  0,  0,  0,  7,  0,  0,  0,  0,  0,  0,  0,  0,  0,  0,  0,  0,  0,  0,  0,  0,  0, ],
[ 0,  0,  0,  0,  0,  0,  0,  0,  0,  0,  0,  0,  0,  0,  0,  0,  8,  0,  0,  3,  5, 13,  0,  0, ],
[ 0,  0,  0, 14,  0,  0,  0,  0,  8,  0,  0,  0,  8,  0,  0,  0,  0,  0,  0,  0,  0,  0,  4,  0, ],
[ 0,  0,  0,  0,  0,  0,  0,  0,  0,  0,  0,  0,  0,  0,  0,  0,  7,  0,  1,  0,  0,  0,  0,  0, ],
[ 0,  0,  0,  0,  0,  0,  0,  0,  0, 10,  0, 10,  0,  0,  0,  0,  0,  0,  0,  0,  0,  0,  0,  0, ],
[ 0, 14,  0,  0,  0,  0,  0,  0,  0,  0,  0,  0,  0,  0,  0,  0,  0,  0,  0,  0,  0,  0, 12,  0, ],
[ 0,  0,  0,  0,  0,  0,  0,  0,  0,  0,  0,  0,  0,  0,  0,  0,  0,  0,  0,  0,  0, 11,  0,  0, ],
[ 8,  0,  1,  0,  0,  0,  0,  0,  0,  0,  0,  0,  0,  0,  0,  0,  0,  0,  0,  0,  5,  0,  0,  0, ],
[ 0,  0,  0,  0,  0,  0,  0,  0,  0,  0,  0,  0,  0,  0,  0,  0,  0,  5,  0,  2,  0, 14,  0,  0, ],
[ 0,  0,  0,  0,  0,  0,  0,  0,  5,  0,  0,  0,  0,  0,  0,  0,  0,  0,  0,  0,  3,  6,  0,  0, ],
[12,  0,  0,  0,  0,  0,  0,  0, 12,  0,  0,  0,  0,  0,  0, 10,  8, 14,  0,  0,  0,  0,  0,  0, ],
[ 0,  0,  0,  5,  0,  0,  3,  9,  0,  3,  0,  0,  0,  0,  0,  0,  0,  0,  0,  0,  0,  0,  0,  0, ],
[ 0,  0,  0,  0,  0,  0,  0,  0,  0,  0,  0,  0,  0,  0,  0,  0,  0,  0,  0,  0,  0,  0,  0,  0, ],
[ 0,  6,  0,  0,  0,  0,  0,  0,  0,  0,  0,  0,  0,  0,  0,  0,  0, 10,  0,  0, 13,  0,  0,  0, ],
[ 0,  0,  0,  0,  0,  0,  0,  0,  0,  3,  0,  0,  0,  0,  0,  0,  0,  0,  7,  0,  0,  0,  7,  0, ],
[ 0,  0,  0,  0,  0,  5,  0,  0,  0,  0,  0,  0,  0,  6,  0,  0,  7,  0,  0,  0,  0,  0,  0,  0, ],
[ 0,  0,  0,  0,  0,  0,  5,  0,  0,  0,  0,  0,  1,  0,  0,  0,  8,  0,  0,  0,  0,  0,  0,  0, ],
[ 2,  0,  0,  0,  0,  0,  0,  0,  0,  0,  0,  0,  0,  0, 12,  0,  0,  0,  0,  0,  0,  2,  0,  0, ],
[ 0,  0,  0,  0,  0,  0,  0,  0,  0,  0,  4,  0,  0,  0,  0,  0,  0,  0,  0,  0,  0,  0,  0,  0, ],
[ 0,  0,  0,  0,  0,  0,  0,  0, 12,  0,  0,  0,  0,  0,  0,  0,  0,  0,  0,  0,  0,  0,  0,  0, ],
[ 0,  0,  0,  0,  0,  0,  0,  0,  0,  0,  0,  0,  0,  0,  0,  0,  0,  0,  0,  0,  0,  0,  0, 13, ],
[ 0,  0,  0,  0,  0,  6,  0,  0,  0,  5,  0,  0,  0,  0,  0,  0,  0,  0,  0,  0,  0,  0,  0,  0, ],
[ 0, 14,  0,  0,  0,  0,  0,  0,  0,  0,  0,  3,  3,  0,  0,  0,  0,  8,  2,  0,  0,  0,  0,  0, ],
[ 0,  0,  0,  0,  0,  0,  0,  0,  0,  0,  0,  0,  0,  0,  0,  0,  0,  0,  0,  0,  0,  0,  0,  0, ],
[ 0,  0,  0,  0,  0,  0,  0,  0,  0,  0,  0,  0,  0,  0,  0,  0,  0,  0,  0,  0,  0,  0,  0,  0, ],
[ 0,  0,  0,  0,  0,  0,  7,  0,  0,  9, 12,  0,  0,  0,  0,  0,  3,  0,  0,  0,  0,  0,  0,  0, ],
[ 0, 12,  0,  6,  0,  0,  0,  0,  0,  0,  0,  0,  0,  0,  0,  0,  0,  0,  0,  5,  0,  3,  0,  0, ],
[ 0,  0,  0,  0,  0,  7,  0,  0,  0,  1,  0,  0,  0,  0,  8,  0,  0,  0,  0,  0,  0,  4,  0, 14, ],
[ 0,  0,  0,  0,  0,  0,  0,  8,  0,  0,  7,  0,  0,  0,  1,  4,  0,  0,  0,  0,  0,  1,  0,  0, ],
[ 0,  0,  0,  0,  0,  0,  0,  0,  0,  0,  0,  0,  0,  0,  0, 11,  0,  0,  0,  0,  0,  0,  0, 13, ],
[ 0,  0,  0,  0,  0,  0,  0,  0,  2,  0,  0,  0,  0,  0,  0,  0,  0,  0,  0,  0,  0,  0,  0,  0, ],
[ 0,  0,  0,  0,  0,  0,  0,  1,  0,  0,  2,  0,  0,  0,  0,  0,  0,  0,  0,  0,  0,  0,  0,  0, ],
[ 0,  0,  5,  0,  0,  0,  0,  0,  0,  0,  7,  0,  0,  0,  0,  0,  0,  0,  0,  7,  0,  8,  0,  0, ],
[10,  0,  0,  0,  0,  0,  0,  0,  0,  0,  0,  0,  0,  0,  0,  4,  0,  0, 11,  0,  0,  0,  0,  0, ],
[ 0,  0,  0,  0,  0,  0,  0,  0,  0,  0,  0,  0,  0,  0,  0,  8,  0,  0,  0,  0,  0,  0,  0,  0, ],
[ 3,  0, 12, 12,  0,  0,  0,  0,  0,  0,  0,  0,  8,  0,  0,  0,  0,  0,  7, 14,  0, 13,  0,  0, ],
[ 0,  0,  0,  0,  0,  0,  0,  0,  0,  0,  0, 10,  0,  0,  0,  0,  0,  0,  0,  0,  0,  0,  0,  0, ],
[ 0,  0,  0,  0,  0,  0, 14,  0,  0,  0,  0,  0,  0,  0,  0,  7,  0,  0,  0,  0,  0,  0,  0,  0, ],
[ 0, 11,  0,  0,  0,  0,  0,  0,  0,  0,  0,  0,  0,  0,  0,  0,  0,  0,  0,  0,  0,  0,  9,  0, ],
[ 0, 14,  0,  0,  0,  0,  0,  0,  8,  0,  9,  0,  0,  0,  0,  0,  0,  0,  0,  0,  0,  0,  0,  0, ],
[ 0,  0,  0,  0,  0,  0,  0,  0,  0,  0,  4,  0,  0,  0,  0,  0,  0,  8,  0,  0,  0,  0,  0,  0, ],
[ 0,  0,  0,  0,  0,  0, 10,  0,  0,  0,  0,  0,  0,  0,  0,  7,  0,  0,  0,  0,  0,  0,  4,  0, ],
[ 0,  0,  0,  0,  0,  0,  0,  0,  0,  0,  9,  0,  0,  0,  0,  0,  1,  0,  0,  0,  0,  0,  0, 14, ],
[ 0,  0,  0,  0,  0,  0,  0,  0,  0,  0,  0,  0,  0,  0,  0,  0,  0,  0,  0,  0,  0,  0,  0,  0, ],
[ 0,  0,  4,  0,  0,  0,  0,  0,  0,  0,  0,  0,  0,  0,  0,  0,  0,  0,  0,  0,  0,  0,  0,  4, ],
[ 0,  8,  0,  0,  0,  0,  0,  0,  0,  0,  0,  0,  0,  0,  0,  0,  0,  0,  0,  9,  0,  0,  0,  0, ],
[ 0,  0,  0,  0,  0,  0,  0,  6,  0,  0,  0,  0,  0,  0,  0,  0,  0,  0,  0,  0,  0,  5,  0,  0, ],
[ 8,  0,  0,  0,  0,  0,  0,  4,  0,  0,  0,  0,  0,  0,  0,  0,  0,  0,  0,  0, 14,  0, 13,  0, ],
[ 0,  0,  0, 13,  0,  0,  0,  0,  0,  0,  0,  0,  0,  0,  0,  0,  0,  0,  0,  0,  0,  0,  0,  0, ],
[ 0,  0,  0,  0,  1,  0,  0,  0,  0,  0,  0,  0,  0,  0,  0,  0,  0,  0,  0,  0,  4,  0, 12,  3, ],
[ 0,  0,  0,  0,  0,  0, 10,  0,  0,  0,  3,  0,  0,  0,  0,  0,  0,  0, 14,  0,  0, 12,  0,  0, ],
[13,  0,  0,  0,  0,  0,  0,  0,  0,  0, 12,  0,  0,  0,  0,  0,  0,  0,  0,  0,  0,  0,  0, 10, ],
[ 0,  0,  0,  0,  0,  0,  0,  0,  0,  8,  0,  0,  0,  0,  0,  6,  0,  0, 14,  0,  0,  0,  0,  0, ],
[ 0,  0,  0,  0,  0,  0,  0,  0,  0,  2,  0,  0,  0,  0,  0,  0,  0,  0,  0,  0,  0,  0,  0,  0, ],
[ 0,  0,  0,  0,  0, 10,  0,  0,  0,  0,  0, 13,  0,  0,  0,  0, 13,  4,  0,  0,  0,  0,  0,  0, ],
[ 0,  0,  1,  0,  0,  0,  0,  7,  0,  0,  0,  0,  0,  0,  0,  5,  0,  0,  0,  0,  0,  0,  0,  0, ],
[ 0,  0,  0,  0,  0,  0,  0,  4,  0,  0,  0,  0,  0,  0,  0,  0,  0,  0,  0,  0,  0,  0,  0,  0, ],
[ 0,  0,  0,  0,  0,  0,  0,  0,  7,  0,  0,  1,  0,  0,  0,  0,  0, 12,  0,  0,  0,  0,  0,  0, ],
[ 9,  0,  0,  0,  0,  0,  0,  0,  0,  0,  0,  0,  0,  0,  0,  0,  0,  0,  0,  0,  0,  2,  0,  0, ],
[ 0,  0,  0,  0,  0,  0,  0,  0,  0,  0,  0,  0,  0,  0,  0,  0,  0,  0,  0,  0,  0,  0,  0,  0, ],
[ 9,  0,  0,  0,  0,  0,  0,  0,  0, 13,  0,  0,  0,  0,  0,  0,  0,  3,  0,  0, 11,  0,  0,  0, ],
[ 0,  0,  0,  0,  0,  0,  0,  0,  0,  0,  0,  0,  0,  0,  7,  0,  0,  0,  0,  0,  0,  0,  0,  0, ],
[ 0,  0, 14,  0,  0,  0,  0,  6,  7,  8,  0,  0,  9,  0,  0,  0,  0,  0,  0,  0,  0,  0,  0,  0, ],


[0.8514, -0.0707, ],
[0.0592, -0.1787, ],
[0.0489, -0.4722, ],
[0.0279, 0.2335, ],
[0.8222, 0.8549, ],
[0.5352, -0.3880, ],
[-0.5579, 0.3886, ],
[0.1491, 0.3640, ],
[-0.1719, -0.6323, ],
[-0.3418, 0.1166, ],
[-1.0000, -0.1229, ],
[-0.1584, -0.4763, ],
[-0.5891, -0.3329, ],
[-0.9457, 0.2472, ],
[0.5748, 0.5290, ],
[-0.5360, -0.1375, ],
[-0.4433, -0.8798, ],
[-0.0442, 1.0000, ],
[0.4200, -0.1524, ],
[-0.1014, -0.7362, ],
[0.5844, 0.6812, ],
[0.4203, 0.1307, ],
[0.6455, -0.1139, ],
[1.0000, -0.0752, ],
[0.7601, 0.0218, ],
[0.2376, 0.0003, ],
[-0.8344, -0.4030, ],
[0.0812, 0.5194, ],
[0.6849, 0.3780, ],
[-0.3833, 0.6308, ],
[-0.5565, 0.3236, ],
[-0.1140, 0.5144, ],
[-0.9428, -0.1883, ],
[0.3628, 0.7810, ],
[0.1042, 0.1560, ],
[-0.6984, 0.1161, ],
[-0.7453, 0.0109, ],
[-0.5056, -0.3138, ],
[1.0000, 0.9702, ],
[0.1873, 0.5131, ],
[0.5101, 0.7602, ],
[0.0639, 0.3836, ],
[0.3320, 0.7323, ],
[0.3100, -0.8890, ],
[0.9960, -0.3889, ],
[0.0279, 0.7167, ],
[0.7605, 0.2164, ],
[-0.7984, -0.6199, ],
[-0.2879, -0.7344, ],
[0.7722, 0.9313, ],
[0.5296, -0.1825, ],
[0.0734, -0.3218, ],
[0.1344, -0.9568, ],
[-0.4150, -0.6914, ],
[-0.2762, 0.2450, ],
[0.6896, -0.3786, ],
[0.7837, -0.0185, ],
[-0.9179, 0.1412, ],
[-0.3869, 0.4221, ],
[0.1395, -0.6418, ],
[0.6991, 0.2718, ],
[-0.4520, 0.1473, ],
[-0.5686, 0.0272, ],
[0.0292, 0.0755, ],
[0.9083, -0.0516, ],
[-0.1127, -0.9092, ],
[0.4534, 0.4081, ],
[0.2194, -0.5129, ],
[0.2681, 0.2280, ],
[0.8936, -0.1591, ],
[0.9546, 0.4060, ],
[0.1716, 0.4567, ],
[-0.3311, 0.2776, ],
[-0.0751, 0.3986, ],
[0.4584, 0.6899, ],
[-0.9928, -0.2645, ],
[1.0000, -0.2102, ],
[0.9820, -0.0138, ],
[0.2054, 0.1967, ],
[0.8487, -0.2558, ],
[-0.4537, -0.9717, ],
[-0.0929, 0.8112, ],
[-0.2765, 1.0000, ],
[-0.1479, 0.8155, ],
[-0.2123, 0.1908, ],
[-0.3762, -0.3963, ],
[0.1868, 0.2866, ],
[0.6914, 0.5644, ],
[-0.1004, -0.6102, ],
[0.1087, -0.4650, ],
[-0.5697, 0.7298, ],
[0.0780, 0.9150, ],
[0.0205, -0.4812, ],
[0.8583, 0.2522, ],
[-0.6864, -0.9472, ],
[-0.6353, 0.2009, ],
[-0.5508, 0.5193, ],
[0.6380, 0.3506, ],
[0.7522, 0.3450, ],
[0.2363, 0.8196, ],


[0.0000, ],
[18.0000, ],
[11.0000, ],
[16.0000, ],
[4.0000, ],
[3.0000, ],
[4.0000, ],
[5.0000, ],
[4.0000, ],
[3.0000, ],
[8.0000, ],
[5.0000, ],
[13.0000, ],
[21.0000, ],
[6.0000, ],
[5.0000, ],
[2.0000, ],
[7.0000, ],
[4.0000, ],
[0.0000, ],
[9.0000, ],
[12.0000, ],
[4.0000, ],
[8.0000, ],
[7.0000, ],
[7.0000, ],
[11.0000, ],
[4.0000, ],
[1.0000, ],
[4.0000, ],
[2.0000, ],
[7.0000, ],
[9.0000, ],
[1.0000, ],
[8.0000, ],
[5.0000, ],
[9.0000, ],
[3.0000, ],
[11.0000, ],
[12.0000, ],
[4.0000, ],
[8.0000, ],
[8.0000, ],
[4.0000, ],
[6.0000, ],
[7.0000, ],
[7.0000, ],
[19.0000, ],
[9.0000, ],
[0.0000, ],
[11.0000, ],
[8.0000, ],
[8.0000, ],
[6.0000, ],
[6.0000, ],
[2.0000, ],
[4.0000, ],
[4.0000, ],
[5.0000, ],
[12.0000, ],
[0.0000, ],
[0.0000, ],
[12.0000, ],
[11.0000, ],
[13.0000, ],
[10.0000, ],
[8.0000, ],
[1.0000, ],
[2.0000, ],
[11.0000, ],
[10.0000, ],
[3.0000, ],
[24.0000, ],
[4.0000, ],
[7.0000, ],
[7.0000, ],
[10.0000, ],
[5.0000, ],
[9.0000, ],
[8.0000, ],
[0.0000, ],
[4.0000, ],
[6.0000, ],
[5.0000, ],
[13.0000, ],
[4.0000, ],
[9.0000, ],
[14.0000, ],
[12.0000, ],
[10.0000, ],
[1.0000, ],
[14.0000, ],
[6.0000, ],
[2.0000, ],
[8.0000, ],
[4.0000, ],
[0.0000, ],
[13.0000, ],
[3.0000, ],
[16.0000, ],


