[ 0,  0,  0,  0,  0,  0,  0,  0,  0,  0,  0,  0,  0,  0,  9,  0,  0,  0,  0,  0,  8,  0,  0,  0, ],
[ 0,  0,  0,  0,  0,  0,  0,  2,  0,  0,  0,  0,  0,  0,  0,  0,  0,  0,  0,  0,  0,  0,  0,  0, ],
[ 0,  0,  0,  0,  0,  0,  0, 12,  0,  0,  0,  0,  0,  8,  0,  0,  0,  8,  0,  0,  0,  0,  0,  0, ],
[ 0,  0,  0,  0,  0,  0, 11,  0,  0,  0,  0,  0,  0,  0, 12,  0,  0,  0,  0,  3,  0,  0,  0,  0, ],
[ 4,  0,  0, 14,  0,  0,  0,  0,  0,  0,  0,  0,  0, 11,  0, 12,  0,  0,  0,  0,  0,  0,  0,  0, ],
[ 0,  0,  0,  0,  0,  0,  0,  0,  0,  0,  0,  0,  0,  0,  5,  0,  0,  0,  0,  0,  1,  0,  0,  2, ],
[ 0,  0,  0,  0,  0,  7,  0,  1,  0,  0,  0,  0,  0,  0,  0,  0,  0,  0,  0,  0,  0,  0,  0,  0, ],
[ 0,  0,  0,  0,  0,  0,  0,  0,  0,  0, 10,  0,  0,  0,  0,  0,  0,  0,  0,  0,  0,  0,  0,  0, ],
[ 0,  0,  0,  0,  0,  0,  0,  0,  0,  0,  0,  0,  0,  0,  0,  0,  0,  0,  0,  0,  0,  0,  0,  0, ],
[ 0,  0,  0,  0,  0,  0,  0,  0,  0,  0,  0,  0,  0,  0,  0,  0,  0,  0,  0,  0,  0,  2,  0,  0, ],
[ 0,  0,  0,  0,  0,  0,  0,  0,  0,  0,  0,  0, 14,  0,  0,  0,  0,  0,  0,  5,  0,  0,  0,  0, ],
[ 0,  0,  0,  0,  0, 12,  9,  0,  0,  0,  0,  0,  0, 14,  1,  0,  0,  0,  0,  0,  0,  0,  0,  0, ],
[ 0,  0,  0,  0,  0,  0,  0,  0,  0,  0,  0,  0,  0,  2,  0,  0,  0,  0,  0,  0,  0,  0,  0,  2, ],
[ 0,  0,  0,  0,  0,  0,  0,  2,  0,  0,  0,  0,  0,  0,  0,  0,  0,  0,  0,  0,  0,  0,  0,  0, ],
[ 0,  0,  0,  0,  0,  0,  0,  0,  0,  0,  0,  0,  0,  0,  0,  0,  0,  0,  0,  0,  0,  1,  0,  0, ],
[ 0,  6,  0,  0,  0,  0,  0,  0,  0,  0,  0,  0,  0,  0,  0,  0,  0,  0,  0,  0, 13,  3,  0,  0, ],
[ 0,  0,  0,  0,  0,  0,  0,  0,  0,  0,  0,  0,  7,  0,  0,  0,  0,  0,  0,  0,  0,  0,  0,  0, ],
[ 0,  0,  0,  0,  0,  0,  0,  0,  0,  0,  0,  0,  0,  0,  0,  0,  0,  0,  0,  0,  0,  0,  0,  0, ],
[ 0,  0,  0,  0,  0, 10,  0,  0,  0,  0,  0,  0,  0,  0,  0,  0,  0,  0,  0,  0,  0,  0,  0,  0, ],
[ 5,  0,  0,  0,  0,  0,  0,  0,  0,  0,  0,  0,  0,  0,  0,  0,  0,  0,  0,  0,  0,  0,  0,  0, ],
[ 0,  0,  0,  0,  0,  0,  0,  0,  0,  0,  0,  0,  0,  2,  0,  0,  0,  0,  0,  0,  0,  0,  0,  0, ],
[ 0,  0,  0,  0,  0,  0,  0,  0,  0,  0,  8,  0,  0,  0,  0,  0,  0,  0,  0,  0,  0,  0,  0,  0, ],
[ 0,  0,  0, 11,  0,  0,  0,  8,  0,  0,  0,  0,  0,  0,  0,  0,  0,  0,  0,  0,  0,  0,  0,  0, ],
[ 0,  0,  8,  0,  0,  3,  0,  0,  0,  0,  0,  0,  0,  0,  0,  0,  0,  0,  0,  0, 12,  0,  0,  0, ],
[ 0,  0,  0,  0,  0,  0,  0,  1,  0,  0,  0,  0,  0,  0,  0,  0,  0,  0,  0,  0,  0,  0,  8,  0, ],
[ 0,  0,  0,  0,  2,  0,  0,  0,  0,  0,  2,  0,  0,  5,  0,  0,  0,  0,  0,  0,  0,  0,  0,  0, ],
[ 8,  0,  0,  0,  0,  0,  0,  0,  0,  0,  0,  0, 12,  0,  0, 13,  0,  0,  0,  0,  0, 12,  0,  8, ],
[ 0,  0,  0,  0,  9,  0,  0,  0,  0,  0,  0,  0,  0,  0,  0,  0,  0,  0,  0,  0,  0,  0,  0,  0, ],
[ 0,  9,  0,  0,  0,  0,  0,  0,  0,  0,  0,  0,  0,  0,  0,  0,  0,  0,  0,  0,  0,  0,  0,  0, ],
[ 0,  0,  0,  0,  0,  0,  0,  0,  0,  0,  0,  0,  0,  0,  0,  0,  0,  0,  0,  0, 11,  0,  0,  0, ],
[ 0,  0,  0,  0,  0,  0,  7,  0,  0,  0,  0,  9,  0,  0,  0,  0,  0,  0,  0,  0,  0,  0,  0,  0, ],
[ 0,  0,  0,  5,  0,  0,  0,  0,  0,  0,  0,  0,  0,  2,  0,  0,  6,  0,  0,  9,  0,  0,  0,  0, ],
[ 0,  0,  3,  0,  0,  0,  0, 11,  0,  0,  0,  0,  0,  0,  0,  0,  0,  2,  5,  0,  0,  0,  0,  0, ],
[ 0,  0,  0,  0,  0,  0, 13,  0,  0,  0,  0,  0,  0,  0,  0,  1,  0,  0,  0,  4,  0,  0,  0,  0, ],
[ 0,  0,  0,  0,  0,  0, 11,  7,  0,  0,  0,  0,  0,  0,  0,  0,  0,  8,  0,  0,  0,  0,  0,  0, ],
[ 0,  0,  0,  0,  0,  0,  9,  0,  0,  0,  0,  0,  0,  0,  8,  0,  0,  0,  0,  0,  0,  0,  0,  0, ],
[ 0,  0,  0,  0,  0,  0,  0,  0,  0,  0,  0,  0,  0,  0,  0,  0,  0,  0,  0,  0,  0,  0,  0,  0, ],
[12,  0,  0,  0,  0,  0,  0,  0,  0,  0,  0,  0,  0,  0,  0,  0,  0,  0,  0,  0,  0,  0,  0,  0, ],
[ 0,  0,  5,  0,  0,  0,  0,  0,  0,  0,  0,  8,  0,  0,  2,  0,  0,  0,  0,  0,  0,  0,  0,  0, ],
[ 0,  0,  0,  0,  0,  0,  0,  0, 14,  9,  0,  0,  0,  1,  0,  0,  0,  0,  0,  0,  0,  0,  0,  0, ],
[ 0,  0,  0,  0,  0,  0,  0,  7,  0,  6,  0,  0,  0,  0,  0,  0,  0,  0,  0,  0,  0,  0,  0,  0, ],
[ 0,  0,  0,  0,  0,  0,  0,  0,  0, 10,  0, 10,  0,  0,  0,  0,  0,  0,  0,  0,  0,  0,  0,  0, ],
[ 0,  0,  0,  0,  0,  0,  0,  0,  0,  0,  0,  0,  0,  0,  0,  0,  0,  0,  0,  0,  0,  0,  0,  0, ],
[ 0,  0,  0,  0,  0,  0,  0,  0,  5,  0,  0,  0,  0,  0,  0,  0,  0,  0,  0,  0,  0,  0,  0,  0, ],
[ 0,  0,  6,  0,  0,  0,  0,  0,  0,  0,  0,  0,  0,  4,  0,  0,  0,  0,  7,  0,  0,  0,  0,  0, ],
[ 0, 11,  0,  0,  0,  0,  0,  8,  0,  0,  0,  0,  0,  0,  0,  0,  4, 10,  0,  0,  4,  0,  0,  0, ],
[ 0,  0,  4,  0,  0,  0,  0,  0,  0,  0,  0,  0,  0,  6,  0,  0,  0,  0,  0,  0,  0,  0,  0,  0, ],
[ 0,  0, 10,  0,  0,  0,  0,  0,  0,  0,  0,  0,  0,  0,  0,  0,  0, 10,  0,  0,  0, 11,  0,  0, ],
[ 0,  0,  8,  5,  0,  0,  3,  0,  0,  0,  0,  0,  0,  0,  0,  0,  0,  0,  0,  0,  0,  0,  0,  4, ],
[ 0,  0,  0,  0,  0,  0,  4,  0,  0,  0,  0,  0,  7,  0,  0,  0,  0,  0,  0,  0,  0,  0,  0,  0, ],
[ 0,  0,  0, 14,  0,  0,  0,  0,  0,  0,  0,  0,  0,  0,  0,  0,  0,  0,  0,  0,  0,  0,  0,  0, ],
[ 0,  0,  0,  0,  0, 10,  0,  0,  0,  3,  0,  0,  0,  0,  0,  0,  0,  0,  0,  0,  0,  0,  0,  0, ],
[ 0,  0,  0,  1,  0,  5,  0,  0,  3,  0,  0,  0,  0,  6,  0,  0,  4,  0,  0,  0,  0,  4,  0,  0, ],
[ 0,  0,  0,  0,  0,  0,  0,  0,  0,  0,  0,  1,  0,  0,  0,  0,  0,  0,  0,  0,  0,  0,  0,  0, ],
[12,  0,  0,  0,  0,  0,  0,  0,  0,  0,  0,  0,  0,  0,  2,  0,  0, 11,  0,  0,  6,  0,  0,  0, ],
[ 0,  0,  0,  0,  0,  0,  0,  0,  0,  0,  0,  0,  0,  0,  0,  0, 13,  0,  0,  0,  0,  0,  0,  0, ],
[ 0,  0,  0,  0,  0,  0,  7,  0,  0,  0,  0,  3,  0,  0,  0,  0,  0,  0,  0,  0,  0,  0,  0,  0, ],
[ 0,  0,  0,  0,  0,  0,  0,  0,  0,  0,  0,  0,  0,  0,  0,  0,  0,  0,  0,  0,  0,  0,  0,  0, ],
[ 0,  0,  0,  0,  0,  0,  0,  0,  0,  0,  0,  0,  0,  0,  0,  0,  3,  0,  0,  0,  0,  0,  0,  0, ],
[ 0,  4,  0,  0,  0,  0,  0,  0, 13,  0,  0,  0,  0,  0,  9,  0,  0,  0,  2,  0,  0,  0,  0, 11, ],
[ 0,  0,  0,  0,  0,  0,  0,  0,  0,  0,  0,  0,  0,  0,  0,  0,  0,  0,  0,  0,  0,  0,  0,  0, ],
[ 0,  0,  0,  0,  0,  0,  0,  0,  0,  0,  9,  0, 11,  0,  7,  0,  0,  5,  0,  0,  0,  0,  0, 13, ],
[ 0,  0,  0,  0,  0,  0,  0,  0,  5,  0,  0,  0,  0,  0,  0,  0,  0,  0,  0,  0,  0,  0, 10,  0, ],
[ 0,  0,  0, 14,  0,  0,  0,  0,  0,  0,  4,  0,  0,  0,  0,  0,  0,  0,  0,  0,  0,  0,  0,  0, ],
[ 0,  0,  0,  0,  0,  0,  0,  9, 13,  0,  8,  0,  0,  0,  0,  0,  0,  0,  0,  0,  0,  0,  0,  0, ],
[ 0,  0,  0,  0,  0,  0,  0,  0,  0,  0,  7,  0,  0,  0,  0,  0,  0,  0,  0,  0,  0,  0,  0,  0, ],
[ 0,  0,  0,  0,  0,  0,  0,  0,  0,  0,  0,  0,  0,  0,  0,  0,  0,  2,  0,  0,  0,  0,  0,  0, ],
[ 0,  0,  0,  0,  0,  0,  0,  2,  2,  0,  0,  0,  0,  0,  4,  0,  0,  0,  0,  0,  0,  0,  0,  0, ],
[ 0,  0,  0,  0,  6,  0,  0,  0, 14,  0,  0,  0,  0,  1,  0,  0,  0,  0,  0,  0,  0,  0,  0,  0, ],
[ 0,  0,  5,  0,  0,  0,  0,  0,  0,  0,  0,  0,  0,  0,  0,  0,  0,  0,  0,  0,  0,  0,  0,  0, ],
[ 0,  0,  0,  0, 11,  0,  0,  0,  0,  0,  0,  0,  0,  0,  0,  0,  0,  9, 11,  0,  0,  0,  0,  0, ],
[ 0,  0,  0,  0,  0,  0,  0,  0,  0,  0,  0,  0,  0,  0,  0,  8,  0,  0,  0,  0,  0,  0,  0,  0, ],
[ 0,  0,  0,  0,  0,  0,  0,  5,  0,  0,  0,  0, 13,  0,  0,  0,  0,  0,  0,  0,  0,  0,  0,  0, ],
[ 0,  0,  5,  0,  0,  0,  0,  0,  0,  1,  0,  0,  0,  0,  0, 11,  0,  0,  0,  0,  0,  0,  0,  0, ],
[ 0,  7,  0,  0,  0,  0,  0,  0,  0,  0,  0,  0,  0,  0,  0,  7,  0,  0,  0,  0,  0, 14,  0,  0, ],
[ 0,  0,  0,  0,  0,  6,  0,  0,  0,  0,  7,  0,  0,  0,  2,  0,  0,  0,  0,  0,  0,  0,  0,  0, ],
[ 0,  0,  0,  0,  0,  0,  0,  0,  8,  2,  9,  0,  3,  0,  0,  0,  0,  0,  0,  0,  0,  0,  0,  0, ],
[ 0,  2,  0,  0,  0,  0,  0,  0,  0,  0,  0,  0,  0,  5,  0,  0,  0,  0,  0,  0,  0,  0,  0,  0, ],
[ 0,  0,  0,  0,  0,  0,  2,  3,  0,  0,  0,  0,  0,  3,  0,  1, 10,  0, 12,  0,  0,  0,  0,  0, ],
[ 0,  0,  5,  0,  0,  5,  4,  0,  0,  0,  0,  0,  0,  0,  0,  0,  0,  0,  0,  0,  0,  0,  0,  0, ],
[ 0,  0,  0,  0,  0,  5,  0,  0,  0,  0,  8,  0,  0,  0,  0,  0,  0,  0,  0,  0,  0,  0,  0,  0, ],
[ 0,  0,  4,  0,  0,  0,  0,  0,  0,  0,  0,  0,  0,  0,  0,  0,  0,  0,  0,  0,  0,  0,  2,  0, ],
[ 0,  0,  0,  0,  0,  9,  0,  0,  0,  0,  0,  0, 10,  0,  0,  0,  0,  0,  0,  0,  0,  0,  0,  0, ],
[ 0,  0,  0,  0,  0,  0,  0,  0,  0,  0,  0,  0,  0,  0,  0,  0,  0,  0,  0,  0,  0,  0, 11,  0, ],
[ 0,  0,  0,  0,  0,  0,  0,  9,  0,  0, 13,  0,  0,  4,  0,  0,  1,  0,  0,  0,  0,  0,  0,  0, ],
[ 0, 11,  0,  0, 14,  0,  0,  0,  0,  0,  0,  0,  0,  0,  0,  0,  0,  0,  0,  0,  0,  0,  0,  0, ],
[ 0,  0,  0,  0,  0,  0,  0,  0,  0,  0,  0,  0,  0,  0,  0,  1,  0, 12,  0,  0,  0,  0,  0,  3, ],
[ 0,  0,  0,  0,  0,  0,  0,  0,  0,  0,  0,  0,  0,  0,  2,  0,  0,  0,  0,  0,  0,  0,  0,  0, ],
[ 0,  0,  0,  0, 11,  0,  0,  0, 11,  0,  0,  0,  5,  0,  5,  0,  0,  0,  0,  0,  0,  1,  0,  0, ],
[ 3,  0,  0,  0,  0,  0,  0,  0,  0,  3,  0,  0,  0,  0,  0,  0,  0,  0,  0,  0, 13,  0,  0,  0, ],
[ 0,  0,  0,  0,  0,  0,  0,  0,  0,  0,  0,  0,  0,  0,  0,  0,  0,  0,  0,  0,  0,  0,  0,  0, ],
[ 0,  0,  0,  0,  0,  0,  0,  0,  0,  0,  0, 12, 14,  0,  4,  0,  0,  0,  0,  0,  0,  0,  0,  0, ],
[ 0,  0,  0,  0,  0,  7,  0,  0,  0,  0,  0,  0,  0,  0,  0,  0,  0,  0,  0,  0,  4, 13,  0,  0, ],
[ 4,  6,  0,  0,  4,  0,  0,  0,  0,  0,  0,  0,  0,  0,  0,  0,  0,  0,  0,  0,  0,  7,  0,  0, ],
[ 0,  0,  0,  0,  0,  0,  0,  0,  0,  0,  0,  0,  0,  0,  0,  0,  5,  0,  0,  0,  0,  0,  0,  0, ],
[ 1,  0,  0,  0,  0,  0, 12,  0,  0,  0,  3,  0,  0, 12,  0,  0,  5,  0,  0,  0,  0,  0,  0,  0, ],
[ 0,  0,  0,  0,  0,  0,  0,  0,  0,  0,  0,  0,  0,  5,  0,  0,  0,  0,  0,  0,  0,  0,  0,  0, ],
[ 0, 12,  0,  0,  0,  0,  0,  0,  0,  0,  0, 13,  0,  0,  0,  0,  0,  0,  0,  0,  0,  0,  5,  0, ],
[ 0,  0,  0,  0,  0,  0,  0,  0,  0,  0,  0,  0,  0,  0,  0,  0,  0,  0,  0, 13,  0,  0,  0,  0, ],
[ 0,  0,  0,  0,  0,  0,  0,  0,  0,  3,  0,  0,  0,  0,  0,  0,  0,  0,  0,  0,  0,  0,  0,  0, ],


[0.8373, -0.1094, ],
[-0.1796, -0.3883, ],
[-0.4881, -0.2422, ],
[0.3613, 0.2335, ],
[-0.3226, 0.6453, ],
[0.4999, 0.0154, ],
[-0.6841, 1.0000, ],
[0.0757, 0.1855, ],
[0.8144, -0.6367, ],
[-0.6910, 0.2671, ],
[-0.5818, 0.0189, ],
[0.0066, -0.5141, ],
[-0.6282, -0.7566, ],
[-0.9457, 0.2255, ],
[0.5748, 0.5435, ],
[-0.5398, 0.0140, ],
[-0.3817, -0.9050, ],
[-0.0164, 0.8329, ],
[0.5040, -0.0547, ],
[0.0737, -0.8145, ],
[0.6977, 0.6812, ],
[0.0917, -0.4293, ],
[0.7509, -0.0281, ],
[0.9756, -0.4647, ],
[0.8457, 0.1265, ],
[0.2180, -0.0819, ],
[-0.9684, -0.5050, ],
[0.1844, -0.4322, ],
[0.1570, 0.3431, ],
[-0.5072, -0.8836, ],
[-1.0000, -0.3692, ],
[0.0173, 0.4508, ],
[0.6718, -0.1235, ],
[0.4077, 0.7070, ],
[0.1747, 0.7654, ],
[0.1148, -0.1416, ],
[-0.7749, -0.3725, ],
[-0.4364, -0.2547, ],
[0.8278, 0.7873, ],
[0.1429, -0.7491, ],
[0.5101, 0.3745, ],
[0.0007, 0.2151, ],
[0.3320, 0.5352, ],
[0.3784, -0.8478, ],
[0.7990, -0.0881, ],
[0.2646, -0.1462, ],
[0.2130, 0.0681, ],
[-0.5838, 0.5157, ],
[-0.8495, -0.7344, ],
[0.8335, 1.0000, ],
[0.7147, -0.1825, ],
[0.3873, -0.4706, ],
[0.5191, -0.9568, ],
[-0.4150, -0.6255, ],
[-0.3224, 0.3399, ],
[0.5846, -0.3786, ],
[0.6639, -0.0185, ],
[-0.6697, 0.3839, ],
[-0.7450, 0.3774, ],
[0.2591, -0.3484, ],
[0.7795, 0.2114, ],
[0.1165, 0.2634, ],
[-0.6715, 0.6739, ],
[0.2761, 0.2645, ],
[1.0000, 0.9493, ],
[0.4571, -0.6480, ],
[0.2930, 0.3129, ],
[0.3293, -0.5500, ],
[0.3206, 0.1330, ],
[0.7419, -0.1823, ],
[0.8789, 0.4060, ],
[0.1495, -0.9487, ],
[-0.2896, 0.2776, ],
[-0.1339, -0.3212, ],
[-0.6858, 0.6899, ],
[-1.0000, -0.1136, ],
[1.0000, 0.4074, ],
[0.2767, -0.0321, ],
[0.2186, 0.0970, ],
[-0.4125, -0.2558, ],
[-0.4060, -0.8745, ],
[-0.4323, 0.0491, ],
[-0.1946, -0.1985, ],
[-0.1781, 0.8155, ],
[0.5278, -0.0491, ],
[-0.4199, -0.3963, ],
[0.1868, 1.0000, ],
[0.6914, 0.6341, ],
[-0.1857, -0.6787, ],
[0.3570, -0.4950, ],
[-0.4310, -0.2269, ],
[-0.0581, -0.4176, ],
[-0.1894, -0.4762, ],
[-0.6346, -0.1750, ],
[-1.0000, 0.0539, ],
[0.0713, 0.2009, ],
[-0.6717, 0.6538, ],
[0.3539, 0.3506, ],
[0.6764, 0.2881, ],
[0.4009, 0.0935, ],


[6.0000, ],
[1.0000, ],
[10.0000, ],
[10.0000, ],
[14.0000, ],
[4.0000, ],
[4.0000, ],
[4.0000, ],
[0.0000, ],
[1.0000, ],
[6.0000, ],
[12.0000, ],
[2.0000, ],
[1.0000, ],
[1.0000, ],
[9.0000, ],
[3.0000, ],
[0.0000, ],
[4.0000, ],
[2.0000, ],
[1.0000, ],
[3.0000, ],
[7.0000, ],
[9.0000, ],
[4.0000, ],
[4.0000, ],
[18.0000, ],
[3.0000, ],
[3.0000, ],
[4.0000, ],
[6.0000, ],
[9.0000, ],
[9.0000, ],
[7.0000, ],
[10.0000, ],
[6.0000, ],
[0.0000, ],
[4.0000, ],
[6.0000, ],
[8.0000, ],
[6.0000, ],
[8.0000, ],
[0.0000, ],
[2.0000, ],
[8.0000, ],
[15.0000, ],
[5.0000, ],
[12.0000, ],
[9.0000, ],
[5.0000, ],
[4.0000, ],
[6.0000, ],
[12.0000, ],
[1.0000, ],
[12.0000, ],
[4.0000, ],
[5.0000, ],
[0.0000, ],
[2.0000, ],
[14.0000, ],
[0.0000, ],
[16.0000, ],
[6.0000, ],
[6.0000, ],
[10.0000, ],
[3.0000, ],
[1.0000, ],
[4.0000, ],
[8.0000, ],
[2.0000, ],
[11.0000, ],
[3.0000, ],
[6.0000, ],
[7.0000, ],
[10.0000, ],
[7.0000, ],
[9.0000, ],
[3.0000, ],
[14.0000, ],
[6.0000, ],
[5.0000, ],
[3.0000, ],
[7.0000, ],
[4.0000, ],
[10.0000, ],
[8.0000, ],
[7.0000, ],
[1.0000, ],
[13.0000, ],
[8.0000, ],
[0.0000, ],
[10.0000, ],
[9.0000, ],
[10.0000, ],
[2.0000, ],
[13.0000, ],
[2.0000, ],
[10.0000, ],
[4.0000, ],
[2.0000, ],


