[ 0,  0,  0,  0,  0,  0,  0,  0,  0,  0,  4,  0,  0,  0,  0,  0,  0,  0,  0,  0,  0,  0,  0,  0, ],
[ 0,  0,  0,  0,  0,  0, 13,  0,  0,  0,  0,  0,  0,  0,  0,  0,  0,  0,  0,  0,  0,  0,  0,  0, ],
[ 0,  2,  0,  0,  0,  0,  0,  0,  9,  0,  0,  0,  0,  0,  0,  0,  7,  0,  0,  0,  0,  0,  0,  0, ],
[ 0,  0,  0, 12,  0,  0,  8,  0,  1,  0,  0,  0,  0,  0,  0,  0,  0,  0,  0,  0,  0,  0,  0,  0, ],
[ 0,  0,  0,  0,  0,  0,  0,  0,  0,  0,  0,  0,  0, 11,  0,  0,  0,  0,  0,  0,  0,  0,  0,  0, ],
[ 0,  0,  0,  0,  0,  0,  0,  0, 12,  0,  0,  0,  0,  0,  0,  0,  0,  0,  0,  0,  0,  0,  4,  0, ],
[ 0,  0,  0,  0, 13,  0,  0,  0,  0,  0,  0,  0, 11,  0,  0,  2,  0,  8,  1,  0, 12,  0,  0,  0, ],
[ 0,  0,  0,  0,  0,  8,  0,  0,  4,  0, 10,  0,  0,  0,  0,  1,  0,  0,  0,  0,  0,  0,  0, 11, ],
[ 0,  0,  0,  0,  0,  0,  0,  0,  0,  0,  0,  0,  0,  0,  0,  0,  0,  0,  0,  0,  0,  0,  0,  0, ],
[ 0,  0,  4,  0,  0, 12,  0,  0,  0,  0,  0,  0,  0,  0,  1,  0,  0,  0,  0,  0,  0,  0,  0,  0, ],
[ 0,  0,  0,  0,  8,  0,  0,  2,  0,  0,  0,  0,  2,  0,  0,  0,  0,  0,  0,  0,  0,  0,  0,  0, ],
[ 0,  0,  0,  0,  0,  4,  0, 11,  0,  0,  0,  0,  0,  7,  8,  0,  0,  0,  0,  2,  0,  8,  0,  0, ],
[ 0,  0,  0,  0,  0,  0,  0,  0,  0,  0,  2,  0,  0,  0,  0,  0,  0,  0,  8,  0,  0,  0,  0,  0, ],
[ 0,  0,  0,  0,  0,  0,  0,  0,  0,  7,  0,  0,  0,  0,  2,  0,  0,  0,  0,  0,  0,  0,  0,  0, ],
[ 0,  0,  0,  0,  0, 12,  0,  0,  0,  0,  0,  0,  0,  0,  0,  0,  0,  4,  0,  0,  0,  0, 12,  0, ],
[ 0,  0,  0,  0,  0,  0,  0,  0,  0,  0,  0,  0,  0,  0,  2,  0,  0,  0,  0,  1,  0,  0,  0,  0, ],
[ 0,  2,  0,  0,  0,  0,  0,  0,  0,  0,  4,  0,  0,  7,  0,  0,  0,  2,  0,  0,  0,  0,  0,  0, ],
[ 0, 13,  0,  0,  0,  0,  0,  0,  0,  0,  0,  0,  0,  0,  0,  0,  0,  0,  0,  0,  0,  0,  0,  0, ],
[ 0,  0,  0,  0,  0,  0,  0,  0,  0,  0,  0,  0,  0,  0,  2,  0,  0,  0,  0,  0,  0,  0,  0,  0, ],
[ 0,  0,  0,  0,  1,  0,  0,  0,  0,  0,  0,  0,  0,  0,  5,  0,  0,  0,  0,  0,  0,  0,  0,  0, ],
[ 0,  0,  0,  0,  0,  0,  0,  0,  0,  9,  0,  0,  0,  0,  0,  0,  0,  0,  0,  0,  0,  0,  7,  0, ],
[ 0,  0,  0,  0,  0,  0,  0,  0,  0,  0, 13,  0,  7,  0,  0,  0,  0,  0,  0,  0,  0,  0,  0,  0, ],
[ 0,  0,  0,  0,  0,  0,  0,  0,  0,  0,  0, 12,  0,  0,  0,  1,  0,  0,  0,  0,  0,  0,  0,  0, ],
[ 0,  0,  0,  0,  0,  0,  0,  0,  0,  0,  0,  0,  0,  0,  0,  0,  0,  0,  0,  3,  0,  0,  0,  0, ],
[ 0,  0,  0,  0,  0,  0,  0,  0,  0,  0,  0,  0,  0,  0,  0,  0,  0,  0,  0,  7,  0,  0,  0,  0, ],
[14,  0,  0,  0, 13,  0,  0,  0,  0,  0,  0,  0,  0,  0,  0,  0,  0,  0,  0,  0,  0,  0,  0,  0, ],
[ 0,  0,  0,  0,  0,  0,  0,  0,  0,  0,  0,  0,  0,  0,  0,  0,  0, 13,  0,  0,  0,  0,  0,  0, ],
[ 0,  0,  0,  0,  0,  0,  0,  0,  0,  4,  0,  0,  0,  0,  0,  0,  0,  0,  0,  0,  0,  0,  0,  0, ],
[ 0,  5,  0,  7,  0,  0,  0,  0,  0,  0,  0,  9,  0,  0,  0,  0,  0,  0,  6,  0,  0,  0,  0,  0, ],
[ 0,  0,  0,  1,  0,  0,  0,  0,  0,  0,  0,  0,  0,  0,  0,  0,  0,  0,  0,  0,  0,  0,  0,  5, ],
[ 0,  0,  0,  0,  0,  0,  0,  0,  0,  0,  0,  0,  0,  0, 12,  7,  0,  0,  0,  0,  0,  0,  0,  3, ],
[ 0,  0,  0,  0,  0,  0,  0,  0,  0,  0,  0, 10,  0,  0,  0,  0,  0,  0,  0,  0,  0,  0,  0,  0, ],
[ 0,  0,  0,  0,  0,  0,  3,  0,  0,  5,  0,  0,  0,  0,  0,  0,  0,  0,  0,  0,  0,  0,  0,  0, ],
[ 0,  0,  0,  0,  0,  0,  0,  0,  0,  0,  0,  0,  0,  0,  0,  0,  0,  0,  0,  0,  0,  8,  0,  0, ],
[ 5,  1,  0,  8,  8,  7,  0,  0,  0,  0,  0,  0,  0,  0,  0,  0,  0,  0,  0,  0,  0,  0,  0,  0, ],
[ 0,  0,  0,  0,  0,  0,  0,  0,  0,  0,  0,  0,  0,  0,  0, 11,  0,  0,  2,  0,  0,  0,  0,  0, ],
[ 0,  0,  0,  0,  9,  0,  0,  0,  0,  0,  0,  0,  7,  2,  0,  0,  0,  0,  4,  0,  0,  0,  0,  0, ],
[ 0,  0,  2,  0,  0,  0,  0,  0,  0,  0,  0,  0,  0,  0,  0,  0,  0, 11,  8,  0,  0,  0,  0,  0, ],
[ 0,  0,  0,  0,  0,  0,  0,  0,  0,  0,  0,  0,  0,  0,  4,  0,  0,  0,  0,  2,  0,  0,  0,  2, ],
[ 0,  0,  0,  0,  0,  0,  0,  0,  0,  0,  0,  9,  0,  0,  0,  0,  0,  0,  0,  0,  0,  0,  0,  0, ],
[ 0,  0,  0,  2,  0,  0,  0,  0,  0,  0,  0,  0,  0,  0,  0,  0,  0,  2,  0,  7,  0,  0,  0,  0, ],
[ 0,  0,  0,  0,  3,  0,  0,  0,  0,  0,  0,  0,  0,  0,  0,  9,  0,  0,  2,  0,  0,  0,  0,  0, ],
[ 0,  0,  0,  0, 11,  0,  0,  0,  0,  0,  0,  5,  0,  0,  0,  0, 10,  0,  0,  0,  0,  0,  0,  0, ],
[ 0,  0,  5,  0,  0,  0,  0,  0,  0,  0,  0,  0,  0,  0,  0,  0,  0,  0,  0,  0,  0,  0,  0,  0, ],
[ 0,  0,  0,  0,  0,  0,  0,  0,  0,  0, 12,  0,  0,  0,  0,  0,  0,  0,  0,  0,  0,  0, 13,  0, ],
[ 0,  0,  0,  0,  0,  0,  0,  3,  0,  0,  0,  0,  0,  0,  0,  0,  0,  0,  4,  0,  0,  0,  3,  0, ],
[ 0,  0,  0,  0,  0,  0,  0,  0,  0,  0,  0,  0,  0,  0,  0,  0,  0,  0,  0,  0,  0,  0,  0,  0, ],
[ 0,  0,  0,  0,  0,  0,  0,  0,  0,  9,  0,  0,  0,  0,  0,  0,  0,  0,  0,  0,  0,  0,  0,  0, ],
[ 0,  0,  0,  0,  0,  0,  0,  0,  0,  0,  0,  0,  0,  0,  4,  0, 13,  0,  0,  0,  0,  0, 12,  4, ],
[ 0,  0,  0,  0,  0,  2,  7, 11,  0,  0,  0,  0,  0,  0,  0,  0,  0,  0,  0,  0,  0,  0,  0,  0, ],
[13,  0,  0,  0,  0,  0,  0,  0,  3,  0,  0,  0,  0,  0,  0,  0,  0,  0,  0,  0,  0,  0,  0, 13, ],
[ 0,  0,  0,  0,  0,  0,  0,  0,  6,  0,  0,  0,  0,  0,  0,  0,  0,  0,  0,  0,  0,  0,  1,  0, ],
[ 0,  0,  0,  0,  0,  0,  0,  0,  0,  0,  0,  0,  0,  0,  0,  0,  0,  0, 14,  0,  0, 13,  0,  2, ],
[ 0,  0,  0,  0,  0,  0,  0,  0,  4,  0,  0,  0,  0,  0, 11,  0,  0,  0,  0,  5,  0,  0, 14,  1, ],
[13,  0,  0,  0,  0,  0,  0,  0,  0,  0,  0,  0,  0,  0,  0,  0,  0,  0,  0,  0,  0,  0,  0,  0, ],
[ 0,  0,  0,  0,  0,  7,  0,  0,  0,  0,  0,  0,  0,  0,  0,  0,  0,  0,  0,  0,  0,  0,  0,  0, ],
[ 0,  0,  0,  0,  0,  0,  0,  0,  0,  0,  0,  0,  1,  0,  0,  0,  0,  0,  0,  0,  2,  0,  0,  0, ],
[ 3,  0,  0,  0,  0,  0,  0,  0,  0,  0, 12,  0,  0,  0,  0,  0,  0,  0,  0,  0,  0,  0,  0,  0, ],
[ 0,  0,  0,  0,  0,  0,  0,  0,  0,  0,  0,  0,  0,  0, 11,  0,  0,  0,  0,  0,  0,  0,  0,  0, ],
[ 0,  0,  0,  0,  0,  2,  0,  0,  0,  0,  0,  0,  0,  0,  0, 11,  0,  0,  0,  0,  0,  0, 10,  7, ],
[ 0,  0,  0,  0,  0,  0,  0,  0, 10,  0,  0,  0,  0,  0,  0,  0,  0,  0,  0,  0,  0,  0,  0,  0, ],
[ 0,  0,  0,  0,  0,  0,  0,  0,  0,  0,  9,  0,  0,  0, 14,  0,  0,  0,  0,  0,  0,  0,  0,  0, ],
[ 4,  0,  0,  0,  0,  0,  5,  0,  0,  0,  0,  0,  0,  0,  0,  0,  0,  0,  0,  0,  0,  0,  0,  0, ],
[ 0,  0,  0,  0,  0,  0,  0,  0,  0,  0,  0, 12,  2,  0,  0,  0,  0,  0,  0,  0,  0,  0,  0,  0, ],
[ 0,  0,  0,  9, 10,  0, 13, 10,  0,  0,  0,  0,  0, 13,  5,  0,  0,  0,  0,  0,  0,  0,  0,  0, ],
[ 0,  0,  0,  0,  0,  0,  0,  0,  0,  0,  4,  0,  0,  0,  0,  0,  8,  0,  7,  0,  0,  0,  0,  0, ],
[ 0,  0,  0,  0,  0,  0,  0,  0,  0,  0,  0,  3,  0,  0,  0,  0,  0,  0,  0,  0,  9,  0,  0, 13, ],
[ 0,  0,  0,  0,  0,  0,  0,  0,  0,  0,  0,  0,  0,  0,  0,  0,  0,  0,  0,  0,  2,  0,  0,  0, ],
[ 0,  0,  0,  0,  0,  0, 13,  0,  0,  0,  0,  0,  0, 13,  0,  0, 12,  0,  0,  5,  0,  0,  0,  0, ],
[ 0,  0, 13,  0,  0,  0,  0,  0,  0,  8, 12,  0,  0,  0,  0,  0,  0,  0, 10,  0,  0,  0,  0,  0, ],
[ 9,  0,  0,  0,  0,  0, 13,  0,  0,  0,  0,  0, 12,  0,  0,  0,  0,  0,  0,  0,  0,  0,  0,  0, ],
[ 0,  0,  0,  0,  0,  0,  0,  0,  0,  0,  0,  0,  0,  0,  0,  0,  0,  0,  0,  0,  8,  0,  0,  0, ],
[ 0,  0,  5,  0,  0,  0,  0,  0,  0,  0,  0,  0,  0,  0,  0,  0,  0,  0,  0,  0,  0,  0,  0,  7, ],
[ 0,  0,  5,  0,  0,  0, 13,  0,  0,  0, 13,  0, 10,  0, 14,  2,  0,  0,  0,  0,  0,  0,  0,  0, ],
[ 0,  0, 14,  0,  6,  0,  0,  0,  0,  0,  2,  0,  0,  0,  4,  0,  0,  0,  0,  0,  0,  0,  0,  0, ],
[ 0,  0, 14,  0,  0,  6,  0,  0,  0,  0,  0,  0,  0,  0,  0, 10,  0,  0,  0, 11,  0,  0,  0,  0, ],
[ 0,  0,  0,  0,  0,  0,  0,  0,  0,  0, 13,  0,  0,  0,  7,  0,  0,  0,  0,  0,  0,  0,  0,  0, ],
[ 0,  0,  0,  0,  2,  0,  0,  0,  0,  0,  0,  0,  0,  0,  0,  0, 11,  0, 11,  3,  0,  0,  0,  0, ],
[ 0,  0,  0,  0,  0,  0,  0,  0,  1,  0,  0,  0,  0,  0,  0,  5,  0,  0, 12,  5,  3,  0,  0,  0, ],
[ 0,  0,  0,  0,  5,  0,  3,  0, 14,  0,  0,  0,  0,  0,  0,  0,  5,  0,  0, 12,  0,  0,  0,  0, ],
[ 0,  0,  0,  0,  0,  0, 13,  0,  0,  0,  0,  0,  0,  0,  7,  0,  0,  0,  0,  0, 11,  0,  0,  0, ],
[ 0,  0,  0,  0,  0,  0,  0,  0,  0,  0,  5,  4,  0,  0,  0,  2,  4,  0,  0,  0,  0,  0,  0,  0, ],
[ 0,  0,  0,  0,  9,  0,  0,  0,  0,  0,  0,  0,  0,  0,  0,  0,  0,  0,  0,  0,  6,  0,  0,  0, ],
[ 0,  0,  0,  0,  0,  0,  0,  0,  0,  0,  0,  0,  0,  0,  0,  0, 13,  8,  0,  0,  0,  0,  0,  0, ],
[ 0,  6,  0,  0,  0,  0,  0,  0,  0,  0,  0,  0,  0,  0,  0,  0,  0,  0,  0,  0,  9,  3,  0,  0, ],
[ 9, 11,  0,  0,  0,  0,  0,  0, 10,  0,  0,  0,  0,  0,  0,  0,  0,  0,  0,  0,  2,  0,  0,  0, ],
[ 0,  0,  0,  0,  0,  0,  0,  0,  0,  0,  0,  0,  6,  0,  0,  0,  0,  0,  0,  0,  0,  0,  0,  9, ],
[ 0,  0,  0,  0,  0,  0,  0,  0,  0,  0,  0,  0,  0,  0,  0,  0,  0,  0,  0,  0,  0,  0,  0,  5, ],
[ 0,  0,  0,  0,  0,  0, 10, 14,  0,  0,  0,  0,  0,  0,  0,  9,  0,  0,  0,  0,  0,  0,  0,  0, ],
[ 0,  0,  0,  0,  0,  0,  0,  0,  0,  0,  0,  0,  0,  0,  0,  0,  0,  0,  0,  0,  0,  0,  0,  1, ],
[ 0,  0,  0,  0,  0,  0, 10,  0,  0,  0, 11,  0,  0,  0,  0,  0,  0,  0,  7,  0,  0,  0, 11,  0, ],
[ 0,  0,  0,  0,  0,  0,  0,  0,  0,  0,  0,  0,  0,  0,  4, 12,  0,  1,  0, 11,  0,  0,  0,  0, ],
[ 0,  2,  0,  0,  0,  0,  0,  0,  0,  0,  0,  0,  0,  0,  0,  0,  5,  0,  0,  0,  0,  0,  0,  0, ],
[ 0,  0,  0,  8,  0,  0,  9,  0,  0,  0,  0,  0,  0,  0,  0,  0,  0,  0,  0,  0,  0,  0,  0,  0, ],
[ 1,  0,  0,  0,  7,  0,  0,  0,  0,  0,  0,  0, 11,  0,  0,  0,  0,  0,  0,  0,  0,  0,  0,  0, ],
[ 0,  0,  0,  8,  0,  0,  0,  0,  0,  0,  0,  3,  0,  0,  0,  0,  0,  0,  0,  0,  0,  0,  0,  5, ],
[ 0,  0,  0,  0,  0,  0,  0,  5,  0,  0,  0,  0,  0,  0,  0,  0,  0,  0,  0,  0,  0,  0,  0,  0, ],
[ 5,  0,  0,  0,  5,  0,  0,  0,  0,  0,  0,  0,  0,  1,  0,  0,  0,  0,  0,  0,  0,  0,  0,  0, ],
[ 0,  0,  0,  0, 11,  0, 11,  0,  0,  0,  0,  0,  0,  0,  0,  0,  0,  0,  0,  0,  0,  0,  0,  0, ],
[ 0,  0,  0,  0,  9,  0,  0,  0,  0,  3,  0,  0,  0,  0,  0,  0,  0,  0,  0,  0,  5,  0,  0,  0, ],


[-0.7312, 0.0404, ],
[0.3993, -0.4806, ],
[-0.4881, 0.5175, ],
[0.3613, 0.3597, ],
[0.1810, 0.5527, ],
[0.0584, 1.0000, ],
[1.0000, 1.0000, ],
[-0.0193, 1.0000, ],
[-0.2025, 1.0000, ],
[-0.2020, 0.3602, ],
[0.5171, -0.1057, ],
[0.0991, -0.3365, ],
[-0.1985, 0.6225, ],
[0.5722, -0.0073, ],
[0.5361, 0.2089, ],
[0.8411, -0.2774, ],
[-0.0233, 1.0000, ],
[0.1698, 0.1248, ],
[0.6457, -0.0784, ],
[-0.1301, -0.2208, ],
[0.0900, 0.6467, ],
[-0.1213, 0.0626, ],
[0.3587, 0.1594, ],
[-0.6863, -0.5842, ],
[0.4754, -0.6377, ],
[0.0353, 0.2952, ],
[0.5163, 0.7520, ],
[0.1843, -0.2706, ],
[-0.3744, 0.9149, ],
[-0.3283, -0.7779, ],
[-0.6614, 0.5800, ],
[-0.0235, 0.1930, ],
[0.2607, 0.9533, ],
[0.4750, 0.2486, ],
[-0.0646, 0.4004, ],
[-0.6561, -0.1416, ],
[0.1403, -0.2231, ],
[0.8704, -0.0280, ],
[0.4451, -0.3894, ],
[0.9439, 0.5893, ],
[0.4900, 0.3745, ],
[0.0048, -0.4889, ],
[0.9632, 0.5600, ],
[0.0962, -0.8478, ],
[-0.0210, -0.5946, ],
[0.8101, -0.3409, ],
[-0.5499, 0.1533, ],
[-0.0211, -1.0000, ],
[-0.3923, 0.5332, ],
[0.0925, 0.1362, ],
[-0.4848, -0.1934, ],
[0.0804, 0.0150, ],
[0.1137, -0.1681, ],
[-0.0385, -0.6102, ],
[0.4153, -0.1939, ],
[0.2966, 0.1160, ],
[-0.7643, -0.0377, ],
[0.3906, 0.3441, ],
[-0.8141, -0.8180, ],
[-0.3171, 0.8293, ],
[0.5190, 0.1864, ],
[0.1165, 0.3345, ],
[-0.0224, 0.6042, ],
[-0.6954, 0.7009, ],
[0.6573, 1.0000, ],
[0.2442, 0.6534, ],
[0.1875, -0.5821, ],
[0.6543, -0.1678, ],
[-0.5936, 0.9222, ],
[0.9781, 0.6895, ],
[0.5260, -0.9061, ],
[-0.4503, 0.5711, ],
[-0.4613, 0.5147, ],
[0.8824, 0.8237, ],
[0.7616, -0.3528, ],
[-1.0000, -0.0655, ],
[0.8024, 0.3702, ],
[-0.9469, 0.9585, ],
[-0.0542, -0.8924, ],
[-0.0502, 0.2710, ],
[0.6290, 0.5673, ],
[-0.4103, -0.1739, ],
[0.3140, -0.1437, ],
[0.0454, 0.2650, ],
[-0.1228, -0.6793, ],
[-0.2645, 0.8741, ],
[0.8314, -0.5063, ],
[1.0000, -0.5461, ],
[-0.1104, -0.9977, ],
[-0.0202, -0.8778, ],
[-0.3090, 0.5593, ],
[0.7586, -0.0120, ],
[0.9043, 0.5829, ],
[-0.5850, 0.4676, ],
[-0.1293, -0.9472, ],
[-0.4770, -0.8865, ],
[-0.6067, 0.5193, ],
[0.4176, -0.3203, ],
[-0.4021, -0.7598, ],
[0.5400, -0.7926, ],


[2.0000, ],
[4.0000, ],
[7.0000, ],
[8.0000, ],
[4.0000, ],
[6.0000, ],
[17.0000, ],
[14.0000, ],
[0.0000, ],
[7.0000, ],
[5.0000, ],
[16.0000, ],
[4.0000, ],
[4.0000, ],
[10.0000, ],
[2.0000, ],
[7.0000, ],
[4.0000, ],
[1.0000, ],
[3.0000, ],
[6.0000, ],
[7.0000, ],
[5.0000, ],
[2.0000, ],
[3.0000, ],
[8.0000, ],
[4.0000, ],
[2.0000, ],
[11.0000, ],
[3.0000, ],
[9.0000, ],
[4.0000, ],
[4.0000, ],
[3.0000, ],
[12.0000, ],
[5.0000, ],
[9.0000, ],
[8.0000, ],
[4.0000, ],
[3.0000, ],
[5.0000, ],
[6.0000, ],
[10.0000, ],
[2.0000, ],
[8.0000, ],
[6.0000, ],
[0.0000, ],
[3.0000, ],
[12.0000, ],
[8.0000, ],
[10.0000, ],
[4.0000, ],
[9.0000, ],
[13.0000, ],
[4.0000, ],
[3.0000, ],
[2.0000, ],
[6.0000, ],
[4.0000, ],
[12.0000, ],
[4.0000, ],
[7.0000, ],
[4.0000, ],
[5.0000, ],
[21.0000, ],
[8.0000, ],
[9.0000, ],
[1.0000, ],
[14.0000, ],
[15.0000, ],
[11.0000, ],
[3.0000, ],
[5.0000, ],
[19.0000, ],
[10.0000, ],
[15.0000, ],
[7.0000, ],
[11.0000, ],
[11.0000, ],
[14.0000, ],
[11.0000, ],
[7.0000, ],
[6.0000, ],
[7.0000, ],
[8.0000, ],
[12.0000, ],
[6.0000, ],
[2.0000, ],
[11.0000, ],
[1.0000, ],
[15.0000, ],
[11.0000, ],
[3.0000, ],
[6.0000, ],
[8.0000, ],
[7.0000, ],
[2.0000, ],
[5.0000, ],
[8.0000, ],
[7.0000, ],


