[ 4,  0,  0,  0,  0,  0,  0, 11,  0,  0,  0,  0,  0,  0,  0,  2,  0, 12,  0,  0,  0,  0,  0, 10, ],
[ 0,  0,  0,  0,  0,  0,  0,  2,  0,  0,  0,  0,  0,  0,  0,  0,  0, 14,  0,  0,  0,  0,  0,  0, ],
[ 0,  0,  0,  0,  0,  0,  4,  0,  0,  0,  0,  0,  0,  8,  0,  0,  0, 14,  0,  0,  0,  0,  0,  0, ],
[ 0,  0,  0,  0,  0,  0,  0,  0,  0, 12,  0, 12,  0,  0,  0,  0,  0,  0,  0,  0,  0,  0,  0,  7, ],
[ 0,  0,  0,  0,  0,  0,  4,  0,  0,  0, 14,  0,  0,  0,  0,  0,  0,  0,  0,  0,  0,  0,  0,  0, ],
[10,  0,  0,  0, 14,  0,  0,  0,  0,  0,  0,  0,  0,  0,  9,  0,  0,  0,  0,  0,  1,  0,  0,  0, ],
[ 0,  0,  0, 12,  0,  0,  0,  0,  0,  0,  0,  0,  0,  0,  0,  0,  0,  0,  2,  0,  0,  0, 12,  0, ],
[ 0,  0,  0,  0,  0,  0,  0,  0,  6,  0, 10,  0,  0,  0,  0,  0,  0,  0,  0,  0,  0,  0,  0,  0, ],
[ 0,  0,  0,  0,  0,  0,  0,  0,  0, 13,  0,  0,  0,  0,  0,  1,  1,  0,  0,  0,  0,  0, 14,  0, ],
[ 0,  0,  0,  0,  0,  0,  0,  0,  6,  2,  0,  0,  0,  0,  0,  0,  0,  9,  0,  0,  0,  2,  0,  0, ],
[ 0,  0,  0,  0,  0,  0,  7,  0,  0,  0,  0,  0,  1,  0,  0,  0,  0,  0,  0,  0,  0,  0,  0,  0, ],
[ 0,  0,  0,  0,  0,  0,  0,  0,  0,  0,  0,  0,  0,  9,  1, 13,  0,  0,  0,  0,  0,  0,  0,  0, ],
[ 0,  0,  0,  0,  0,  0,  0,  0,  1, 11,  9,  0,  0,  0,  7,  0,  0,  0,  8,  0,  0,  0,  0,  0, ],
[ 0,  0,  0,  0,  0,  0,  0,  8,  0,  0,  0,  0,  0,  0,  0,  0,  3,  0,  4,  0,  0,  0,  0,  0, ],
[ 0,  0,  0, 14,  0,  0,  0,  0,  0,  0,  0,  0,  0,  0,  0,  0,  0,  0,  0,  0,  0,  1,  0,  0, ],
[ 0, 10,  0,  0,  0,  0,  0,  0,  0, 12,  0,  0,  0, 13,  0,  0,  0,  0,  0,  0,  0,  0,  0,  0, ],
[ 0,  0,  0,  0,  0,  0,  0,  0,  0,  0,  0,  0,  0,  0,  0,  0,  0,  0,  0,  0,  0,  0,  0,  0, ],
[ 0,  0,  0,  0,  0,  0,  0,  0,  0,  0,  0,  0,  0,  0, 12,  0,  0,  0,  0,  0,  0,  0,  0,  0, ],
[ 0,  4,  0,  0,  0,  0,  0,  0,  0,  0,  0,  0,  0,  0,  0,  0,  0, 14,  0,  0,  0,  0,  0,  0, ],
[ 0,  0,  0,  0,  0,  0,  0,  0,  0,  0,  0,  0,  0,  0,  0,  0,  0,  0,  0,  0,  0,  1,  0,  0, ],
[ 1,  0,  0, 14,  0,  0,  6, 10,  0,  0,  7,  0,  0,  0,  0, 14,  0,  0,  0,  0, 14,  0,  0,  0, ],
[10,  0,  0,  0,  0,  0,  0,  0,  0,  0,  0,  0,  0,  0,  0,  0,  0,  2,  0,  0,  0,  0,  0,  0, ],
[ 0,  0,  0,  0,  0,  0,  0,  0, 10,  0,  0,  0,  0,  0,  0,  0,  0,  0,  0,  0,  0,  0,  0,  0, ],
[ 0,  0,  0,  0,  0,  0,  0,  0,  0,  0,  0,  0,  0,  0,  0,  0,  0,  0,  0,  0,  0,  0, 13,  0, ],
[ 0,  0,  0,  0,  0,  0,  0,  0,  0,  0,  0,  0,  0,  0,  0,  0,  0,  0,  0,  0,  0,  0,  8,  0, ],
[ 0,  0,  0,  0,  0,  0,  0,  0,  0,  0,  0,  0,  0,  0,  0,  0,  9,  0,  0,  0,  0,  0,  0,  0, ],
[ 3,  0,  0,  0,  0,  0,  0,  0,  0,  0,  0,  0,  0,  0,  0, 13,  8,  0,  0,  0,  0, 12,  5, 12, ],
[ 0,  0,  0,  0,  0,  0,  0,  0,  0,  0,  0,  0,  7,  0,  0,  0,  0,  0,  0, 13,  0,  0,  0,  0, ],
[ 0,  0,  0,  0,  0,  0,  0,  0, 13,  0,  0,  0,  2,  0,  0, 13,  0,  0,  0,  0,  0,  0,  0,  0, ],
[ 0,  0,  0,  0,  0,  0,  0,  0, 11,  0,  0,  0,  0,  0,  0,  0,  0,  0,  0,  0,  0,  0,  0,  0, ],
[ 0,  0,  0, 11,  0,  0,  0,  0,  0,  0,  0,  0,  0,  0,  0,  5,  5,  0,  0,  0,  0,  0,  0, 12, ],
[ 0,  0,  0,  0,  0,  0,  0,  0,  0,  0,  0,  0,  0,  0,  0,  0,  6,  0,  0,  0,  0,  0,  0,  0, ],
[ 0, 10,  0,  0,  0, 12,  0,  0,  0,  0,  0,  0,  0,  0,  0,  0,  0,  0,  0,  0,  0, 11,  0,  0, ],
[ 0,  0,  0,  0,  0,  0, 13,  0,  0,  0,  0,  0,  0,  0,  0,  0,  0,  6,  0,  0,  0,  0,  0,  0, ],
[ 0,  0,  0,  0,  0,  0,  0,  0,  0,  0,  0,  0,  0,  0, 11,  0,  0,  0,  0,  0,  0,  0,  0,  0, ],
[ 0,  0,  0,  0,  0,  0,  9, 10,  0,  0,  0,  0,  0,  0,  8,  0, 13,  0,  0,  0,  0,  0,  0,  0, ],
[ 0,  0,  0,  0,  0,  0,  0,  0,  9,  0,  0,  0,  0,  0,  0,  0,  0,  0,  0,  0,  0,  0,  0,  0, ],
[12,  0,  0,  2,  0,  0,  0,  0,  0,  0,  0,  0,  0,  0,  0,  0,  0,  0,  0,  0,  0,  0,  0,  0, ],
[ 0,  0,  5,  1,  0,  0,  0,  0,  0,  0,  0,  4,  0,  0,  3,  0,  0,  0,  0,  3,  9,  0,  0,  0, ],
[ 0,  0,  0,  4,  0,  0,  0,  0,  0,  0,  0,  0,  0,  0,  0,  0,  0,  0,  0,  0,  0,  0, 14,  0, ],
[ 0,  0,  0,  0,  0,  0,  0,  0,  0,  6,  0,  0,  0,  0,  0,  0,  4,  0,  0,  0,  0,  0,  0,  0, ],
[ 0,  0,  0,  0,  0,  0,  0,  0,  0, 10,  0, 10,  0,  0,  0,  0,  0,  0,  0,  0,  0,  0,  0,  0, ],
[ 0,  0,  0,  0,  0,  0,  0,  0,  7,  0,  0,  0,  0,  0,  0,  0,  0,  0,  0,  0,  0,  0,  0,  0, ],
[ 0,  0,  0,  0,  0,  0,  0, 11,  0,  0,  0,  0,  0, 10,  0,  0,  0,  0,  3,  0,  0,  0,  0,  0, ],
[ 8,  0,  0,  0,  0,  0,  0,  0,  0,  0, 12,  0,  0,  0,  0,  0,  0,  0,  7,  0,  0,  0,  0,  0, ],
[ 0,  0,  0,  0,  0,  4,  0,  0,  0,  0,  0,  0,  0,  0,  0,  0,  0,  0,  0,  2,  0, 14,  0,  0, ],
[14,  0,  0,  0,  0,  0,  0,  0,  0,  0,  0,  2,  0,  0,  7,  0,  0, 14,  0,  0,  0,  0,  0,  0, ],
[ 0,  0,  0,  0,  0,  0,  0,  0,  8,  0,  0,  0,  0,  0,  0,  0,  0, 10,  0,  0,  0,  0,  0,  0, ],
[ 0,  0,  8,  5,  0,  0,  0,  0,  0,  0,  0,  0,  0, 10,  0,  0,  0,  0,  0,  0,  0,  0,  0,  0, ],
[ 0,  0,  0,  0,  0,  0,  0,  0,  0,  0,  0,  0,  0,  0,  0,  0,  0,  0,  0,  0,  0,  0,  0,  0, ],
[ 0,  6,  0, 13,  0,  0,  0,  0,  0,  0,  0,  0,  1,  0,  0,  0,  0,  0,  0, 13,  0,  0,  0,  2, ],
[ 0,  0,  0,  2,  0,  0,  0,  0,  0,  0,  0,  0,  0,  0,  0, 13,  0,  0, 12,  0,  0,  0,  0,  0, ],
[ 0,  0,  0,  0,  0,  0,  0,  0,  0,  0,  0,  0,  0,  6,  0,  0,  0,  0,  0,  0,  0,  7,  0,  0, ],
[ 0,  0,  0,  0,  0,  0,  0,  0,  0,  8,  0,  0,  0,  0,  0,  0,  8,  0,  0,  0,  0,  0,  0,  0, ],
[ 0,  1,  0,  0,  0,  0,  0,  0,  0,  0,  0,  0,  0,  0,  2,  0,  0, 11,  0,  0,  0,  0,  0,  0, ],
[ 0,  0,  0,  0,  0,  0,  0,  0,  6,  0,  0,  0, 10,  0,  0,  0,  0,  0,  0,  0,  0,  0,  0, 11, ],
[ 0,  0,  0, 11, 13,  0,  0,  0,  0,  0,  0,  2,  0,  0,  0, 11,  0,  0,  0,  0,  0,  0,  0,  0, ],
[ 0,  0,  0,  0,  0,  0,  0,  0,  0,  0,  0,  0,  0,  0,  0,  0,  0,  0,  0,  0,  0,  0,  0,  0, ],
[ 0,  0,  0,  0,  0,  0,  0,  0,  0,  0,  0,  0,  0,  0,  0,  0,  0,  0,  0,  0,  0,  0,  0,  3, ],
[ 0,  0,  8,  0,  0,  0,  0,  0,  0,  0,  0,  3,  0,  1,  0,  0,  0,  0,  0,  6,  0,  0, 11,  0, ],
[ 0,  0,  0,  0,  0,  0,  0,  0,  0,  0,  0,  0,  0,  0,  0,  0,  0,  0,  0,  0,  0,  0,  0,  0, ],
[ 0,  0,  0,  0,  0,  0,  0,  0,  0,  7,  9,  0,  0,  0,  6,  0,  7,  0,  0,  6,  0,  0,  0,  0, ],
[ 0,  0,  0,  0,  0,  0,  4, 11,  0,  9,  0,  0,  0,  0,  0,  0,  0,  0,  0,  0,  0,  0, 10,  0, ],
[ 0,  0,  0,  0,  0,  0,  0,  0,  0,  0,  4,  0,  0,  0,  0,  0,  0,  0,  0, 10,  0,  0,  0,  0, ],
[ 0,  0,  0,  0,  0,  7,  0,  0,  0,  0,  0,  0,  0,  0,  0,  0,  0,  0,  0,  0,  0,  4,  0,  0, ],
[ 0,  0,  0,  0,  0,  0,  0,  0,  0,  0,  7,  0,  0,  0,  0,  0,  0,  0,  0,  0,  0,  0,  0,  0, ],
[ 0,  0,  0,  0,  0,  0,  0,  0,  6,  0,  0,  0,  0,  0,  0,  9,  0,  0,  0,  0,  0, 12,  0, 13, ],
[ 0,  0,  0,  0,  0,  0,  0,  0,  7,  0,  0,  0,  0,  0,  0,  0,  0,  0,  0,  0,  0,  0,  0,  0, ],
[ 0,  0,  0,  0,  0,  0,  0,  0,  0,  0,  0,  0,  0,  0,  0,  0,  0,  0,  7,  0,  0,  0,  0,  0, ],
[ 0,  0,  5,  0,  0,  0,  0,  0,  0,  5,  0,  0,  8, 12,  0,  0,  0,  0,  0,  0,  0,  0,  0,  0, ],
[ 0,  0,  0,  0,  0,  0,  0,  0,  0,  0,  0,  1,  0,  0,  0,  7,  0,  8,  0,  0,  0,  0,  0,  0, ],
[ 0,  0,  0,  5,  0,  0,  0,  0,  0,  0,  0,  0,  0,  0,  0,  0,  0,  0,  0,  0,  0,  0,  0,  0, ],
[ 0,  0, 12,  0,  0,  0,  0,  0,  0,  0,  0,  0,  0,  0,  0,  0,  0,  0,  0,  0,  0,  0,  0,  0, ],
[ 0,  0,  0,  0,  0,  0,  0,  0,  0,  0,  0, 10,  0,  0,  0,  0,  0,  0,  0, 14,  0,  0,  0,  0, ],
[ 0,  7,  0,  0,  0,  0,  0,  0,  0,  0,  0,  0,  0,  0,  0,  7,  0,  0,  0,  0,  0,  0,  0,  0, ],
[ 0,  0,  0,  0,  0,  6,  0,  0,  0,  0,  0,  0,  0,  0,  0,  0,  0,  4,  0,  0,  0,  0,  0,  0, ],
[ 0, 11,  0,  0,  0,  0,  0,  0,  8,  2,  0,  0,  0,  0,  0,  0,  0,  0,  0,  0,  0,  0,  0,  0, ],
[ 0,  2,  0,  0, 12,  0,  0,  0,  0,  0,  0,  0,  0,  0,  2,  0,  0,  0,  3,  0,  0,  0,  0,  1, ],
[ 0,  0,  0,  0,  0,  0,  2,  0,  0,  0,  0,  0,  0,  0,  0,  1,  0,  0, 12,  0,  0,  0,  0,  0, ],
[ 0,  0,  0,  0,  0,  0,  0,  0,  0,  0, 14,  0,  0,  0,  0,  0,  0,  0,  0,  0,  0,  0,  0,  0, ],
[12,  0,  0,  0,  0,  0,  0,  0,  0,  0,  0,  0,  0,  0,  0,  0,  0,  0,  0,  0,  0,  8,  0,  0, ],
[ 0,  0,  4,  0,  0,  0,  0,  0,  0,  0, 12,  0,  0,  0,  0,  6,  0,  0,  0,  0,  0,  0,  0,  0, ],
[ 0,  0,  9,  0,  0,  0,  0, 11,  0,  0,  0,  0,  0,  0,  0,  0,  0,  9,  0,  0,  0,  0,  0,  0, ],
[ 0,  0,  0,  0,  0,  0,  0,  0,  0,  0,  0,  0,  0,  0,  0,  0,  0,  0,  0,  0,  0,  6,  0,  0, ],
[ 0,  0,  0,  0,  0,  0,  0,  4,  0,  0,  0,  0, 12, 12,  0,  0,  1,  0,  0,  0,  0,  0, 13,  0, ],
[ 0,  0,  0,  0,  0,  0,  0,  0,  0,  1,  0,  0,  0,  0,  0,  0,  0,  0,  0,  0,  0,  0,  0,  5, ],
[ 0,  0,  0,  0, 11,  0,  0,  0,  0,  0,  0,  0,  0,  0,  0,  0,  0,  0,  0,  0,  0,  0,  0,  0, ],
[ 3,  0,  0,  0,  0,  0,  0,  0,  0,  0,  0,  0,  0,  0,  2,  0,  0,  0, 14,  0,  6,  0,  5,  0, ],
[ 0,  0,  0,  0, 11,  0,  0,  0,  0,  0,  0,  0,  5,  0,  0,  5,  0,  0,  0,  0,  7,  0,  0,  0, ],
[ 0,  0, 11,  0,  7,  0,  0,  0,  0,  0,  0,  0,  0,  0,  0,  0,  0,  0,  0,  0, 13,  0,  0,  0, ],
[ 0,  0,  0,  0,  0,  0,  0,  0,  0,  0,  0,  0,  0,  0, 10,  0,  0,  0,  0,  0,  0,  0,  0,  0, ],
[ 0,  0,  0,  0,  0,  0,  0,  0,  0,  0,  0,  0,  0,  0,  0,  0,  0,  0,  0,  0,  0,  0,  0,  0, ],
[ 3,  0,  1,  0,  0,  0,  0,  0,  0,  0,  0,  0,  0,  0,  0,  0, 13,  3,  0,  0,  6,  0,  0,  0, ],
[ 0,  0,  0,  0,  0,  0,  0,  0,  0,  0,  0,  0,  0,  0,  0,  0,  0,  0,  0,  0,  0,  0,  5, 11, ],
[ 0,  0,  0,  0,  0,  0,  0,  5,  0,  0,  0,  0,  0,  0,  0,  0,  0,  0,  0,  0,  0,  0,  0,  0, ],
[ 9,  0,  0,  3,  0,  0,  0,  0,  0,  0,  0,  0,  0, 12,  0,  0,  0,  0,  0,  0,  0,  0,  0,  0, ],
[ 0,  0,  0,  0,  0,  0,  0,  0,  0,  0,  4,  0,  0,  0,  0,  0,  0,  0,  0,  0,  0,  0,  5,  0, ],
[ 0,  0,  0,  0,  0,  0,  0,  0,  9,  0,  0,  0,  0,  0,  0,  0,  0,  0,  0,  0,  0,  0,  5,  0, ],
[ 0,  0,  0,  0, 12,  0,  0,  0,  0,  0,  0,  0,  0,  0,  0,  0,  0,  0,  0,  0,  0,  0,  0,  0, ],
[ 0,  0,  0,  0,  0,  0,  0,  6,  0,  0,  0,  0,  0,  0,  0,  0,  0,  0,  0,  0,  0,  0,  0,  0, ],


[0.8373, -0.1989, ],
[-0.1594, -0.3620, ],
[0.1339, -0.3702, ],
[0.9179, 0.1987, ],
[0.8484, 1.0000, ],
[0.2450, -0.0777, ],
[-0.6841, 0.3193, ],
[0.2706, 0.1855, ],
[-0.1958, 0.3707, ],
[-0.5427, 0.2671, ],
[-0.9564, -0.0077, ],
[0.0066, -0.4763, ],
[0.3846, -0.5008, ],
[0.8004, 0.2255, ],
[0.5584, 0.5290, ],
[-0.4594, 0.0925, ],
[0.4312, -0.4739, ],
[-0.0840, 0.8329, ],
[0.5040, -0.0547, ],
[-0.0882, -0.8587, ],
[0.7698, 0.8316, ],
[0.4350, 0.0863, ],
[0.5637, 0.0350, ],
[0.9701, -0.0895, ],
[0.9172, -0.0318, ],
[-0.3196, -0.1534, ],
[-0.7200, -0.3729, ],
[0.0003, 0.9773, ],
[0.3207, 0.2692, ],
[-0.4029, 0.3029, ],
[-0.6571, -0.4328, ],
[-0.0150, 0.5525, ],
[0.6718, -0.1235, ],
[0.4077, 0.8175, ],
[0.1747, -0.1683, ],
[0.1148, 0.3492, ],
[-0.7728, 0.3228, ],
[0.5343, -0.0544, ],
[-0.2667, 0.7969, ],
[0.1096, 0.4709, ],
[0.2996, 0.8902, ],
[0.0250, 0.2151, ],
[0.3320, 0.5352, ],
[0.3784, -0.8176, ],
[0.1784, -0.0929, ],
[0.2136, 0.8498, ],
[-0.5499, 0.2164, ],
[-0.5838, -0.4691, ],
[-0.8495, -0.7288, ],
[0.8442, 0.7569, ],
[0.5195, -0.1825, ],
[0.0900, -0.3530, ],
[-0.0413, -0.7793, ],
[-0.2714, -0.6102, ],
[-0.3224, 0.3399, ],
[0.5846, -0.3786, ],
[0.6639, -0.0185, ],
[-0.6982, 0.2922, ],
[-0.7655, 0.4126, ],
[0.2591, -0.4915, ],
[0.2576, 0.1916, ],
[0.2246, 0.0478, ],
[-0.6715, 0.0272, ],
[0.4850, 0.2645, ],
[1.0000, 0.9503, ],
[0.4230, -0.8109, ],
[0.4206, 0.4004, ],
[0.2758, -0.4242, ],
[0.3206, 0.1038, ],
[0.7942, -0.0283, ],
[-0.3368, 0.3166, ],
[0.2709, 0.4304, ],
[-0.4866, 0.6323, ],
[-0.1288, -0.3212, ],
[0.2093, 0.6899, ],
[-1.0000, -0.1136, ],
[1.0000, -0.2102, ],
[1.0000, -0.0138, ],
[0.2186, 0.0623, ],
[-0.3535, -0.7088, ],
[-0.4060, -0.8188, ],
[-0.4285, 0.7835, ],
[-1.0000, 1.0000, ],
[-0.5506, 0.8155, ],
[-0.2123, -0.1684, ],
[-0.3286, -0.2337, ],
[0.0979, 0.4968, ],
[0.7509, 0.6364, ],
[-0.1138, -0.7104, ],
[0.4963, -0.4950, ],
[-0.4185, -0.1772, ],
[-0.0901, -0.3338, ],
[0.1818, -0.5539, ],
[0.4073, 0.2818, ],
[-0.7791, -0.8898, ],
[-0.0121, 0.2009, ],
[-0.7111, 0.5193, ],
[0.6380, 0.3506, ],
[0.6764, 0.4626, ],
[0.4973, 0.9748, ],


[15.0000, ],
[5.0000, ],
[9.0000, ],
[11.0000, ],
[6.0000, ],
[12.0000, ],
[9.0000, ],
[7.0000, ],
[10.0000, ],
[8.0000, ],
[4.0000, ],
[8.0000, ],
[14.0000, ],
[7.0000, ],
[5.0000, ],
[12.0000, ],
[0.0000, ],
[4.0000, ],
[6.0000, ],
[1.0000, ],
[23.0000, ],
[5.0000, ],
[4.0000, ],
[4.0000, ],
[3.0000, ],
[3.0000, ],
[19.0000, ],
[7.0000, ],
[9.0000, ],
[4.0000, ],
[12.0000, ],
[3.0000, ],
[12.0000, ],
[7.0000, ],
[4.0000, ],
[14.0000, ],
[3.0000, ],
[5.0000, ],
[12.0000, ],
[6.0000, ],
[5.0000, ],
[8.0000, ],
[3.0000, ],
[10.0000, ],
[10.0000, ],
[7.0000, ],
[12.0000, ],
[7.0000, ],
[9.0000, ],
[0.0000, ],
[13.0000, ],
[9.0000, ],
[6.0000, ],
[6.0000, ],
[6.0000, ],
[11.0000, ],
[13.0000, ],
[0.0000, ],
[2.0000, ],
[13.0000, ],
[0.0000, ],
[15.0000, ],
[13.0000, ],
[6.0000, ],
[5.0000, ],
[3.0000, ],
[14.0000, ],
[3.0000, ],
[3.0000, ],
[11.0000, ],
[7.0000, ],
[2.0000, ],
[4.0000, ],
[8.0000, ],
[6.0000, ],
[5.0000, ],
[8.0000, ],
[9.0000, ],
[6.0000, ],
[4.0000, ],
[7.0000, ],
[9.0000, ],
[10.0000, ],
[3.0000, ],
[15.0000, ],
[3.0000, ],
[4.0000, ],
[12.0000, ],
[11.0000, ],
[11.0000, ],
[4.0000, ],
[0.0000, ],
[12.0000, ],
[6.0000, ],
[2.0000, ],
[9.0000, ],
[4.0000, ],
[5.0000, ],
[4.0000, ],
[3.0000, ],


