[ 4,  0,  0,  0,  0,  0,  0,  0,  0,  0,  0,  0,  0,  0,  0,  0,  0,  0,  0,  0,  0,  0,  0,  0, ],
[ 0,  0,  0,  0,  0,  0,  0,  0,  0,  0,  0,  0,  0,  0,  0,  0,  0,  0,  0,  0,  0,  0,  0,  0, ],
[ 0,  0,  0,  0,  0,  0,  9,  0,  0,  0,  0,  0,  0,  8,  0,  0,  0,  0,  0,  0,  0,  0,  0,  0, ],
[ 0,  0,  0,  8,  0,  0,  0,  0,  0,  0,  0, 12,  0,  0,  0, 10, 10,  0,  0,  0,  0,  0,  0,  0, ],
[ 4,  0,  0,  0,  0, 14,  0,  0,  0,  0,  0,  0,  0, 11,  0,  0,  6,  0,  0,  0,  0,  9,  6,  0, ],
[ 0,  0,  0,  0,  0,  0,  0,  0,  0,  0,  0,  0,  0, 13,  0,  0,  0,  7,  0,  0,  0,  0,  0,  0, ],
[ 0,  0,  0,  0,  0,  0,  0,  0,  0,  0,  0,  0,  1,  0,  0,  0,  0,  0,  0,  0,  0,  0,  0,  0, ],
[ 0,  0,  0,  0,  0,  0,  0,  0,  6,  0, 10,  0,  0,  0,  0,  0,  0,  0,  0,  0,  0,  0,  0,  0, ],
[ 0,  0,  7,  0,  0,  0,  3,  0,  0,  0,  0,  0,  0,  0,  0,  0,  0,  0,  0,  0,  0,  0,  0,  0, ],
[ 0,  0,  0,  0,  0,  0,  6,  0,  0,  3,  0,  0,  0,  0,  0, 10,  0,  0,  0,  0,  0,  0,  0,  0, ],
[ 0,  0,  0,  0,  0,  0,  0,  0,  5,  0,  0,  2,  1,  0,  0,  0,  0,  0,  0,  5,  0,  0,  0,  0, ],
[ 0,  0,  0,  0,  0,  0,  0,  0,  0,  0,  0,  0,  0, 13,  1,  0,  0,  0,  0,  0,  0,  0,  0,  0, ],
[ 0,  0,  0,  4,  0,  0,  0,  0,  1,  0,  0,  0,  0,  0,  0,  0,  0,  0,  8,  0,  0,  0,  0,  0, ],
[ 0,  4,  0,  0,  2,  0,  0,  2,  0,  4,  0,  0,  0,  0,  0,  0,  4,  0,  4,  0,  0,  0,  0,  0, ],
[ 0,  0,  5,  0,  9,  0,  0,  0,  0, 13,  0,  0,  0,  0,  0,  0,  0,  0,  0,  0,  0,  1,  0,  0, ],
[ 9,  0,  0,  0,  0,  0,  0,  0,  0,  0,  0,  0,  0,  0,  0,  0,  0,  0,  0,  0,  0,  0,  0,  0, ],
[ 0,  8,  0,  0, 11,  0,  0,  0,  0,  0,  0,  0,  7, 13,  0,  0,  0,  0,  0,  0,  0,  0,  0, 13, ],
[ 0,  0,  0,  0,  0,  0,  0,  0,  0,  0,  0,  9,  0,  0,  0,  0,  0,  0,  0,  0,  0,  0,  0,  0, ],
[ 0,  0,  0,  0,  0,  0,  0,  0,  0,  0,  0,  0,  0,  0,  0,  2,  0,  0,  0,  0,  0,  0,  0,  0, ],
[ 7,  0,  0,  0,  0,  0,  0,  0,  0,  0,  0,  0,  0,  0,  0,  0,  0,  0, 10,  7,  0,  0,  0,  0, ],
[ 0,  0,  0,  0,  0,  0,  0,  0,  0,  0,  0,  0,  0,  0,  0,  0,  0,  0,  0,  0,  0,  0,  0,  0, ],
[ 0,  0,  0,  0,  0,  7,  0,  0,  0,  0,  8,  0,  0,  0,  0,  0,  0,  2,  0,  0,  0,  0,  0,  0, ],
[ 0,  0,  0,  0,  0,  0,  0,  0, 10,  0,  0,  0,  0,  0,  0,  0,  0,  0,  0,  0,  0,  0,  0,  0, ],
[ 0, 13,  0,  0,  0,  0,  0,  0,  0,  0, 14,  0,  0,  0,  0, 11,  0,  0,  0,  0,  0,  0, 13,  0, ],
[ 0,  0, 10,  0,  0,  0,  0,  1,  8,  0,  0,  0,  0,  0,  0,  0,  0,  0,  0,  0,  0,  0,  8,  0, ],
[ 0,  0,  0,  0,  0,  0,  0,  0,  0,  0,  0,  0,  0,  0,  0,  0,  0,  1,  0,  0,  0,  0,  0,  0, ],
[ 0,  0,  0,  0,  0,  0,  8,  0,  0,  0,  0,  0,  9,  0,  1,  0,  0,  0,  9,  0,  0,  0,  0,  6, ],
[ 0,  0,  0,  0,  0,  0,  0,  0,  0,  0,  0,  0,  0,  0,  0,  0,  0,  0,  0,  0,  0,  0,  0,  0, ],
[ 1,  0,  0,  6,  0,  0,  0,  0, 13,  0, 12,  0,  0,  0,  0,  0,  0,  0,  0,  0,  0,  0,  0,  0, ],
[14,  0,  0,  0,  0,  0,  0,  4, 13,  3,  0,  0,  2,  0,  0,  0,  0,  1,  0,  0,  0,  0,  0,  0, ],
[ 0,  0,  0,  0,  0,  0,  0,  0,  0,  0,  0,  0,  0,  0,  0,  0,  0,  0,  0,  0,  0,  0,  0,  0, ],
[ 0,  0,  0,  0,  0,  0,  0,  0,  0,  0, 11,  0,  0,  2,  0,  0,  0,  0,  0,  0,  0,  0,  0,  0, ],
[ 0,  0,  0,  0,  5,  0,  0,  0,  0,  0,  0,  4,  0,  0,  0,  0,  0,  0,  0,  0,  0,  0,  0,  0, ],
[14,  0,  0,  0,  6,  0,  0,  0,  0,  0,  0,  0,  0,  0,  0,  0,  0,  0,  0,  0,  0,  0,  0,  0, ],
[ 0,  0, 14,  0,  0,  0,  0,  7,  0,  0,  0,  0,  0,  0,  0,  0,  0,  3,  0,  0,  0,  0,  0,  0, ],
[ 0,  0,  0,  0,  0,  0,  0,  0,  0,  0,  0,  0, 14,  0,  0,  0,  0,  0,  0,  8, 11,  0,  0,  0, ],
[ 0,  0,  0,  0,  0,  0,  0,  0,  0,  0,  0,  0,  3,  0,  0,  0,  9,  0,  0,  0,  0,  0,  0,  0, ],
[ 0,  0,  0,  0,  0,  0,  0,  0,  0,  0,  8,  0,  0,  0,  0,  0,  0,  0,  0,  0,  0,  0,  0,  0, ],
[ 0,  0,  0,  1,  0,  0,  0,  0,  0,  0,  0,  0,  0,  0,  0,  0,  0,  3,  0, 14,  0,  0,  0,  0, ],
[ 0,  0,  0,  0,  0,  0,  0,  0,  0,  0,  0,  0,  0,  0,  0,  0,  0,  0,  0,  0,  0,  0,  0,  0, ],
[ 0,  0,  0,  0,  0,  0,  0,  0,  0,  0,  0,  0,  0,  0,  0,  5,  4,  0,  0,  7,  0,  0,  0,  0, ],
[ 0,  0,  0,  0,  0,  0,  0,  0,  0, 10,  0, 10,  0,  0,  0,  0,  0,  0,  0,  0,  0,  0,  0,  0, ],
[ 0,  0,  0,  0,  0,  0,  0,  0,  0,  0,  0,  0,  0,  0,  0,  0,  0,  0,  0,  0,  0,  0,  0,  0, ],
[ 0,  0,  0,  0,  0,  0,  0,  0,  0, 12,  0,  0,  0, 10,  0,  0,  0,  0,  0,  0,  9,  0,  0,  0, ],
[ 8,  0,  0,  0,  0,  0,  0,  0,  0, 14, 12,  0,  0,  0,  0,  0,  0,  0,  7,  0,  0,  0,  0,  0, ],
[ 0,  0,  1,  0,  0,  0,  0,  0,  0,  0,  0,  0,  0,  0,  0,  0,  0,  0,  0,  2,  0,  0,  5,  0, ],
[ 0,  0,  0,  0,  0,  0,  0,  0,  5,  0,  0,  0,  0,  0,  0,  0,  0, 13,  0,  0,  0,  0,  0,  0, ],
[ 0,  6,  0,  0,  0,  0,  0,  0,  0,  0,  0,  0,  0,  0, 11, 10,  0, 10,  0,  0,  0,  0,  0,  6, ],
[ 0,  0,  0,  0,  0,  0,  0,  0,  0,  0,  0,  0,  0,  0,  0,  0,  7,  0,  0,  0,  0,  0,  0,  0, ],
[ 0,  0,  0,  0,  0,  0,  0,  2,  0,  0,  0,  0,  0,  0,  0,  0, 12,  0,  0,  0,  0,  0,  0,  0, ],
[ 0,  0,  0,  0,  0,  0,  0,  0,  0,  0,  0,  0,  0,  0,  0,  0,  0,  0,  0,  0,  0,  0,  0,  0, ],
[ 0,  0,  0,  0,  0, 10,  0, 11,  0,  0,  0,  0,  0,  0,  0,  0,  0,  0, 12,  0,  0,  0,  0,  0, ],
[ 0,  0,  0, 14, 12,  5,  0,  0,  0,  0,  0,  0,  0,  0,  0,  0,  0,  0,  0,  0,  8,  0,  0,  0, ],
[ 0,  0,  0,  0,  0,  0,  0,  0,  0,  0,  0,  0,  0,  0,  0,  0,  0,  0,  0,  0,  0,  0,  0,  0, ],
[ 0,  0,  0,  0,  0,  0,  0,  0,  0,  0,  0,  0,  0,  0,  2,  9,  0,  0,  0,  3,  0,  0,  0,  0, ],
[ 0,  0,  0,  0,  0,  0,  0,  0,  0,  0,  0,  0, 10,  0,  0,  0,  0,  1,  0,  0,  0,  0,  0,  7, ],
[ 0,  0,  0, 11,  0,  0,  0,  0,  0,  0,  0,  2,  5,  0,  0,  0,  0,  0,  0,  0,  0,  0,  0,  0, ],
[ 0,  0,  0,  0,  2,  0,  0,  0,  0,  0,  0,  0,  0,  0,  0,  0,  0,  0,  0,  0,  0,  0,  0,  0, ],
[ 0,  0,  0,  0,  0,  0,  0,  0,  0,  0,  0,  0,  0,  0,  0,  0,  3,  0,  0,  0, 11,  0,  0,  0, ],
[ 0,  4,  0,  0,  0,  0,  0,  0,  0,  0,  0,  0,  0,  0,  0,  9,  0,  0, 14,  0,  0,  0, 11,  0, ],
[ 0,  0,  0, 14,  0,  0,  0,  0,  0,  0,  0,  0,  0, 11,  0,  0,  0,  6,  0,  0,  0,  0,  0,  0, ],
[ 0,  0,  0,  0,  0,  0,  0,  0,  0,  0,  0,  0,  0,  0,  0,  0,  0,  0,  0,  0,  0,  0,  0, 13, ],
[ 0,  0,  0,  0,  0,  0,  0,  0,  0,  0, 12,  0,  0, 12,  0,  0,  0, 14,  0,  0,  0,  0, 10,  0, ],
[ 0,  0,  0,  0,  0,  0,  0,  0,  0,  0,  4,  0,  0,  0,  0,  0,  0,  0,  0,  0,  0,  0,  0,  0, ],
[ 7,  9,  0,  0,  0, 14,  0,  0,  0,  0,  0,  0,  0,  0,  0,  0,  0,  0,  0,  0,  0,  0,  0,  0, ],
[ 0,  0,  0,  0,  0,  0,  0,  0,  0,  0,  0,  0,  0,  0,  0,  0,  0,  0,  0,  0,  0,  0,  0,  0, ],
[ 0,  0,  0,  0,  0,  0,  0,  0,  0,  0,  0,  0,  0,  0,  0,  0,  0,  0,  0,  0,  0,  0,  0,  0, ],
[ 3,  0,  0,  0,  0,  0,  0,  0, 12,  0,  0,  2,  0,  0,  0,  0,  0,  0,  9,  0,  0,  0,  0,  0, ],
[ 0,  0,  0,  0,  0,  0, 12,  0,  0,  0,  0,  0,  0,  0,  0,  0,  0,  0,  0,  0,  0,  0,  0,  0, ],
[ 8,  0,  5,  0,  0,  0,  0,  0,  0,  0,  0,  0,  8,  0,  5,  0,  0,  0,  2,  0,  0,  8,  0,  0, ],
[ 0,  0,  0,  2, 11,  0,  0,  0,  0,  0,  0,  0,  0,  0,  0, 11,  0,  0, 11,  0,  0,  0,  0,  0, ],
[ 0,  0,  0,  0,  0,  0,  0,  0,  0,  0,  0,  0,  0,  0,  0,  0,  0,  0,  0,  0,  0,  0,  6,  0, ],
[ 0,  0, 12,  0,  0,  0,  0,  0,  0,  0,  0, 13,  2,  0,  0,  0,  0,  0,  0, 14,  0,  0,  0,  0, ],
[12,  0,  0,  0,  0,  0,  0,  0,  0,  0,  0,  0,  0,  0,  0,  0,  0,  0,  0,  0,  0,  0,  0,  0, ],
[ 0,  0,  2,  0,  0,  0,  0,  0,  0,  0,  0,  0,  0,  0,  0,  6,  0,  0,  0,  0,  0,  0,  0,  0, ],
[ 0, 11,  0,  8,  0,  0,  0,  0,  0,  0,  0,  0,  0,  0,  0,  0,  0,  0,  0,  0,  0,  0,  0,  0, ],
[ 0, 14,  0,  0,  1,  0,  0,  0,  0,  2, 13,  0,  0,  0,  0,  0,  0,  0, 12,  0,  1,  0,  0,  0, ],
[ 0,  2,  0,  0,  0,  0,  0,  0,  0,  0,  0,  0,  0,  0,  8,  0,  0,  0,  0,  0,  0,  0,  0,  0, ],
[ 0,  0,  0,  0,  0,  0,  2,  0,  0,  0,  0,  0,  0,  0,  0,  1,  0,  0,  0,  0,  3,  0,  0,  0, ],
[ 0,  0,  0,  0,  0,  0,  0,  0,  0,  0,  0,  0,  0,  0,  0,  0,  0,  0,  0,  0,  0,  0,  0,  0, ],
[ 0,  0,  0,  0,  0,  0, 14,  0,  0,  0,  0,  0,  0,  0,  0,  0,  0,  0,  0, 13,  0,  0,  0,  0, ],
[ 0,  0,  4,  0,  0, 14,  0,  0,  0,  0, 12,  0,  0,  0,  0,  0,  0,  0,  0,  0,  0,  0,  0,  0, ],
[ 0,  0,  0,  0,  0,  9,  0, 11,  0,  0,  0,  0,  0,  0,  0,  1,  0,  0,  0,  0,  0,  0,  0,  0, ],
[ 0,  0,  9,  0, 11,  0,  0,  0,  0,  0,  0,  0,  0,  0,  0,  0,  0,  0,  0,  0,  0,  0,  7,  0, ],
[ 0,  0,  0,  0,  0,  0,  0,  4,  0,  0,  0,  0,  0,  0,  0,  0,  1,  0,  0,  0,  0,  0,  0,  0, ],
[ 0,  0,  0,  0,  0,  9,  0,  0,  0,  0,  0,  0,  0,  0,  0,  4,  0,  0,  0,  0,  0,  0,  0,  0, ],
[ 0,  0,  0,  0, 10,  0,  0,  0,  0,  0,  0,  0,  0,  0,  0,  0,  0,  0,  0,  0,  0,  0,  0,  8, ],
[ 0,  0,  0,  0,  0,  0,  0,  0,  4,  0,  0,  0,  0, 12,  2,  0,  0,  0, 14,  0,  0, 13,  0,  0, ],
[ 0,  0,  0,  0, 11,  0,  0,  0,  0,  0,  0,  3,  0,  0,  0, 11,  0,  0,  0,  0,  0,  0,  0,  0, ],
[ 0,  0, 11,  0,  0,  0,  0,  0,  0,  0,  0,  0,  0,  5,  0,  0,  0,  0, 12,  0,  0,  0,  0,  0, ],
[ 0,  0,  0,  2,  0,  0,  0,  0,  0,  0,  0,  0,  0,  0,  0,  0,  0,  0,  0,  0,  0,  0,  0,  0, ],
[ 0,  0,  0,  0,  0,  2,  0,  0,  0,  0,  0,  0,  0,  0,  0,  0,  0,  0,  0,  0,  0,  0,  0,  0, ],
[ 0,  0, 13,  0,  3,  0,  0,  2,  0,  2,  0,  0,  0,  0,  0,  0,  0,  0,  0, 13,  0, 13,  0,  0, ],
[ 0,  8,  0,  0, 13,  0,  0,  0,  0,  0,  0,  0,  0,  0,  0,  0,  0,  0,  0,  0,  0,  0,  0,  0, ],
[ 0,  0,  0,  0,  0,  0,  0,  0,  0,  0,  0,  0,  0,  0,  0,  0,  3,  0,  0,  0,  0,  0,  0, 11, ],
[ 9,  0,  0,  0,  0,  0,  0,  0,  0,  0,  0,  0,  0,  0,  0,  0,  0,  0,  0,  0,  0,  0,  0,  0, ],
[ 0,  0,  0,  0,  0,  0,  0,  0,  0,  0,  0,  0,  0,  0,  0, 13,  0,  0,  0,  0, 14,  0,  0,  0, ],
[ 0,  0,  0,  0,  0,  0,  0,  0,  0,  0,  0,  0,  0,  0,  0,  0,  0,  0,  0,  0,  0,  0,  0,  0, ],
[ 0,  0,  0,  0,  0,  0,  0,  0,  0,  0,  0,  0,  0,  0,  0,  0,  0,  0,  0,  0,  0,  7,  0,  0, ],
[ 0,  0,  0,  0,  0,  0,  0,  0,  0,  0,  0,  0,  0,  0,  0,  0,  0,  0,  0,  0,  0,  0,  0,  0, ],


[1.0000, -0.9825, ],
[-0.1142, -0.2687, ],
[-0.0349, -0.2952, ],
[-0.1020, 0.2595, ],
[0.8484, -0.2843, ],
[0.5352, -0.0777, ],
[-0.6450, 0.3886, ],
[0.1491, 0.2612, ],
[-0.1830, -0.6367, ],
[-0.3418, 0.2588, ],
[-0.9564, -0.2853, ],
[-0.0702, -0.4763, ],
[-0.6055, -0.7566, ],
[0.5478, 0.2255, ],
[0.6143, 0.5290, ],
[-0.6361, -0.1375, ],
[-0.3817, -0.4400, ],
[-0.0442, 0.9962, ],
[0.4411, -0.0547, ],
[-0.1299, -0.2208, ],
[0.6977, -0.0216, ],
[0.4203, -0.5770, ],
[0.7949, -0.1139, ],
[0.9756, -0.1321, ],
[0.9172, 0.0218, ],
[0.0282, -0.0819, ],
[-1.0000, 0.7187, ],
[0.1359, -0.3898, ],
[0.6849, 0.3750, ],
[-0.4610, -0.5069, ],
[-0.5565, 0.3850, ],
[-0.1266, 0.4881, ],
[-1.0000, -0.2005, ],
[0.3643, 0.7810, ],
[0.2254, -0.1683, ],
[-0.4870, 0.1971, ],
[0.4890, -0.1417, ],
[0.5667, 0.0068, ],
[1.0000, 0.9702, ],
[0.8271, 0.5131, ],
[0.5101, -0.7462, ],
[0.0250, 0.2151, ],
[0.2483, 0.3868, ],
[0.3531, -0.7468, ],
[0.7851, -0.2164, ],
[0.2527, 0.8498, ],
[0.2130, -0.2675, ],
[-0.4525, -0.1406, ],
[-0.1486, -0.6655, ],
[0.8782, 0.8791, ],
[0.5296, -0.0024, ],
[0.0885, -0.4706, ],
[0.1344, -0.7793, ],
[0.1070, -0.6102, ],
[-0.3224, 0.5299, ],
[0.6900, -0.4283, ],
[0.8079, -0.0185, ],
[0.3906, 0.4039, ],
[-0.8141, 0.4505, ],
[0.5450, -0.5871, ],
[0.4640, 0.1864, ],
[-0.5625, 0.2344, ],
[-0.6715, 0.0601, ],
[0.4357, 0.2034, ],
[1.0000, 0.0141, ],
[0.3696, -0.8109, ],
[0.1633, 0.3581, ],
[0.2330, -0.7539, ],
[0.3206, 0.1008, ],
[0.7419, -0.0283, ],
[0.9327, 0.4060, ],
[-0.2584, 0.4420, ],
[-0.2843, 0.1300, ],
[-0.2030, -0.4660, ],
[-0.7152, 0.7256, ],
[-1.0000, -0.0924, ],
[1.0000, -0.4425, ],
[0.4419, -0.0138, ],
[0.2186, 0.1335, ],
[-0.5580, -0.2558, ],
[-0.4060, -0.9717, ],
[-0.4323, 0.6455, ],
[-0.1135, 0.8924, ],
[-0.3164, 0.4490, ],
[-0.1325, 0.0184, ],
[-0.0383, -0.3394, ],
[0.2202, 0.5990, ],
[0.6914, 0.8053, ],
[0.5298, -0.6787, ],
[0.4963, -0.5097, ],
[-0.4157, -0.2380, ],
[-0.0581, 0.9150, ],
[0.0519, 0.3341, ],
[0.9163, 0.2076, ],
[-1.0000, -0.9472, ],
[-0.5415, 0.0697, ],
[-0.3606, 0.0358, ],
[0.6376, -0.4703, ],
[0.7385, 0.4626, ],
[0.3245, 0.8479, ],


[2.0000, ],
[0.0000, ],
[6.0000, ],
[15.0000, ],
[19.0000, ],
[7.0000, ],
[1.0000, ],
[7.0000, ],
[5.0000, ],
[9.0000, ],
[6.0000, ],
[5.0000, ],
[6.0000, ],
[10.0000, ],
[10.0000, ],
[3.0000, ],
[18.0000, ],
[3.0000, ],
[1.0000, ],
[10.0000, ],
[0.0000, ],
[7.0000, ],
[4.0000, ],
[16.0000, ],
[11.0000, ],
[1.0000, ],
[13.0000, ],
[0.0000, ],
[12.0000, ],
[14.0000, ],
[0.0000, ],
[5.0000, ],
[4.0000, ],
[7.0000, ],
[9.0000, ],
[11.0000, ],
[5.0000, ],
[3.0000, ],
[7.0000, ],
[0.0000, ],
[7.0000, ],
[8.0000, ],
[0.0000, ],
[11.0000, ],
[14.0000, ],
[4.0000, ],
[6.0000, ],
[18.0000, ],
[3.0000, ],
[5.0000, ],
[0.0000, ],
[12.0000, ],
[13.0000, ],
[0.0000, ],
[6.0000, ],
[8.0000, ],
[7.0000, ],
[1.0000, ],
[6.0000, ],
[13.0000, ],
[11.0000, ],
[4.0000, ],
[16.0000, ],
[2.0000, ],
[10.0000, ],
[0.0000, ],
[0.0000, ],
[10.0000, ],
[4.0000, ],
[14.0000, ],
[13.0000, ],
[3.0000, ],
[13.0000, ],
[4.0000, ],
[4.0000, ],
[7.0000, ],
[15.0000, ],
[4.0000, ],
[4.0000, ],
[0.0000, ],
[8.0000, ],
[10.0000, ],
[8.0000, ],
[10.0000, ],
[3.0000, ],
[5.0000, ],
[7.0000, ],
[15.0000, ],
[10.0000, ],
[10.0000, ],
[1.0000, ],
[1.0000, ],
[16.0000, ],
[7.0000, ],
[6.0000, ],
[3.0000, ],
[8.0000, ],
[0.0000, ],
[3.0000, ],
[0.0000, ],


