[ 0,  0,  7,  0,  2,  0,  0,  0,  0,  0,  0,  0,  0,  0,  0,  0,  2,  0,  0,  0,  0,  0,  0,  0, ],
[ 0,  0,  0,  0,  0,  0,  0, 11,  0,  0,  0,  0,  0,  0,  2,  0,  0,  0,  0,  0,  0,  0,  0,  0, ],
[ 0,  0,  0,  0,  0,  0,  0,  7,  0,  0,  0,  0,  0,  0,  0,  0,  0,  0,  1,  0,  0,  0,  0,  7, ],
[13,  0,  0,  0,  0,  0,  0,  0,  0,  0,  0,  0,  0,  2,  0,  0,  0,  0,  0,  0,  4,  0,  0,  0, ],
[ 0,  2,  0,  0,  0,  0,  0,  0,  0,  0,  0,  0,  0, 11,  0,  0,  8,  0,  0,  2,  0,  0,  0,  0, ],
[ 0,  0,  4,  0,  0,  0,  0,  0,  0,  0,  0,  0,  4,  0,  0,  0,  0,  0,  0,  0,  0,  0,  8,  0, ],
[ 0,  0, 13,  0,  0,  0,  0,  0,  0,  0,  0, 14,  0,  0,  2,  0,  0,  0,  0,  0,  0,  0,  0,  0, ],
[ 0,  0,  0,  0,  0,  0,  0,  0,  0,  0,  0,  0,  0,  0,  0,  0,  0,  0,  0,  6,  0,  0,  0,  0, ],
[ 0,  0,  0,  0,  0,  0,  0,  7,  0,  0,  0,  0,  6,  0,  2,  0,  0,  0,  8,  0,  0,  0,  0,  0, ],
[13,  0,  0,  0,  2,  0,  0,  0,  0,  0,  0,  0,  0,  0,  0,  0,  0,  0,  0,  0,  0,  0,  0,  0, ],
[ 0,  0,  0,  0,  0,  0,  2,  0,  0,  0,  0,  0,  0,  0,  1,  0,  2,  0,  0,  0,  0,  0,  0,  0, ],
[ 0,  0,  0,  0,  0,  0,  0,  0,  0,  0,  0,  0,  0,  0,  2,  0,  0,  0,  0,  1,  0,  0,  0,  0, ],
[ 0,  0,  0,  0,  0,  0,  2,  0,  0,  0,  0,  0,  0,  0,  0,  0,  0,  0,  0,  8,  0,  0,  0,  0, ],
[ 0,  0,  0,  0,  0,  0,  0,  0,  0,  0,  0,  0,  0,  2,  0,  0,  0,  0,  7,  0,  0,  0,  0,  0, ],
[ 0,  0,  0,  0,  0,  0,  0,  0,  0,  0,  0,  0,  2, 13,  0,  0,  0,  0,  0,  0,  0,  0,  0,  0, ],
[ 2,  0,  0,  0,  0,  0,  0,  0,  0,  0,  0,  0,  4,  0,  0,  0,  0,  0,  0,  0,  0,  0,  0,  0, ],
[ 0, 13,  0,  2,  0,  0,  0,  0,  0,  0,  0,  0,  0,  0,  0,  0,  0,  0,  0,  0,  0,  0,  0,  0, ],
[ 0,  0,  0,  0,  0,  0,  0,  2,  0,  0,  0,  0,  0,  0,  0,  2,  0,  0,  0,  0,  0,  0,  0,  0, ],
[ 0,  0,  0,  2,  0,  0,  0,  0,  0,  0,  0,  0,  0,  0,  0,  0,  0,  0,  0,  0,  0,  0,  0,  0, ],
[ 0,  0,  0,  0,  0,  0,  0,  0,  0,  0,  0,  0,  0,  3,  0,  2,  8,  0,  0,  0,  0,  0,  0,  0, ],
[ 0,  0,  0,  0,  0,  0,  0,  0,  0,  0,  0,  0,  0,  0,  0,  0,  0,  0,  1,  0,  0,  0,  0,  0, ],
[ 0,  0,  0,  0,  0,  2,  0,  0,  0,  0,  0, 11,  0,  0,  0,  0,  0,  0,  0,  0,  2,  4,  0,  0, ],
[ 0,  0,  0,  2,  0,  0,  4,  0,  0,  0,  0,  0,  0,  0,  0,  0,  0,  0,  2,  0,  0,  0,  0,  0, ],
[ 0,  0,  1,  0,  0,  2,  0,  0,  0,  0,  0,  0,  0,  0,  0,  0,  0,  7,  0,  1,  0,  0,  0,  0, ],
[ 0,  0,  0,  0,  0,  7,  0,  8,  0,  0,  0,  0,  0,  0,  0,  0,  0,  1,  0,  0,  0,  0,  0,  0, ],
[ 0, 10,  0,  0,  0,  2,  0,  0,  0,  0,  0,  0,  0,  1,  0,  0,  0,  0,  8,  0,  0,  3,  0,  0, ],
[ 0,  0,  0, 13,  7,  0,  0,  0,  0,  0,  0,  0,  0,  0,  0,  4,  2,  0,  0,  0,  0,  0,  0,  0, ],
[ 0,  0,  0,  0,  0,  0,  0,  0,  0,  0,  0,  0,  2,  2,  0,  0,  0,  2,  0,  0,  0,  0,  0,  0, ],
[ 0,  0,  0,  0,  0, 13,  0,  0,  0,  0,  0,  0,  0,  8,  2,  0,  0,  0,  0,  0,  0,  0,  0,  0, ],
[13,  0,  2,  0,  0,  0,  0,  0,  0,  0,  0,  0,  0,  0,  2,  0,  0,  0,  0,  0,  0,  0,  0,  0, ],
[ 0,  0,  0,  0,  0,  0,  0,  0,  0,  2,  0,  0,  0,  0,  0,  0,  0,  2,  0,  0,  0,  0,  0,  0, ],
[ 0,  0,  0,  2,  0,  0,  0,  0,  0,  0,  0,  0,  0,  0,  0,  1,  0,  0, 11,  0,  0,  0,  0,  0, ],
[ 0,  0,  0,  0,  0,  1,  0,  0,  0,  0,  0,  0,  2,  2,  0,  0,  0,  0,  0,  0,  0,  0,  0,  0, ],
[ 0,  2,  0,  0,  2,  0,  0,  0,  0,  0,  0,  0,  0,  0,  0,  0,  0,  0,  0,  0,  0,  0,  0,  0, ],
[ 0,  1,  0,  0,  0,  0,  0,  0,  0,  0,  0,  0,  0,  0,  7,  0,  2,  0,  0,  3,  0,  0,  0,  0, ],
[ 0,  0,  0,  0,  0,  8,  0,  0,  0,  0,  0,  0,  0,  0,  0,  0,  0,  0,  0,  0,  0,  0,  0,  0, ],
[ 0,  0,  0,  0,  0,  0,  0,  0,  0,  0,  0,  0,  0,  0,  0,  0,  0,  0,  1,  0,  0,  0,  0,  0, ],
[ 0,  0,  0,  0,  0,  0,  0,  9,  0,  0,  0,  0,  0,  0,  2,  0,  0,  0,  8, 13,  0,  0,  0,  0, ],
[ 0,  0,  0,  0,  0,  0,  0,  8,  0,  0,  0,  0,  0,  2,  0,  0,  0,  0,  7,  2,  0,  0,  0,  0, ],
[ 0,  0,  0,  0,  0,  1,  0,  9,  0,  0,  0,  0,  0,  0,  0,  0,  0,  0,  0,  0,  0,  0,  0,  0, ],
[ 0,  0,  0,  2,  0,  0,  0,  0,  0,  0,  0,  0,  0,  0,  0,  0,  0,  8,  8,  0,  0,  1,  0,  0, ],
[ 0,  0,  0,  0,  0,  0,  0,  0,  0,  0,  4,  0,  0,  0,  0,  0,  0,  0,  2,  2,  0,  0,  0,  0, ],
[ 0,  0,  0,  0,  0,  0,  0,  0,  0,  0,  2,  0,  0,  0,  0,  0,  7,  2,  0,  0,  0,  0,  0,  0, ],
[ 2,  0,  2,  0,  0,  0,  0,  0,  0,  0,  0,  0,  0,  0,  0,  0, 13,  0,  0,  0,  0,  0,  0,  0, ],
[ 0,  0,  0,  0,  0,  0,  0,  2,  0,  0,  0,  0,  0,  2,  0,  0,  0,  0,  0,  0,  0,  0,  0,  0, ],
[ 0,  0,  1,  0,  0,  0,  0,  0,  0,  0,  0,  0,  0,  0,  0,  1,  0,  0,  0,  0,  0,  0,  0,  0, ],
[ 0,  0,  2,  0,  0,  8,  0,  0,  0,  0,  0,  0,  0,  0,  0,  0,  0,  0,  0,  0,  0,  0,  0,  0, ],
[ 0,  0,  0,  0,  0,  0,  0,  0,  0,  0,  0,  0,  0,  0,  8,  0,  0,  0,  0,  7,  2,  0,  0,  0, ],
[ 0,  0,  0,  0,  0,  0,  0,  7,  0,  0,  0,  0,  0,  2,  2,  0,  0,  0,  0,  0,  0,  0,  0,  0, ],
[ 0,  0,  0,  0,  1,  2,  0,  0,  0,  0,  0,  0,  0,  0,  0,  0,  0,  0,  0,  0,  0,  0,  0,  2, ],
[ 0,  0,  0,  0,  4,  0,  0,  0,  0,  0,  7,  0,  0,  0,  0,  0, 10,  0,  0,  0,  0,  0,  0,  0, ],
[ 0,  0, 13,  0,  0,  0,  0,  0,  0, 14,  0,  0,  0,  0,  0,  0,  0,  0,  0,  0,  2,  5,  0,  0, ],
[ 0,  0,  0,  0,  0,  0,  0,  0,  0,  0,  0,  0,  0,  0,  0,  0,  0,  0,  0,  0,  0,  0,  0,  0, ],
[ 0,  0,  0,  0,  0,  0,  0,  0,  0,  0,  0,  0,  0,  0,  0,  2,  0,  0,  0,  7,  0,  0,  0,  0, ],
[ 1,  0,  0,  0,  0,  0,  0,  0,  0,  0,  0,  0,  0,  0,  0,  0,  7,  0,  1,  0,  0,  0,  0,  0, ],
[ 0,  2,  0,  0, 11,  0,  0,  0,  0,  0,  0,  0,  0,  0,  0,  0,  0,  0,  0,  0,  0,  0,  0,  0, ],
[ 0,  0,  0,  0,  0,  0,  0,  0,  0,  0,  3,  0,  0,  0,  0,  0,  0,  0,  0,  0,  0,  0,  0,  0, ],
[ 0,  0,  0,  0,  0,  0,  0,  6,  0,  0,  0,  0,  0,  0,  0,  0,  0,  4,  0,  0,  0,  0,  0,  2, ],
[ 0, 11,  0,  0,  0,  0, 10,  0,  0,  0,  0,  0,  0,  1,  0,  0,  0,  0,  0,  0, 12,  0,  0,  0, ],
[ 0,  0,  0,  9,  0,  7,  0,  0,  0,  0,  0,  0,  0,  9,  0,  0,  0,  0,  0,  0,  0,  0,  0,  0, ],
[ 0, 12,  0,  5,  0,  0,  0,  0,  0,  4,  0,  7,  0,  0,  0,  0,  0,  0,  0,  0,  0,  3,  0,  0, ],
[ 0,  0, 11,  3,  0,  0,  0,  0,  0,  0,  0,  1,  0,  0, 11,  0,  0,  0,  0,  0,  0, 13,  0,  0, ],
[ 0,  0,  0,  0,  0,  0,  0,  0,  0,  0, 10,  0,  0,  0,  5,  0,  0,  0,  0,  0,  0,  0,  0,  0, ],
[ 0,  0,  0,  0, 12,  0,  0, 14,  4,  0,  0,  0,  0,  5,  0,  0,  0,  0,  0,  0,  0,  0, 11,  4, ],
[ 0,  0,  0,  0,  0,  0,  2,  0,  0,  5,  0,  0,  0,  3,  0,  0,  0,  9, 11,  0,  0, 14,  4, 10, ],
[ 0,  0,  0,  0,  0,  0,  0,  0,  0,  0,  0,  0,  0,  6,  0,  0,  0,  0,  0,  0,  0,  0,  0,  0, ],
[ 0,  0,  0,  0,  0,  0, 13,  0,  0,  0,  8,  0,  0,  0,  0,  0,  0,  0,  0,  0,  0,  2,  0, 10, ],
[ 0,  0,  0,  0,  0,  0,  0,  0,  0,  0,  0, 11,  0,  0,  0,  0,  0,  0,  0,  0,  0,  0,  0,  0, ],
[ 0,  0,  0,  0,  0,  9,  7,  0,  9,  0, 11,  0,  0,  0,  0,  0,  1,  0,  0,  0, 10,  0,  0,  0, ],
[ 0,  0,  0,  0,  0,  0,  0,  0,  0,  0, 11,  0,  0,  0,  0,  0,  0,  0,  0,  0,  0,  0,  0,  0, ],
[ 0, 14,  0,  0,  0,  0,  0,  0,  0,  0,  0,  0,  0,  0,  0,  0,  0,  0,  0,  0,  0,  0,  0,  0, ],
[ 0,  0,  0,  0,  0,  0,  0,  0,  0,  0,  0,  0,  0,  0,  0,  0,  0,  0,  0,  0,  0,  0,  0,  0, ],
[ 0,  0,  0,  0,  0,  0,  0,  0,  0,  0,  0,  7,  0,  0,  4,  9,  0,  0,  0,  0,  0,  0,  0,  0, ],
[ 0,  0,  0,  0,  0,  0,  0,  0,  0,  0,  0,  0,  0,  6,  0,  0,  0,  0,  8,  0,  0,  4,  0,  0, ],
[ 0,  8,  0,  0,  0,  0,  0,  0,  0,  6,  0,  5,  0,  0,  0,  0,  0,  0,  0,  0,  0,  0,  0,  0, ],
[ 0,  0,  0,  0,  0,  0,  0,  0,  0,  6,  0,  0,  0,  0,  0,  0, 13,  0,  0,  0,  0,  0,  0,  0, ],
[ 0,  0,  0,  0,  0,  0,  0,  0,  0,  0,  0,  0,  5,  0,  0,  0,  0, 13,  0,  0,  0,  0,  0,  0, ],
[ 3,  0,  0,  0,  0,  0,  0,  0,  0,  0,  0,  0,  0,  0, 14,  0,  0,  0, 11, 11,  0,  0, 11,  0, ],
[12,  0,  0,  0,  0,  0, 10,  0,  0, 10,  0,  0,  0,  0,  0,  0,  0,  0,  6,  0,  0,  0,  0,  0, ],
[ 0,  0,  0,  0,  0, 12,  0,  0,  0,  0,  0,  0,  0,  7,  0,  0,  0,  0,  0,  0,  0,  0,  0,  0, ],
[ 0,  0,  0,  0,  0,  0,  0,  0,  0,  0,  0,  0,  0,  0,  0,  0,  0,  0,  0,  0,  0,  0,  5,  2, ],
[ 0,  0,  0,  0,  0,  0,  0,  0, 11,  0,  0,  0,  0,  0,  0,  0,  0, 11,  0,  0,  0,  0,  0,  0, ],
[ 0,  9,  0,  0,  0,  0,  0,  0,  0,  0,  0,  0,  0, 13,  0,  0,  0,  0,  0,  0,  0,  0,  0,  0, ],
[ 0,  0,  0,  0,  0,  0,  0,  0,  0,  0,  0,  0,  0,  0,  0,  0,  0,  0,  0,  0,  0,  2,  0,  9, ],
[ 0,  0,  0,  0,  0,  0,  0,  0,  0,  0,  0,  0,  0,  0,  0,  0,  0,  0,  0,  0,  0,  0,  3, 14, ],
[ 0,  0,  0, 13,  0,  0,  0,  5,  8,  0,  0,  0,  0,  0,  0,  0,  0,  0,  0,  0,  0,  0,  0,  0, ],
[ 0,  0,  0,  0,  0,  0,  0,  0,  0,  0,  0,  0,  0,  0,  0,  0,  0,  0,  0,  0,  0,  0,  0,  0, ],
[ 5,  0,  0,  0,  0,  0,  0,  0,  0,  0,  0, 14,  0,  0,  0,  0,  0, 11,  8,  0,  0,  0,  0,  0, ],
[ 0,  0,  0,  0,  0,  0,  0,  0, 11,  0,  0,  0,  0,  0,  0,  9,  0,  0,  0,  0,  0,  0,  0,  0, ],
[ 0,  0,  0,  0,  0,  0,  0,  0,  6, 10,  0,  0,  0,  0,  0,  0,  0,  0,  0,  0,  5,  0,  0,  0, ],
[ 0,  0,  0,  0,  0,  0,  0,  0,  3,  0,  0,  0,  0,  0,  0,  0,  0,  0,  0,  0,  0,  0,  0,  0, ],
[ 0,  0,  0,  0,  0,  0,  0,  0,  0,  0,  0,  0,  0,  0,  0,  0,  0,  0,  0,  0,  2,  0,  0,  0, ],
[ 0,  0,  0,  0,  0,  0,  0,  0,  0,  0,  0,  0,  0,  0,  0,  0,  0,  0,  0,  0,  0,  0,  0,  0, ],
[11,  0,  0,  0,  7,  0,  0,  0,  2,  0,  0,  0,  0, 10,  0,  0,  0,  0,  0,  0,  0,  7,  0,  0, ],
[ 0,  0,  0,  0,  0,  0,  0,  0,  0,  0,  0,  0,  0,  0,  0,  0,  0,  0,  0,  0,  0,  0, 10,  0, ],
[ 0,  0,  0,  5,  0,  0,  0,  0,  0,  0,  0,  0,  0,  0,  0,  0,  0,  0,  0,  0,  0,  0,  0,  0, ],
[ 0,  0,  0,  0,  0,  0,  0,  0,  0,  0,  0,  0,  0,  0,  0,  0,  0,  0,  7,  1,  0,  0,  0,  0, ],
[ 5,  9,  0,  0,  0,  0,  0,  0,  0,  0,  0,  0,  0,  1,  0,  0,  0,  0,  0,  0,  0, 12,  0,  0, ],
[ 0,  0,  0,  0,  0,  0,  0,  0,  0,  0,  0,  0,  0,  0,  0,  0,  0,  0,  0,  0,  0,  0,  0,  0, ],
[ 0,  0,  0,  5,  0,  0,  0,  0,  0,  0,  0, 14,  0,  0,  0,  0,  0,  0,  0,  0,  0,  0,  0,  0, ],


[1.0000, 0.1908, ],
[0.0927, -0.1550, ],
[0.6969, 1.0000, ],
[0.4042, 0.3597, ],
[-0.4440, 0.0598, ],
[0.2972, -0.0551, ],
[0.1306, 0.8737, ],
[-0.7047, 0.4484, ],
[-0.1288, 0.7687, ],
[-1.0000, 0.9056, ],
[0.0774, 0.3927, ],
[-0.0943, 0.4891, ],
[-0.8509, -0.6189, ],
[0.1457, -1.0000, ],
[0.5063, 0.8884, ],
[-0.4169, 1.0000, ],
[0.8534, 0.2007, ],
[0.5396, -0.1010, ],
[-0.1754, -0.6867, ],
[1.0000, -0.2208, ],
[-0.0155, 0.3788, ],
[-1.0000, 0.8760, ],
[0.3763, -0.2451, ],
[-0.3314, 0.5570, ],
[-0.5499, 0.2537, ],
[0.6014, -0.0418, ],
[-0.8194, 1.0000, ],
[0.9397, 1.0000, ],
[-0.6820, -0.0086, ],
[-0.1949, 0.2119, ],
[-0.8005, 0.5212, ],
[0.3486, 0.7454, ],
[0.5826, 0.8885, ],
[-0.5239, -0.1415, ],
[-1.0000, 0.7904, ],
[0.0562, -0.2252, ],
[0.1403, -0.7103, ],
[-0.2251, -0.3072, ],
[0.2861, 0.6303, ],
[-0.6798, 0.3217, ],
[-0.2776, 0.6134, ],
[0.5402, 0.3730, ],
[0.0812, 0.2994, ],
[-0.0921, -0.2140, ],
[-0.5137, 0.4118, ],
[0.7524, 0.1177, ],
[0.8207, -0.1834, ],
[0.7085, 0.0735, ],
[-0.0229, -0.0482, ],
[0.9415, 0.4644, ],
[0.7664, -0.6620, ],
[-0.2422, 0.5618, ],
[0.3319, -0.7687, ],
[0.7617, -0.7731, ],
[0.5977, -0.8875, ],
[0.8061, 0.7743, ],
[-0.7593, 0.3540, ],
[-0.6241, -0.8277, ],
[0.9980, 0.2801, ],
[-0.7261, 0.2155, ],
[-0.8011, -0.3196, ],
[0.0959, 0.2724, ],
[0.4058, -0.2013, ],
[-0.8524, -0.1150, ],
[0.9589, -0.0340, ],
[0.2442, -0.3821, ],
[-0.5469, 0.7238, ],
[-0.8301, 0.7832, ],
[0.4745, 0.9222, ],
[-0.7596, 0.7318, ],
[0.5013, -0.0054, ],
[-0.4425, 0.2464, ],
[0.1725, -0.3860, ],
[-0.7338, -0.4228, ],
[-0.3109, 0.0755, ],
[-0.4428, -0.0771, ],
[0.2145, 0.9738, ],
[0.0775, -0.7975, ],
[0.2388, -0.5198, ],
[0.7016, -0.7240, ],
[-0.6823, -0.2948, ],
[0.5064, 0.8114, ],
[-0.6752, -0.6773, ],
[0.3205, -0.7874, ],
[-0.8217, 0.8085, ],
[-0.2636, 0.3930, ],
[0.0163, 0.7003, ],
[-0.3613, -0.3873, ],
[0.8616, -0.8941, ],
[0.2985, 0.9783, ],
[0.3972, -0.7790, ],
[-0.4898, 0.9005, ],
[-0.4785, -0.2993, ],
[0.2673, -0.9545, ],
[0.0126, 0.5655, ],
[-0.0290, -0.6245, ],
[-0.1806, 0.7948, ],
[0.9260, -0.4175, ],
[-0.2560, 0.6538, ],
[-0.8948, 0.5563, ],


[5.0000, ],
[5.0000, ],
[7.0000, ],
[7.0000, ],
[9.0000, ],
[7.0000, ],
[9.0000, ],
[3.0000, ],
[10.0000, ],
[5.0000, ],
[3.0000, ],
[2.0000, ],
[4.0000, ],
[4.0000, ],
[5.0000, ],
[3.0000, ],
[5.0000, ],
[2.0000, ],
[1.0000, ],
[6.0000, ],
[1.0000, ],
[8.0000, ],
[4.0000, ],
[6.0000, ],
[7.0000, ],
[11.0000, ],
[10.0000, ],
[3.0000, ],
[8.0000, ],
[6.0000, ],
[2.0000, ],
[6.0000, ],
[3.0000, ],
[2.0000, ],
[7.0000, ],
[3.0000, ],
[1.0000, ],
[11.0000, ],
[8.0000, ],
[4.0000, ],
[8.0000, ],
[4.0000, ],
[5.0000, ],
[6.0000, ],
[2.0000, ],
[2.0000, ],
[4.0000, ],
[7.0000, ],
[5.0000, ],
[3.0000, ],
[9.0000, ],
[11.0000, ],
[0.0000, ],
[4.0000, ],
[5.0000, ],
[5.0000, ],
[2.0000, ],
[6.0000, ],
[13.0000, ],
[9.0000, ],
[13.0000, ],
[15.0000, ],
[6.0000, ],
[18.0000, ],
[22.0000, ],
[3.0000, ],
[12.0000, ],
[4.0000, ],
[18.0000, ],
[4.0000, ],
[4.0000, ],
[0.0000, ],
[8.0000, ],
[8.0000, ],
[8.0000, ],
[7.0000, ],
[6.0000, ],
[18.0000, ],
[15.0000, ],
[7.0000, ],
[3.0000, ],
[8.0000, ],
[7.0000, ],
[4.0000, ],
[6.0000, ],
[9.0000, ],
[0.0000, ],
[13.0000, ],
[7.0000, ],
[9.0000, ],
[2.0000, ],
[1.0000, ],
[0.0000, ],
[15.0000, ],
[4.0000, ],
[2.0000, ],
[4.0000, ],
[10.0000, ],
[0.0000, ],
[6.0000, ],


