[ 0,  0,  0,  0,  0,  0,  0,  0,  0,  0,  0,  0,  0,  0,  0,  0,  0,  0,  2,  0,  0,  0,  0,  0, ],
[ 0,  0,  0,  0,  0,  0,  0,  0,  0,  0,  0,  0,  0,  0,  0,  0,  0,  0,  0,  0,  0,  0,  0,  0, ],
[ 0,  0,  0,  0,  0,  0,  0,  0,  0,  0,  6,  0,  0,  0,  0,  0,  0,  0,  0,  0,  0,  0,  0,  3, ],
[ 0,  0,  0,  0,  0,  0,  0,  0,  0,  0,  1,  0,  0,  0,  0,  0,  0,  0,  0,  0,  7,  0,  0,  0, ],
[ 0,  0,  0,  0,  0,  0,  0,  0,  0,  0,  0,  0,  0,  0,  0,  0,  0,  0,  0,  0,  0,  0,  0,  0, ],
[ 0,  0,  0,  0,  0,  0,  0,  0,  0,  0,  0,  0,  0,  0,  0,  0,  0,  0,  0, 12,  0,  0,  0,  0, ],
[ 0,  0, 11,  0, 11,  0,  0,  0,  0,  0,  0,  0,  0,  0,  0,  0,  0,  0,  0,  7,  0,  0,  0,  0, ],
[ 0,  0,  0,  0,  0,  0,  0,  0,  0,  0,  0,  0,  0,  0, 10,  0,  0,  0,  0,  0,  0,  2,  0,  0, ],
[ 0,  0,  0,  0,  0,  0,  0,  0,  0,  0,  0,  0,  0,  0,  0,  0,  0,  0,  0,  0,  0,  0,  0,  0, ],
[ 0,  2,  0,  0,  7,  0,  0,  0,  0,  0,  0,  0,  0,  0,  0,  0,  0,  0,  0,  0,  0,  0, 13,  0, ],
[ 0,  0,  0,  0,  0,  0,  0,  0,  0,  0,  0,  0,  0,  0,  0,  0,  9,  0,  0,  0,  0,  0,  0,  0, ],
[ 0,  0,  0,  0,  0,  0,  0,  0,  0, 11,  0,  0,  0, 13,  0,  0,  5,  0,  0,  0, 11,  0,  0,  0, ],
[ 0,  0,  0,  0,  0,  0,  0,  0,  3,  0,  0,  0,  0,  5,  0,  0,  0,  0,  0,  0,  0,  0,  0,  0, ],
[ 0, 13,  0,  0, 11,  0,  0,  0,  0,  0,  0,  0,  0,  0,  2,  0,  0,  0,  0,  0,  0,  0,  0,  0, ],
[ 0,  0,  0,  0,  0,  0,  0,  0,  0,  0,  0,  0,  0,  0,  0,  0,  0,  0,  0,  0,  0,  0,  0,  0, ],
[ 0,  0,  0,  0,  0,  0,  0,  0,  0,  2,  0,  0,  0,  0,  0, 12,  0,  0,  0,  0,  0,  3,  0,  0, ],
[ 0, 11, 14,  0,  0,  0,  0,  0,  0,  0,  0,  0,  0,  0,  1,  0,  0,  0,  0,  0,  0,  0,  0,  0, ],
[ 0,  0,  0,  0,  0,  4,  0,  0,  0,  0,  0,  0,  0,  0,  0,  0,  0,  0,  0,  0,  0,  0,  5,  0, ],
[ 0,  0,  0,  0,  0,  0,  0,  0,  0,  0,  0,  0,  0,  0,  0,  0,  0,  0,  0,  0,  0,  0,  0,  0, ],
[ 0,  0,  0,  0,  1,  0,  0,  0,  0,  0,  0,  0,  4,  0,  0,  0,  0,  0,  0,  0,  0,  0,  0,  0, ],
[ 0,  0,  0, 13,  0,  0,  0,  0,  9,  0,  0,  0,  0,  0,  0,  0,  0,  0,  0,  0,  0,  0,  0,  6, ],
[ 0,  0,  0, 11,  0,  0,  0,  0,  0,  0,  0,  0,  0,  0,  0,  0,  1,  2,  0,  0, 11,  0,  0,  0, ],
[ 5,  0,  0,  0,  7,  0,  0,  0,  0,  0,  0,  0,  9,  0,  0,  0,  0,  0,  0,  0,  0,  5,  0,  0, ],
[ 0,  0,  8,  0,  0,  0,  0,  0,  0,  0,  0,  0,  0,  7,  0,  0,  0,  0,  0,  0,  0,  0,  0,  0, ],
[ 0,  0,  0,  0,  0,  0,  0,  0,  0,  0,  0,  0,  0,  0,  9,  0,  0,  7,  0,  2,  0, 14,  0,  0, ],
[ 0,  0,  0,  4,  7,  0,  0,  0,  0,  5,  0,  0,  0,  0,  0,  0,  0,  0,  0,  0,  7,  0,  0,  0, ],
[ 0,  0,  0,  0,  0,  0,  0,  0,  0,  0,  0,  0,  0,  0,  0,  0,  0,  0,  0,  0,  0,  0,  0,  0, ],
[ 0,  0,  0,  0, 11,  0,  0,  0,  0,  0, 13,  0,  0,  0,  0,  0,  2,  0,  0,  0,  0,  0,  0, 10, ],
[ 0,  0,  0,  5,  0,  0,  0,  0,  0, 12,  0,  0,  0,  0,  0,  0,  0,  0,  0,  0,  0,  0,  0,  3, ],
[ 0,  0,  0,  0,  0,  0,  0,  0,  0,  0,  0,  0,  0,  0,  0,  0,  8,  0,  0,  0,  0,  0,  0,  0, ],
[ 0,  0,  0,  0,  0,  0,  0, 13,  0,  0,  0,  0,  0,  0,  0,  0,  0,  0,  0,  0,  0,  0,  0,  8, ],
[ 0,  0,  0,  0,  0,  0,  0,  0,  0,  0,  0,  0,  0,  0,  0,  0,  0,  0,  4,  0,  0,  0,  0,  0, ],
[ 0,  0,  0,  0,  0,  0,  0,  0,  0,  0,  0,  0,  0,  0,  0,  0,  0,  0,  0,  0,  0,  0,  0,  0, ],
[ 8,  0,  0,  0,  6,  0,  0,  0,  0,  0,  0,  0,  0,  6,  0,  0,  0,  0, 12,  0,  0,  0,  0,  0, ],
[ 0,  0,  0,  0,  2,  0,  0,  7,  4,  0,  0,  0,  0,  0,  0,  0,  0, 10,  0,  0,  0,  0,  0,  0, ],
[ 0,  0,  0,  0,  0,  0,  9,  0,  0,  0,  0, 13,  0,  0,  0,  0,  0,  0,  0,  0,  0,  0,  0,  0, ],
[ 0,  0,  0,  0,  0,  0,  0,  0,  0,  0,  0,  0,  0,  0,  0,  0,  0,  0,  0,  0,  0,  0,  0,  0, ],
[ 0,  0,  0,  0,  0,  0,  0,  0,  0,  0,  0,  0,  0,  0,  0,  3,  0,  0, 11,  0,  0,  0,  0,  0, ],
[ 0,  0,  0,  0,  0, 13,  0,  0,  0,  0,  0,  0,  0,  0,  0,  0,  0,  0,  0,  0,  0,  0,  0,  0, ],
[ 0,  0,  6,  0,  0,  0,  0,  0,  0, 11,  0,  0,  0,  0,  0,  0,  0,  9,  0,  0,  0,  0,  0,  0, ],
[ 0,  0,  0,  0,  0,  0,  0,  0, 11,  0,  0,  0,  0,  0,  6,  0,  5,  0,  0,  0,  0,  0,  8,  0, ],
[ 0,  0,  0,  0,  0,  0,  0,  0,  0, 10,  0, 10,  0,  0,  0,  0,  0,  0,  0,  0,  0,  0,  0,  0, ],
[ 0,  0,  0,  0,  0,  0,  0,  0,  0,  0,  0,  6,  0,  0,  0,  8,  0,  0,  0,  0,  0,  0,  0,  9, ],
[ 0,  0,  0,  0,  0,  0,  0, 11,  0,  0,  0,  0,  0, 10,  0,  0,  0,  0,  0,  0,  0, 11,  0,  0, ],
[ 0,  0,  0,  0,  0,  0,  0,  0,  0,  0,  0,  0,  8,  0,  0,  0,  0,  0,  7,  0,  5,  0,  0,  0, ],
[ 0,  0,  0,  0,  0,  0,  0,  3,  0,  0,  5,  0,  0,  0,  0,  0,  4,  5,  0,  0,  0,  0,  5,  0, ],
[ 0,  0,  0,  0,  0,  0,  0,  0,  0,  0,  0,  0,  0,  0,  0,  0,  0,  0,  0,  0,  0,  0,  0,  0, ],
[ 0,  0,  0,  0,  0,  0,  0,  0,  0,  0,  0,  0,  0,  0,  0,  0,  8,  0,  0,  0,  0,  0,  0,  0, ],
[ 0,  0,  8,  0,  0,  0,  0,  0,  0,  0,  0,  0,  0,  3,  0,  0,  7,  0,  0,  0, 14,  0,  0,  0, ],
[ 4, 13,  0,  0,  0,  0,  0,  0,  0,  0,  0,  1,  0,  0,  0, 12,  0,  0,  0,  0,  0,  0,  0,  0, ],
[ 0,  0,  0,  0,  0,  0,  0,  0,  0,  0,  0,  0,  0,  0,  0,  0,  0,  0,  0,  0,  0,  0,  0,  2, ],
[ 0,  0,  0,  0,  0,  0,  0,  0,  0,  0,  0,  0,  0,  0,  0,  4,  0,  0, 13,  0,  0,  0,  0,  0, ],
[ 0,  0,  0,  0,  0,  0,  0,  0, 12,  0,  0,  0,  0,  6,  0,  0,  0,  0,  0,  0,  0,  7,  0,  0, ],
[ 0,  0,  0,  0,  0,  0,  0,  0,  0,  0,  0,  0,  0,  0,  0,  0,  0,  0,  3,  0,  0,  0,  0,  0, ],
[ 0,  0,  0,  0,  0,  0,  7,  0,  0,  0,  0,  0,  0,  0,  0,  9,  0,  0,  0,  0,  0, 14,  0,  0, ],
[ 0,  0,  0,  0,  0,  0,  0,  0,  6,  0,  0,  0,  0,  0,  0, 14,  0,  0,  0,  0,  0, 13,  0,  0, ],
[ 0,  0,  0,  0,  0,  0,  0,  0,  0,  0,  0,  0,  5,  0,  0, 11,  0,  0,  0,  0,  0,  0,  0,  0, ],
[ 0,  0,  0,  0,  0,  0,  0,  0, 10,  0,  0,  0,  0,  0,  0,  0,  0,  0,  0,  0,  0,  0,  0,  0, ],
[13,  0,  0,  0,  0,  0,  0,  0,  0,  0,  0,  0,  0,  0,  0, 12, 14,  0,  0,  0,  2,  0,  0,  0, ],
[ 0,  0,  0,  0,  0,  5,  0,  5,  0,  0,  0,  0,  0,  0,  0,  0,  0,  0,  0,  0,  0,  0,  0,  0, ],
[13,  0,  0,  0,  0,  0,  0,  0,  0,  0,  0,  0,  0,  0,  0,  0,  6,  5,  0,  0,  0,  0,  0,  0, ],
[ 0,  0,  0,  5,  0,  0,  0,  0,  0,  0,  0,  0,  0,  0,  0,  0,  0,  0,  0,  0,  0,  0,  0, 13, ],
[ 0,  0,  0,  0,  0,  0,  0,  0,  0,  0,  0,  0,  0,  9,  0,  0,  0,  0,  0,  0,  0,  0,  0,  0, ],
[ 0,  0,  0,  0,  0,  3,  0,  0,  0,  3,  0,  0,  0,  0,  0,  0,  0,  0,  0,  0,  0,  0,  0,  8, ],
[ 0,  0,  0, 10,  0,  0,  0,  0,  0,  1,  8,  0,  0,  0,  0, 12,  0,  0,  0,  0,  8,  0,  0, 14, ],
[ 0,  0,  0,  0,  0,  0,  0,  0,  7,  0,  0,  0,  0,  0,  0,  0,  0,  0,  0,  0,  0,  0,  0,  0, ],
[ 0,  0,  0,  0,  0, 10,  0,  7,  0,  0,  0,  0,  1,  0,  0,  0,  0,  3, 13,  0,  0,  0,  0,  0, ],
[ 0,  0,  7,  0,  0,  0,  0,  0,  0,  0,  0,  0,  0, 13,  0,  0,  0,  0,  0,  0,  0,  0,  0,  0, ],
[ 0,  0,  0,  0,  0,  0, 12,  1,  0,  0,  0,  0,  0,  0,  6,  0, 13,  0,  0,  0,  0,  0,  2,  0, ],
[ 0,  0,  0,  0,  0,  0,  0,  0,  0,  0,  0,  0,  0,  0,  0,  0,  0,  0,  0,  0,  0,  0,  0,  0, ],
[ 0,  0,  0,  1,  0,  0,  0,  2,  0,  0, 14,  0,  0,  0,  0, 11,  0,  0,  0,  0,  0,  0,  0,  0, ],
[ 0,  0,  0, 14,  0,  0,  0,  0,  0,  0, 13,  0,  0,  0,  0,  0,  0,  0,  0,  9,  0,  0,  3,  0, ],
[ 0,  0,  0,  0,  0,  0,  0,  0,  0,  0,  0,  0, 14,  0,  0,  0,  0,  0,  0, 14,  0,  0,  0,  0, ],
[ 0,  0,  0,  0,  0,  0,  7,  0,  0,  0,  0,  0,  0,  0,  0,  0,  0,  8,  0,  0,  0,  0,  0,  0, ],
[ 0,  0,  0,  0,  0,  0,  0,  8,  0, 10,  0,  0,  0,  0,  7,  0,  0,  0,  0,  0,  0,  2,  0,  9, ],
[ 0, 11,  0,  0,  0,  0,  0,  0,  0,  0,  2,  0,  0,  0,  0,  0,  0,  0,  2,  0,  1,  0,  0, 13, ],
[ 0,  0,  0,  0,  0,  0,  0,  0,  0,  8,  0,  0,  0,  0,  2,  0,  0,  0, 12,  9,  0,  0,  0,  0, ],
[ 0,  0,  0,  0,  0,  0,  0,  0,  0, 13,  4,  0,  0,  0,  0,  0,  0,  0,  0,  0,  0,  0,  0,  0, ],
[ 0,  0,  0,  0,  4,  0,  0,  0,  0,  0,  0,  0,  0,  0,  0,  0,  0,  0,  0,  0,  0,  7,  4,  0, ],
[ 0,  0,  5,  0,  0,  0,  0,  0,  0,  0,  0,  0,  0,  0,  0,  0,  0,  8,  0,  0,  0,  0,  8,  0, ],
[ 0,  0,  0,  0,  0,  0,  0,  0,  0,  0,  0,  0,  0,  0,  0,  0,  5,  0,  0,  5,  0,  0,  0,  0, ],
[ 0,  0,  4,  0,  0,  0,  0,  0,  0,  0,  4,  0,  0,  0,  0,  6,  0,  0,  0,  0,  0,  0, 12,  0, ],
[ 0,  0,  0,  0,  0,  0,  0,  0,  0,  0,  0,  0,  0,  0,  0,  0,  0,  0,  0,  9,  0,  0,  0,  0, ],
[ 0,  0,  0,  0,  0,  0,  0,  0,  0,  0,  0,  0,  0,  0,  0,  0,  0,  0,  0,  0,  0,  0,  0,  0, ],
[ 0,  0,  0,  0,  0,  0,  0,  9,  0,  0,  0,  0,  3,  0,  0,  0,  0,  0,  4,  0,  0,  0,  0,  0, ],
[ 0,  0,  0,  0, 14,  0,  0,  0,  0,  0,  0,  9,  7,  0,  0, 11,  9,  0,  0,  0,  2,  0,  0,  0, ],
[ 0,  0,  0,  0, 10,  0,  0,  0,  0,  0,  0,  0,  0,  0,  0,  0,  0,  0,  0,  0,  8,  0, 12,  3, ],
[ 0,  0,  0,  0,  0,  0, 10,  2,  0,  0,  0,  0,  0, 14,  0,  0,  0, 11,  0,  0,  6,  0,  0,  0, ],
[ 0,  0,  0,  0,  0,  0,  0,  0,  0,  0,  0,  0,  0,  0,  5,  0,  0,  0,  0,  0,  0,  0,  0,  0, ],
[ 3,  0,  0,  0,  0,  0,  0,  0,  0,  0,  0,  0,  0,  0,  0,  0,  5,  0,  0, 14, 13,  0,  0,  0, ],
[ 0,  0,  0,  0,  0,  6,  0,  0,  0,  0,  0,  0,  8,  0,  0,  0,  0,  0,  0,  0,  9,  0,  0,  0, ],
[ 0,  0,  0,  6,  0, 11,  0,  0,  0,  0,  9,  0,  0,  0,  0,  0,  0,  0,  0,  0,  0,  0,  0,  0, ],
[ 0,  0,  0,  0,  0,  0,  0,  0,  0,  0,  0,  0,  0,  0,  0,  0,  0,  0,  0,  0,  0,  0,  0,  0, ],
[ 0,  0,  0,  0,  0,  0,  0,  0,  0, 14,  0,  1,  0,  1,  0,  0,  0,  0,  0,  0,  0,  0,  3,  0, ],
[ 0,  0,  0,  0,  0,  0,  0,  0,  0,  0,  0,  0,  0,  0,  0,  0,  0,  0,  0,  0,  0,  0,  0,  0, ],
[ 0,  0,  0,  0,  0,  0,  0,  0,  0, 10,  0,  0,  0,  0,  4,  0,  2,  0,  0,  0,  0,  0,  0,  0, ],
[ 0,  0,  0,  0,  0,  0,  0,  0,  0,  0,  0,  0,  0,  0,  0,  0,  0,  0,  0,  0,  0,  0,  0,  0, ],
[ 0,  0,  0,  0, 12,  0,  0,  0,  0,  0,  0,  0,  0,  0,  6,  0,  0,  0,  0,  0,  0,  0,  0,  0, ],
[ 0,  0,  0,  0, 12,  0,  0,  0,  0,  0,  0,  0,  0,  0,  0,  0,  0,  0,  1,  0,  0,  0,  0,  0, ],
[ 0,  0,  0,  4,  0,  0,  4,  0,  0,  0,  0,  0,  0,  0,  0,  0,  0,  1,  0,  0,  0,  0,  0,  0, ],


[0.8373, -0.2349, ],
[0.0609, -0.9591, ],
[0.1339, 0.4424, ],
[0.9054, -0.3062, ],
[-0.3286, 1.0000, ],
[0.5352, 0.0154, ],
[-0.3781, -0.9706, ],
[0.0703, 0.4561, ],
[-0.1722, 0.2502, ],
[-0.3587, 0.1429, ],
[0.4294, -0.0943, ],
[-0.1194, 0.0805, ],
[0.3941, -0.3329, ],
[0.5945, 0.5796, ],
[0.4747, 0.6824, ],
[-0.5962, -0.2391, ],
[-0.0132, -0.7492, ],
[-0.0164, -0.7338, ],
[0.7264, 0.5188, ],
[-0.5300, -0.8087, ],
[1.0000, 0.6812, ],
[-0.0509, -0.6725, ],
[0.7509, 0.0432, ],
[0.3830, -0.3963, ],
[0.8512, 0.4777, ],
[-0.1063, 0.1017, ],
[0.4700, 0.2493, ],
[-0.4676, -0.3307, ],
[0.4287, 0.4018, ],
[-0.6089, 0.6308, ],
[-1.0000, 0.3463, ],
[-0.1140, 0.5285, ],
[-0.9285, -0.2022, ],
[0.6402, 0.7021, ],
[0.8300, 0.1560, ],
[-0.7750, -0.1579, ],
[0.7912, 0.3228, ],
[0.3837, -0.3888, ],
[-0.2790, -0.3094, ],
[1.0000, 0.6104, ],
[0.7415, -0.6713, ],
[0.0428, 0.2105, ],
[0.6157, 0.5945, ],
[0.0581, -0.8741, ],
[0.1778, 0.8832, ],
[0.6191, -0.0945, ],
[0.2613, 0.2164, ],
[-0.5795, -0.4691, ],
[-0.9538, -0.7344, ],
[0.8335, 0.3947, ],
[0.2175, -0.1825, ],
[0.6566, 0.1803, ],
[0.4295, -0.7793, ],
[-0.0216, -0.9070, ],
[-0.3563, 0.6813, ],
[0.5071, -0.2681, ],
[0.6639, -0.0185, ],
[0.3895, 0.0020, ],
[-0.5822, 0.4505, ],
[-0.0364, -0.5154, ],
[0.6626, 0.3282, ],
[-0.4520, 0.0478, ],
[-0.7816, 0.0230, ],
[0.1747, 0.3645, ],
[0.2203, 0.0141, ],
[0.2442, -0.7805, ],
[0.3396, 0.9786, ],
[0.3819, -0.5129, ],
[-0.7788, -0.0242, ],
[0.7172, 0.0127, ],
[0.8789, -0.1123, ],
[-0.2087, 0.4420, ],
[0.0035, 0.4147, ],
[0.0027, 0.3986, ],
[0.3423, 0.8377, ],
[-0.7052, -0.2591, ],
[-0.0414, 0.3702, ],
[0.9785, 1.0000, ],
[0.0671, 0.0353, ],
[-0.5580, -0.7088, ],
[-0.4060, -0.8255, ],
[-0.3713, 0.0491, ],
[-0.7989, 0.2130, ],
[-0.2573, 0.7448, ],
[-0.7607, 0.1552, ],
[0.0309, -0.4471, ],
[0.1362, 0.5990, ],
[-0.1029, 0.3286, ],
[0.5298, -0.9666, ],
[0.2798, -0.3616, ],
[-0.4867, -0.2380, ],
[-0.2099, -0.2290, ],
[0.0519, 0.5310, ],
[-0.5071, 0.0212, ],
[-0.7334, -0.6799, ],
[-0.3579, -0.5405, ],
[-0.6995, 0.0358, ],
[0.4940, 0.3506, ],
[0.8717, 0.1989, ],
[0.4185, 0.0610, ],


[1.0000, ],
[0.0000, ],
[5.0000, ],
[4.0000, ],
[0.0000, ],
[4.0000, ],
[11.0000, ],
[5.0000, ],
[0.0000, ],
[8.0000, ],
[3.0000, ],
[14.0000, ],
[4.0000, ],
[9.0000, ],
[0.0000, ],
[7.0000, ],
[9.0000, ],
[4.0000, ],
[0.0000, ],
[3.0000, ],
[10.0000, ],
[10.0000, ],
[10.0000, ],
[6.0000, ],
[11.0000, ],
[10.0000, ],
[0.0000, ],
[13.0000, ],
[8.0000, ],
[3.0000, ],
[7.0000, ],
[2.0000, ],
[0.0000, ],
[13.0000, ],
[10.0000, ],
[7.0000, ],
[0.0000, ],
[6.0000, ],
[4.0000, ],
[10.0000, ],
[12.0000, ],
[8.0000, ],
[9.0000, ],
[12.0000, ],
[8.0000, ],
[10.0000, ],
[0.0000, ],
[3.0000, ],
[12.0000, ],
[11.0000, ],
[1.0000, ],
[6.0000, ],
[10.0000, ],
[2.0000, ],
[10.0000, ],
[11.0000, ],
[6.0000, ],
[4.0000, ],
[13.0000, ],
[4.0000, ],
[9.0000, ],
[6.0000, ],
[3.0000, ],
[7.0000, ],
[19.0000, ],
[3.0000, ],
[14.0000, ],
[7.0000, ],
[13.0000, ],
[0.0000, ],
[10.0000, ],
[13.0000, ],
[8.0000, ],
[6.0000, ],
[14.0000, ],
[11.0000, ],
[11.0000, ],
[6.0000, ],
[7.0000, ],
[8.0000, ],
[4.0000, ],
[11.0000, ],
[3.0000, ],
[0.0000, ],
[7.0000, ],
[18.0000, ],
[13.0000, ],
[16.0000, ],
[2.0000, ],
[12.0000, ],
[9.0000, ],
[10.0000, ],
[0.0000, ],
[8.0000, ],
[0.0000, ],
[7.0000, ],
[0.0000, ],
[7.0000, ],
[5.0000, ],
[5.0000, ],


