[ 0,  0,  0, 10,  0,  0,  0, 11,  0,  0,  0,  0,  0,  0,  2,  2,  0,  0,  0,  0,  0,  0,  0,  0, ],
[ 0,  0,  0,  0,  0, 12,  0,  2,  0,  0,  0,  0,  0,  0,  0,  0,  0,  0,  0,  0,  0,  0,  0,  0, ],
[ 0,  0,  0,  1,  0,  0,  0,  0,  0,  0,  0,  0,  0,  0,  0,  0,  0,  0,  0,  0,  0,  0,  0,  0, ],
[ 3,  0,  0,  0,  0,  0,  0,  0,  0,  0,  0, 12,  0, 10,  0,  0,  0,  0,  0,  0,  0,  0,  0,  0, ],
[ 0,  0,  0,  0, 13,  0,  0,  0,  0,  0,  0,  0, 14,  0,  0,  0,  6,  6,  0,  0,  0, 14,  0,  0, ],
[ 0,  0,  0,  0, 14,  0,  0,  5,  0,  0,  0,  0,  0,  0,  0,  0,  0,  0,  0,  0,  0,  0,  0,  2, ],
[ 0,  0,  0,  0,  0,  0,  0, 12,  0,  0,  0,  0,  0,  0,  0,  0,  0,  0,  0,  0,  0,  0,  0,  0, ],
[ 0,  0,  0,  0,  0,  0,  0,  0,  6,  0, 10,  0,  0,  0,  0,  0,  0,  0,  0,  0,  0,  0,  0,  0, ],
[ 0,  0,  0,  0,  0,  0,  0,  0,  0, 13,  0,  0,  0,  0,  9,  0,  1,  0,  0,  0,  0,  0,  0,  0, ],
[ 0,  0,  0,  0,  0,  0,  0,  0,  0,  3,  0,  0,  0,  0,  0,  0,  0,  0,  2,  0,  0,  2,  0,  0, ],
[ 0,  0,  0,  0,  0,  0,  0,  0,  0,  0,  0,  0,  1,  9,  0,  0,  6,  0,  0,  0,  0,  0,  0,  0, ],
[ 0,  0,  0,  0,  0, 10,  0,  0,  0,  0,  0,  0,  0, 10,  1,  0,  1,  0,  0,  0,  0,  0,  0,  0, ],
[ 0,  0,  0,  0,  8,  0,  0,  0,  1,  0,  0,  0,  0,  0,  0,  0,  0,  0,  0,  0,  2,  0,  0,  0, ],
[ 0,  0,  0,  0,  0,  0,  0,  0,  0,  0,  0,  0,  0,  0, 12,  0,  0,  0,  4,  0,  0,  0,  0,  3, ],
[ 0,  0,  0,  0,  0,  0,  0,  0,  0,  0,  0,  0,  0,  0, 14,  0,  0,  4,  0,  0,  0,  1,  0,  0, ],
[ 0,  0,  0,  0,  0,  0,  0,  0,  0,  0,  0,  0,  0, 13,  0,  0,  0,  0,  0,  0,  0,  0,  0,  0, ],
[ 0,  0,  0,  0,  0,  0,  0, 14,  0,  0,  0,  0,  7,  0,  0,  0,  0,  0,  0,  0,  0,  0,  0,  0, ],
[ 0,  0,  0,  0,  0,  0,  0,  0,  0,  0,  0,  0,  0,  0,  0,  0,  0,  0,  0,  0,  0,  0,  0,  0, ],
[ 0,  0,  0,  0,  0,  0,  0,  0,  0,  0,  0,  0,  0,  0,  0,  0,  0,  0,  0,  0,  0,  0,  5,  0, ],
[ 0,  0,  0,  0,  0,  0,  0,  0,  0,  0,  0,  0,  0,  0,  0,  0,  0,  0,  0,  0,  0,  0,  0,  0, ],
[ 0,  0,  0,  0,  0,  0,  0,  0,  0,  0,  0,  0,  0,  0,  0,  0,  0,  0,  0,  0,  0,  0,  0,  0, ],
[10,  0, 14,  0,  0,  0,  0,  0,  0,  0, 11,  0,  2,  0,  0, 11,  0,  0,  0,  0,  0,  0,  0, 12, ],
[ 0,  0,  0,  0,  0,  0,  0,  0, 10,  0,  0,  0,  0,  0,  0,  0,  0,  0,  0,  0,  0,  0,  0,  0, ],
[ 0,  0,  8,  0,  0,  0,  0,  0,  0,  0,  0,  0,  0,  0,  0,  0,  0,  0,  0,  0, 12,  0, 13,  0, ],
[ 0,  8,  0,  9,  0,  0,  0,  9,  8,  0,  0,  0,  0,  0,  0,  0,  0,  0,  0,  0,  0,  0,  8,  0, ],
[ 0,  0,  0,  0,  0,  0,  0,  0,  0,  0,  0,  0,  0,  0,  0,  0,  0,  0,  0,  0,  0,  0,  0,  0, ],
[ 0,  0,  7,  0,  0,  6,  8,  0,  0,  0,  0,  0,  0,  0,  0, 13,  0,  0,  0,  0,  0, 12,  0,  0, ],
[ 0,  0,  0,  0,  9,  0,  0,  0,  0,  0,  0,  0,  7,  0,  0,  0,  0,  7,  0,  0,  0, 11,  0,  0, ],
[ 0,  0,  0,  0,  0,  0,  0,  0, 13,  0,  0,  0,  0,  0,  0,  0,  0,  0,  0,  0,  0,  0,  0,  0, ],
[ 0,  0,  0,  2,  0,  0,  0,  0,  0,  0,  0,  0,  0,  0,  0,  0,  0,  0,  0,  0,  0,  0,  0,  0, ],
[ 0,  0,  0,  0,  0,  0,  0,  0,  0,  0,  0,  0,  0,  0,  0,  0,  0,  0,  0,  0,  0,  0,  0,  0, ],
[ 0,  0,  0,  0,  0,  0,  0,  0,  0,  0,  0,  0,  0,  2,  0,  0,  0,  0,  4,  0,  0,  0,  0,  0, ],
[ 0,  0,  0,  0,  0,  0,  0,  0,  9,  0,  0,  0,  0,  0,  0,  0,  0,  0,  0,  0,  0,  0,  0,  0, ],
[ 0,  0,  0,  0,  0,  0,  0,  0,  0,  0,  0,  0,  0,  0,  0,  1,  0,  0,  0,  0,  0,  0,  9,  0, ],
[ 0,  0,  0,  0,  0,  0,  0,  0,  4,  0,  0,  8,  0,  0,  0,  7,  0,  3,  0,  0,  0,  0,  0,  0, ],
[ 0,  0,  0,  0,  0,  0,  0,  0,  0,  0,  0,  0,  0,  0,  8,  0,  0,  0,  2,  0,  0,  0,  0,  0, ],
[ 0,  0,  0,  0,  0,  0,  0,  0,  0,  0,  9,  0,  0,  0,  4,  0,  0,  0,  0,  0,  0,  0,  0,  0, ],
[12,  0,  0,  0,  0,  0,  0,  0,  0,  0,  0,  0,  0,  0,  0,  0,  0,  0,  0,  0,  0,  0,  0,  0, ],
[ 0,  0,  5,  0,  0,  0,  0,  0,  0,  0,  0,  0,  0,  0,  0,  0,  0,  0,  0,  0,  0,  0,  0,  0, ],
[ 0,  0,  0,  0,  0,  0,  0,  0, 14,  0,  4,  0,  0,  0,  0,  0,  0,  0,  0,  0,  0,  0,  0,  0, ],
[ 0,  0,  0,  0,  0,  0,  0,  7,  0,  0,  0,  4,  0,  0,  0,  0,  0,  0,  0,  7,  0,  0,  0,  0, ],
[ 0,  0,  0,  0,  0,  0,  0,  0,  0,  0,  0, 10,  0,  0,  0,  0,  0,  0,  0,  0,  0,  0,  0,  0, ],
[ 0,  0,  0,  0,  0,  0,  0,  0,  0,  0,  0,  0,  0,  0,  0, 14,  0,  0,  0,  0,  0,  0,  0,  0, ],
[ 0,  0,  0,  0,  0,  0,  0,  0,  0,  0,  0,  0,  0,  0,  0,  0,  0,  5,  0,  0,  9,  0,  0, 14, ],
[ 0,  0,  0,  0,  0,  0,  0,  0,  0, 14,  0,  0,  0,  4,  0,  0,  0,  0,  7,  0,  0,  0,  0,  0, ],
[ 0,  0,  0,  0,  0,  0,  0,  0,  0,  0,  0,  0,  0,  0,  0,  0,  0,  0,  0,  0,  0, 14,  0,  0, ],
[ 0,  0,  0,  0,  0,  0,  0,  0,  5,  0,  0,  0,  0, 13,  0,  0,  0,  0,  1,  0,  0,  0,  0,  0, ],
[ 2,  0,  0,  0,  7,  0,  0,  0,  0,  0,  0,  0,  0,  0,  0, 10,  0, 10,  0,  0,  0,  0,  0,  0, ],
[ 0,  3,  8,  5,  0,  0,  3,  0,  0,  0,  0,  0,  0, 10,  0,  6, 12,  0,  7,  0,  0,  0,  0,  0, ],
[ 0,  0,  0,  0,  0,  0,  5,  0,  0, 13,  0,  3,  0,  0,  0,  0,  0,  0,  0,  0,  0,  0,  0,  0, ],
[ 0,  0,  7, 14,  0,  0,  0,  0,  0,  0,  0,  0,  0,  0,  0,  0,  0,  0,  0,  0,  0,  0,  3,  2, ],
[ 0,  0,  0,  1,  0,  0,  0,  0,  0,  0,  0,  0,  0,  0,  0,  0,  0,  0,  5,  0,  0,  0,  0,  0, ],
[ 0,  0,  0,  0,  0,  5,  0,  0,  0,  0,  0,  0,  0,  0,  0,  0,  2,  0,  1,  0,  5,  0,  0,  0, ],
[ 0,  0,  6,  0,  0,  0,  0,  0,  0,  0,  0,  0,  0,  0,  0,  0,  0,  0,  0,  0,  0, 14,  0,  0, ],
[ 0,  0,  0,  0,  0,  0,  0,  0,  0,  0,  0,  0,  0,  0,  0,  0,  0, 11,  0,  0,  0,  0,  0,  0, ],
[ 0,  0,  0,  0,  0,  0,  0,  0,  0,  0,  0,  0,  0,  0,  0,  0,  0,  0,  0,  0,  0,  0,  0, 11, ],
[ 0,  0,  0, 11, 13,  0,  0,  0,  0,  0,  0,  2,  0,  0,  0, 11,  0,  0,  0,  0,  0,  0,  0,  0, ],
[ 0,  0,  0,  0,  0,  0,  0,  0,  0,  0,  0,  0,  0,  0,  0,  0,  0,  0,  0,  0,  0,  0, 11, 10, ],
[ 0,  6,  5,  0,  0,  0,  0,  0,  0,  0,  0,  0,  0,  0,  0,  0,  0,  0,  0,  0,  0,  0,  0,  0, ],
[ 0,  4,  0,  0,  0,  0,  0,  0, 13,  0,  0,  0,  0,  0,  0,  0, 14,  0,  2,  0,  0, 12, 11,  0, ],
[ 0,  4,  0,  0, 13,  0,  0,  0,  0,  0,  1,  0,  0,  0,  0,  0,  0,  0,  0,  0, 11,  0,  0,  0, ],
[ 0,  0, 14,  0,  0,  0,  0,  0,  0,  0,  9,  0,  0,  0,  0,  0,  0,  5,  0,  0,  0,  0,  0,  0, ],
[ 0,  0,  0,  0,  0,  0,  0,  0,  0,  9,  0,  0,  0,  0,  0,  0,  0,  0,  0,  0,  0,  0, 10,  0, ],
[ 0,  0,  0,  0,  0,  0,  0,  0,  0,  0,  4,  0,  0,  0,  0,  0,  0,  0,  0,  0,  0,  6,  0,  0, ],
[ 0,  0,  0,  0,  0,  0, 11,  0,  0,  0,  8,  0,  0,  0,  0,  0,  0,  0,  0,  0,  0,  0,  0,  0, ],
[ 0,  0,  0,  0,  0,  0,  0,  0,  0,  0,  7,  0,  0,  0,  5,  8,  0,  0,  0,  0,  0,  0,  0,  0, ],
[ 0,  0,  0,  0,  0,  0,  0,  0,  0,  0,  0,  0,  0,  0,  0,  0,  0,  0,  0,  0,  0,  0,  0,  0, ],
[ 0,  0,  0, 12,  0,  0,  0,  0,  2,  0,  0,  0,  0,  0,  4,  0,  0,  0,  0,  0,  0,  0,  0,  0, ],
[ 0,  0,  0,  0,  0,  0,  0,  0,  0,  2, 11,  0,  0,  1,  0,  0,  0,  0,  0,  0,  0,  0,  0,  0, ],
[ 0,  0,  5,  0,  1,  0,  0,  0,  0,  0,  0,  0,  0,  0,  0,  0,  0,  5,  0,  0,  0,  0,  0,  0, ],
[ 6,  0,  0,  0, 11,  0,  0,  0,  0,  0,  0,  1,  0,  0,  0, 11,  0,  9, 11,  0,  0,  0,  0,  0, ],
[ 0,  0,  0,  5,  0,  0,  0,  0,  0,  0,  0,  0,  0,  0,  0,  0,  0,  0,  3,  0,  0,  0,  0,  0, ],
[ 0,  0,  0,  0,  0,  0,  8,  0,  0,  0,  0,  0,  0,  0,  0,  0,  0,  0,  0,  0,  0,  0,  0,  0, ],
[ 0,  0,  0,  0,  0,  0,  0,  0,  0,  1, 13,  0,  0,  0,  0,  0,  4,  0,  0,  0,  0,  0,  0,  0, ],
[ 0,  0,  0,  0,  0,  0,  0,  0,  0,  0,  0,  0,  0,  0,  0,  7,  9,  0,  0,  7,  0,  0,  8,  0, ],
[ 0,  0,  0,  0,  0,  0,  0,  0,  0,  0,  0,  0,  4,  0,  0,  0,  0,  0,  0,  0,  0,  0,  0,  0, ],
[ 0, 14,  0,  0,  0,  0,  0,  0,  0,  2,  9,  0,  0,  0,  0,  0,  0,  0,  0,  0,  0,  0,  0,  0, ],
[ 0,  2,  0,  0,  0,  0,  0,  0,  0,  0,  0,  0,  0,  0,  0,  0,  0,  5,  0,  0,  0,  0,  0,  0, ],
[ 0,  0,  0,  0,  0,  0,  2,  0,  0,  0,  0,  0,  0,  0,  0,  1,  0,  0, 12,  0,  0,  0,  0,  0, ],
[ 0,  8,  0,  0,  0,  1,  4,  0,  0,  0,  0,  8,  0,  0,  0,  0,  1,  0,  0,  0,  0,  0,  0,  0, ],
[ 0,  0,  0,  0,  0,  0,  0,  0,  0,  0,  0,  0,  0,  0, 10,  0,  0,  0,  0,  0,  0,  6,  0,  0, ],
[ 0,  0,  0,  0,  0, 14,  0,  0,  0,  0,  0,  0,  0,  0,  0,  0,  0,  0,  0,  0,  0,  0,  0,  0, ],
[ 0,  0, 10,  0,  0,  0,  0,  0,  0,  0,  0,  0, 10,  0,  0,  0,  0,  0,  0,  4,  0,  0,  0,  4, ],
[ 0,  0,  0,  0,  0,  0,  0,  0,  0,  0,  0,  0,  0,  0,  0,  0,  0,  0,  0,  0,  0,  0,  0,  0, ],
[ 0,  0,  0,  0,  0,  0,  0,  9,  0,  0,  0,  0,  0,  0,  0,  0,  1,  0,  0,  0,  0,  0,  0,  0, ],
[ 0, 11,  0, 13,  0,  0,  0,  0,  0,  0,  0,  0,  0,  0,  0,  4,  0,  0,  0,  0,  0,  0,  0,  0, ],
[ 0,  0,  0,  0,  1,  0,  0,  0,  0,  0,  0,  0,  0,  0,  0,  1,  0,  0,  0,  0,  0,  0,  0,  0, ],
[ 0,  0,  0,  0,  0,  0,  0,  0,  0,  0,  0,  0,  0,  0, 12,  0,  0,  0,  0,  0,  6, 12,  0,  0, ],
[ 0,  0,  0,  0, 11,  0,  0,  0,  0,  0,  0,  0,  5,  0,  0,  5,  0,  0,  0,  0,  0,  0,  0,  0, ],
[ 3,  0, 11,  0,  7,  0,  0,  0,  0,  0,  3,  0,  0,  0,  0,  0,  0,  3,  0,  0, 13,  0,  0,  0, ],
[ 0,  0,  0,  0,  0,  0,  0,  0,  0,  9,  0,  0,  0,  0,  0,  0,  0,  0,  0,  0,  0,  0,  0,  0, ],
[ 0,  0,  0,  0,  0,  0,  0,  0,  0,  0,  0, 12,  0,  0,  0,  0,  0,  0,  0,  0,  0,  0,  0,  0, ],
[ 0,  0,  1,  0,  0,  0,  0, 11,  0,  0,  0,  9,  0,  0,  0,  8,  0,  0,  0,  0,  4, 13,  9,  0, ],
[ 0,  0,  0,  0,  0,  0,  0,  0,  0,  0,  0,  0,  0,  0,  0,  0,  0,  0,  0,  0,  0,  0,  0,  9, ],
[ 0,  0,  0,  0,  0,  0,  0,  0,  7,  0,  0,  0,  0,  0,  0,  0,  0,  0,  0,  0,  0,  0,  0,  0, ],
[ 9,  0,  0,  0,  0,  0,  0,  0,  0,  0,  3,  0,  0, 12,  0,  0,  5,  0,  0,  0,  0,  1,  0,  0, ],
[ 0,  0,  0,  0,  0,  0,  0,  0,  0,  0,  0,  0,  0,  0,  0,  0,  0,  0,  0,  0,  0,  0,  0,  0, ],
[ 0, 12,  0,  0,  0,  0,  0,  0,  9,  0,  0,  0,  0,  0,  0,  0,  0,  0,  0,  0,  0,  0,  5,  0, ],
[ 0,  0,  0, 11,  0,  0,  0,  0,  0,  0,  0,  0,  0,  0,  0,  0,  0,  0,  0,  0,  0,  0,  0,  0, ],
[ 0,  3,  0,  0,  0,  0,  0,  6,  0,  0,  0,  0,  0,  0,  0,  0,  0,  0,  0,  0,  0,  0,  0,  0, ],


[0.3274, -0.1989, ],
[-0.1796, -0.9591, ],
[-0.0349, -0.4578, ],
[0.9179, 0.1815, ],
[0.6644, 1.0000, ],
[0.5352, -0.0777, ],
[-0.7698, 0.3886, ],
[0.0757, 0.1855, ],
[-0.0216, 0.4305, ],
[-0.6910, 0.2671, ],
[-1.0000, -0.0116, ],
[0.0066, -0.4627, ],
[-0.5118, -0.7566, ],
[0.5016, 0.2255, ],
[0.5748, 0.5290, ],
[-0.1367, -0.1375, ],
[-0.3817, -0.7390, ],
[-0.0164, -0.7338, ],
[0.5040, -0.0400, ],
[0.1968, -0.8145, ],
[0.6977, 0.1211, ],
[0.4203, 0.0863, ],
[0.6455, 0.0350, ],
[1.0000, 0.0595, ],
[0.8457, 0.0218, ],
[0.2180, -0.0819, ],
[-1.0000, -0.4571, ],
[-0.4676, -0.4795, ],
[0.1628, 0.3133, ],
[-0.4610, -0.6176, ],
[-0.6775, -0.3692, ],
[-0.0150, 0.5525, ],
[0.6718, -0.1235, ],
[0.3643, 0.7810, ],
[0.3204, -0.1683, ],
[0.1148, 0.3492, ],
[-0.7749, 0.0045, ],
[0.5343, -0.3138, ],
[-0.2790, 0.9702, ],
[-0.0571, 0.5498, ],
[0.5101, -1.0000, ],
[0.0007, 0.2151, ],
[0.3320, 0.3278, ],
[0.9014, -0.7468, ],
[0.1357, -0.2239, ],
[0.2136, 0.8498, ],
[0.2130, 0.2164, ],
[-0.4762, 0.5157, ],
[-0.4871, -0.7344, ],
[0.8335, 0.8557, ],
[0.6729, -0.1825, ],
[0.0900, -0.4706, ],
[0.1344, -0.7793, ],
[-0.4150, -0.6102, ],
[-0.3224, 0.3399, ],
[0.5846, -0.3786, ],
[0.7014, -0.0185, ],
[-0.6248, 0.0430, ],
[-0.8636, 0.4126, ],
[0.1141, -0.4915, ],
[0.6651, 0.1864, ],
[0.2246, 0.1473, ],
[0.7374, 0.0272, ],
[0.4357, 0.2645, ],
[1.0000, 0.9493, ],
[-0.3260, -0.8109, ],
[0.2407, 0.3877, ],
[0.3293, -0.7539, ],
[0.3817, 0.0154, ],
[0.7419, -0.1238, ],
[0.8352, 0.4060, ],
[-0.7051, 0.4304, ],
[-0.3534, 0.2776, ],
[-0.2030, -0.3212, ],
[0.7097, 0.6899, ],
[-1.0000, -0.2370, ],
[1.0000, 0.4074, ],
[0.2591, -0.0138, ],
[0.2186, 0.0970, ],
[-0.4125, -0.7088, ],
[-0.2326, -0.8030, ],
[-0.4109, 0.6455, ],
[-0.3029, -0.1985, ],
[-0.4903, 0.7448, ],
[-0.7607, -0.0491, ],
[-0.3286, -0.3963, ],
[0.1868, 0.4968, ],
[0.6914, -0.7665, ],
[-0.1857, -0.7368, ],
[0.2811, -0.4950, ],
[-0.2420, -0.1772, ],
[-0.0581, 0.9150, ],
[-0.1326, -0.4762, ],
[0.3581, 0.2818, ],
[-1.0000, -0.9472, ],
[0.2849, 0.2640, ],
[-0.7111, 0.5193, ],
[0.0836, 0.3506, ],
[0.8717, 0.4626, ],
[0.3531, -0.7608, ],


[10.0000, ],
[5.0000, ],
[1.0000, ],
[10.0000, ],
[18.0000, ],
[7.0000, ],
[4.0000, ],
[7.0000, ],
[8.0000, ],
[4.0000, ],
[7.0000, ],
[10.0000, ],
[5.0000, ],
[8.0000, ],
[7.0000, ],
[4.0000, ],
[7.0000, ],
[0.0000, ],
[2.0000, ],
[0.0000, ],
[0.0000, ],
[21.0000, ],
[4.0000, ],
[11.0000, ],
[15.0000, ],
[0.0000, ],
[17.0000, ],
[13.0000, ],
[4.0000, ],
[1.0000, ],
[0.0000, ],
[3.0000, ],
[3.0000, ],
[4.0000, ],
[10.0000, ],
[4.0000, ],
[5.0000, ],
[4.0000, ],
[2.0000, ],
[6.0000, ],
[8.0000, ],
[4.0000, ],
[4.0000, ],
[9.0000, ],
[9.0000, ],
[4.0000, ],
[7.0000, ],
[12.0000, ],
[23.0000, ],
[8.0000, ],
[10.0000, ],
[3.0000, ],
[6.0000, ],
[7.0000, ],
[4.0000, ],
[4.0000, ],
[13.0000, ],
[8.0000, ],
[5.0000, ],
[19.0000, ],
[11.0000, ],
[9.0000, ],
[7.0000, ],
[5.0000, ],
[7.0000, ],
[8.0000, ],
[0.0000, ],
[7.0000, ],
[6.0000, ],
[5.0000, ],
[19.0000, ],
[4.0000, ],
[3.0000, ],
[7.0000, ],
[12.0000, ],
[2.0000, ],
[8.0000, ],
[3.0000, ],
[6.0000, ],
[10.0000, ],
[7.0000, ],
[4.0000, ],
[12.0000, ],
[0.0000, ],
[4.0000, ],
[10.0000, ],
[2.0000, ],
[11.0000, ],
[8.0000, ],
[17.0000, ],
[3.0000, ],
[4.0000, ],
[20.0000, ],
[3.0000, ],
[3.0000, ],
[12.0000, ],
[0.0000, ],
[9.0000, ],
[4.0000, ],
[5.0000, ],


