[ 0,  0,  0,  0,  0,  0, 10,  0,  0,  0,  0,  0,  0,  0,  0, 12, 11,  9,  0,  0, 11,  0,  0,  0, ],
[ 0,  0,  0,  0,  0,  0,  0, 13,  0,  0,  0,  0,  0,  0,  0,  0,  0,  0,  0,  0,  0,  0,  0,  0, ],
[ 0,  0,  0,  0,  9,  0,  0,  0,  0,  0,  0,  0,  0,  0,  0,  0,  0,  0,  0,  0,  0,  0,  0,  0, ],
[ 0,  0,  0, 10,  0,  0,  0,  9,  0,  0,  0,  0,  7,  0,  0,  0,  0,  0,  0,  0, 11,  0,  0,  0, ],
[ 0,  0,  0,  0,  0,  0,  0,  0,  0,  0,  0,  0,  0,  0,  0,  0,  0,  3,  0,  0,  0,  0,  0,  0, ],
[ 0,  0,  0,  0,  0,  0,  3,  0,  0,  0,  0,  3,  0,  0,  0,  4,  0,  0,  0,  0,  0,  0,  0,  0, ],
[ 0,  0,  8,  0,  0,  0,  0,  0,  0,  0,  0,  0,  0,  0,  0,  0,  0,  0,  0,  0,  3,  0,  0,  0, ],
[ 0,  0,  0,  0,  0,  0,  0,  0,  0,  0,  0,  0,  0,  0, 13,  0,  0,  0,  0,  0,  0,  0,  0,  0, ],
[ 0,  0,  0,  0,  0, 13,  0,  0,  0,  0,  0,  0,  0,  0,  0,  0,  0,  0,  0,  0,  0,  0,  0,  0, ],
[ 0,  0,  0,  0,  0,  0,  0,  0,  0,  0,  0,  0,  0,  0,  0,  0,  0,  0,  0,  2,  0,  0,  0,  0, ],
[ 0,  2,  0,  0,  0,  0,  0,  0,  0,  0,  9,  0,  0,  0,  0,  0,  0,  0,  3,  0,  0, 12,  0,  0, ],
[ 0,  0,  0,  4, 12,  0, 13,  0,  0,  0,  0,  0,  0,  0,  0,  0,  0,  0,  0,  0,  0,  0,  0,  0, ],
[ 0,  0,  0,  0,  0,  0,  0,  0,  0,  0,  0,  0,  0,  0,  0,  0,  0,  0,  0,  0,  0,  0,  0,  0, ],
[ 0,  0,  0,  0,  0,  0,  0,  0,  0,  0,  0,  0,  0,  0,  0,  0,  0,  3,  0,  0,  0,  0,  0,  1, ],
[ 0,  0,  0,  0,  0,  0,  4,  0,  0,  3,  0,  0,  7,  0,  0,  0,  0,  0,  0,  0,  0,  0,  0,  9, ],
[ 0,  0,  0,  0,  0,  0,  0,  0, 11,  0,  0,  6,  0,  0,  0,  0,  0,  0,  0, 11,  0,  4,  0,  0, ],
[ 0,  0,  0,  0,  0,  0,  0,  0,  0,  0,  0,  4,  0,  0,  0,  0,  0,  0,  0,  0,  0,  0,  0,  0, ],
[ 0,  0,  0,  0,  0,  0,  0,  0,  9,  0,  0,  0,  0,  0,  6,  0,  0,  0,  0,  0,  0,  0,  0,  0, ],
[ 0,  0,  0,  3,  0,  0,  0,  0,  0,  0,  0,  0,  0,  0,  0,  0,  8,  0,  0,  0,  0,  0,  0,  0, ],
[ 0,  0,  0,  0,  0,  0,  0,  0,  0,  0,  0,  0,  0,  0,  0,  0,  0,  0,  0,  0,  0,  0,  0,  0, ],
[ 0,  0,  0,  0,  0, 10,  0,  0,  0,  3,  0,  0,  0,  0,  0,  0,  0,  0,  0,  0,  0,  0, 14,  0, ],
[ 0,  0,  2,  0,  0,  0,  0,  0,  0,  0,  0,  0,  0,  0,  0,  0,  0,  0,  0,  0,  0,  0,  0, 11, ],
[ 0,  0,  0,  9,  0,  0,  0,  0,  0,  0,  0,  0,  0,  0,  0,  0,  0,  6,  0,  0, 10, 14,  0,  0, ],
[ 0,  0,  0,  0,  0,  0,  0,  0, 11,  0,  3,  0,  0,  0,  0,  0, 10,  0,  0,  0,  0,  0,  0,  0, ],
[ 0,  0,  0,  0,  0,  4,  0,  0,  0,  0,  0, 14,  0,  0,  3,  0,  0,  0,  0,  8,  0,  0,  0,  0, ],
[ 0,  0,  0,  0,  0,  0,  0,  0,  0,  0, 12,  0,  0,  0,  0,  0,  0,  0,  0,  0,  0,  0,  0,  0, ],
[ 0,  0,  0,  0,  0,  4,  0,  0,  0,  0,  0,  0,  0,  0,  0,  0,  0,  0,  0,  0,  0,  0,  0,  0, ],
[ 0,  0,  0,  0,  0,  0, 12,  0,  0,  0,  0,  0,  0,  0,  0,  0,  0,  0,  0,  0,  0,  0,  0,  0, ],
[ 0,  0,  0,  0,  0,  0,  0,  0,  0,  6,  0,  0,  0,  3,  0,  0,  0,  0,  0,  0,  0,  0,  0,  0, ],
[ 0,  0,  0,  0,  0,  0,  0,  0,  0,  0,  0,  0,  0,  0,  0,  0,  0,  0,  0,  0,  0,  0,  0,  0, ],
[ 0,  0,  0,  0,  0,  0,  0,  0,  0,  0,  0,  0,  0,  0,  0,  0,  0,  0,  0,  0,  0,  0,  0,  0, ],
[ 9,  0,  0,  0,  4,  8,  0,  0,  9,  0,  0,  0,  0,  0,  0,  0,  0,  0,  0,  0,  0,  0,  0,  0, ],
[ 0,  0,  0,  0,  4,  0,  0,  0,  0,  0,  0,  0,  0,  0,  0,  0,  0,  0,  0,  0,  0,  0,  0,  0, ],
[ 0,  0,  0,  0,  0,  0,  0,  0, 12,  0,  0,  0,  0,  0,  2,  0,  0,  8,  0,  0,  0,  0,  0,  0, ],
[ 2,  0,  0,  0,  0,  0,  0,  0,  0,  0,  0,  0,  0,  0, 10,  0,  0,  0,  0,  0,  0,  0,  0,  0, ],
[ 0,  0,  0,  0,  0,  0,  0,  0,  0,  0,  0,  0,  0,  0,  0,  0,  0,  0,  0,  0,  0,  0,  0,  0, ],
[ 0,  0,  0,  0,  0,  0,  0,  0,  0,  0,  0,  0,  3,  0,  0,  0,  0,  0,  0,  0,  5,  0,  0,  0, ],
[ 0,  0,  0,  0,  0,  0,  1,  0,  0,  0,  0,  0,  0,  0,  0,  0,  0,  4,  0,  0,  0,  0,  0,  0, ],
[ 0,  0,  0,  0,  0,  0,  0,  0,  7,  0,  0,  0,  0,  0,  0,  0,  0,  0,  0,  0,  0,  0,  0,  0, ],
[ 0,  0,  0,  0,  0,  0,  0,  0,  0,  0,  0,  6,  0,  0,  0, 13,  5,  0,  0,  0,  0,  0,  7, 10, ],
[ 0,  0,  0,  0,  0,  0,  0,  0,  0,  3,  0,  0,  0,  0,  0,  0,  0,  0,  0,  0,  0,  0,  0,  0, ],
[10,  1,  0,  0,  0,  0,  1,  0,  0,  0,  0,  0,  0,  0,  0,  0,  9, 12,  0,  0,  0,  1,  0,  2, ],
[ 0,  0,  0,  0,  0,  0,  0,  0,  6,  0,  0,  0,  0,  0,  0,  0,  0,  0,  0,  0,  0,  0,  0,  0, ],
[ 0,  0,  0,  0,  0,  0,  0,  0,  0,  0,  0,  0,  0,  0,  0,  5,  0,  0,  0,  0,  0,  0,  0,  0, ],
[ 0,  0,  0,  0,  0,  0,  0,  0,  0,  0,  0,  0,  9,  0,  0, 14,  0,  0,  0,  0,  0,  0,  0,  0, ],
[ 5,  0,  0,  0,  0,  0,  0,  0,  0,  0,  0,  0,  0,  0,  0,  0,  0,  0,  7,  0, 14,  3,  0,  0, ],
[ 0,  0,  4,  0,  0,  0,  0,  0,  0,  0,  0,  0,  0,  0,  0, 12,  0,  0,  0,  0,  0,  0,  0,  0, ],
[ 0,  0,  0,  0,  0,  0,  0,  4,  0,  0,  0,  0,  0,  0,  0,  4,  0,  0,  0,  0,  0,  0,  0,  0, ],
[ 0,  0,  0,  0, 14,  0,  0,  0,  0, 10,  5,  0,  0,  0,  0,  0,  0,  0,  0,  0,  0,  0,  0,  0, ],
[ 0,  0,  0,  0,  0,  0,  0,  0,  8,  0,  0, 11,  0,  0,  2,  0,  0,  0,  0,  0,  0,  0,  0,  0, ],
[ 0,  0,  0,  0,  0,  0,  0,  0,  0, 10,  0,  0,  0,  0,  0,  0,  0,  0,  0,  0,  0,  0,  0,  0, ],
[ 0,  0,  0,  0, 11,  0,  0,  0,  0,  0,  1,  6,  0,  0,  0,  0,  0,  0,  0,  0,  0,  2,  0,  0, ],
[ 0,  0,  9,  0,  0,  0,  0,  0,  0,  0,  0,  0,  0,  0, 14,  0,  0,  0,  7,  0,  0,  0,  0,  5, ],
[ 0,  0,  0, 11,  0,  0,  0,  0,  0,  0,  0,  0,  0,  0,  0,  0,  0,  0,  0,  0,  0,  0,  0,  0, ],
[ 0,  0,  0,  0,  0,  0,  0,  0,  0,  0,  0,  0,  0,  0,  0,  0,  0,  0,  0,  0,  0,  0,  0,  0, ],
[ 0,  0,  4,  0,  0,  4,  0,  0,  0,  0,  0,  0,  0,  0,  0,  0,  0,  0,  0,  0,  0,  0,  0,  0, ],
[ 0,  0,  0,  0,  0,  7,  0,  0,  2,  0,  0,  0,  0,  0,  0,  0,  0,  0,  1,  0,  0,  0,  0,  0, ],
[ 0,  0,  0,  0,  0,  0,  0, 12,  0,  0,  1,  7,  0,  0,  4,  0,  0, 12,  0,  0,  0,  0,  0,  0, ],
[ 0,  1,  0,  0,  0,  0,  0,  0,  0,  4,  0, 14,  0,  0,  0,  0,  0,  0,  0,  0,  9,  0,  0,  0, ],
[ 0,  0,  0,  0,  0,  0,  0,  0,  0,  0,  0, 11,  0,  0,  0,  0,  0,  0,  0,  0,  5,  0,  0,  0, ],
[ 0, 12,  0,  0,  0,  0,  1,  0,  0,  2,  0,  0, 12,  0,  0,  0,  0,  0,  5,  0,  0,  0, 14,  0, ],
[ 0,  5,  0,  0,  0,  6,  0,  0,  0,  2,  0,  4,  0,  0,  0,  0,  0,  0,  0,  0,  0,  5,  0,  0, ],
[ 0,  0,  0,  0,  0,  0,  0,  0,  0,  0,  0,  0,  0,  0,  0,  0,  0,  0,  8,  0,  0,  0,  5,  0, ],
[ 0,  0,  0,  0,  0, 10,  0,  0,  0,  0,  0,  0,  0,  0,  0, 11,  3,  0,  0,  0,  0,  0,  0,  0, ],
[ 0,  0,  0,  0,  0,  0,  0, 14,  0,  0,  0,  0,  0,  0,  0,  0,  0,  0,  0,  0,  0,  0,  0,  0, ],
[ 4,  0,  0,  0,  0,  0,  0,  0,  0,  0,  0,  0,  0,  0,  0,  0,  0,  0,  0,  0,  0,  0,  0,  0, ],
[ 0,  0,  0,  0,  0,  0,  0,  0,  0,  0,  6,  0,  0,  0,  0,  0,  0,  0,  0,  0,  0,  3, 14,  0, ],
[ 0,  0,  0,  0,  0,  0,  0,  0,  0,  0,  0,  0,  0,  0,  0,  0,  0,  0,  0,  0,  0,  0,  0,  0, ],
[ 0,  0,  0,  0,  0,  0,  2,  0,  0,  0,  0,  0,  0,  6,  0,  0,  0,  0,  0,  3,  0,  0,  0,  0, ],
[ 0,  0,  0,  0,  0,  0,  0,  0,  0,  4,  0,  0,  0,  0,  0, 10,  0,  0,  0,  0,  0, 14,  0,  7, ],
[ 0,  0,  0,  0,  0,  0,  0,  0,  0,  0, 12,  0,  0,  0,  0,  0,  0,  0,  0,  3,  0,  0,  0,  0, ],
[ 0,  0,  0,  0,  0,  0,  0,  0,  0,  0,  0,  0,  0, 12,  0,  0,  0,  0,  0,  0,  0,  0,  6,  0, ],
[ 0,  0,  0,  7,  0,  0,  0,  0,  0,  0,  0,  0,  8,  0,  8,  0,  0,  0,  0,  0,  0,  0,  0,  0, ],
[ 0,  0,  0,  0,  0,  0,  0,  0,  0,  0,  0,  0,  0,  0,  0,  0,  9,  7,  0,  0,  0,  0,  0,  0, ],
[ 0,  0,  0,  0,  0,  0,  0,  6,  0,  0,  0, 14,  0, 12,  0,  0,  0,  0,  0,  0,  0,  0,  0,  0, ],
[ 0,  0, 11,  0,  0,  0,  0,  0,  0,  0,  0,  0,  0,  0,  0,  0,  0,  0,  0,  0,  0,  0,  0,  0, ],
[ 0,  0,  0,  7,  0,  0,  0,  0,  0,  0,  0,  0,  0,  0,  0,  0,  0,  0,  0,  0,  0,  0,  0,  0, ],
[ 0,  0,  0,  0,  0,  0,  0,  0,  0,  9,  0,  3,  0,  0,  0,  0,  0,  0,  0,  0,  0,  0,  0,  0, ],
[ 0,  0,  0,  0,  0,  0,  0,  0,  0,  0,  0,  0,  0,  0, 14,  0,  0,  0,  6,  0,  0,  0,  0,  0, ],
[ 0, 13,  0,  0,  0,  8,  0,  0,  4,  0,  0,  0, 11,  0,  0,  0,  0,  0,  6,  0,  0,  0,  0,  0, ],
[ 0,  0, 13,  0,  0,  0,  0,  0,  0,  0, 14,  0,  0,  0,  0, 14,  0,  0,  0,  0,  0,  0,  0,  0, ],
[ 0,  0,  0,  0,  0,  9,  0,  0,  0,  0,  0,  0,  0,  0,  0,  0,  0,  0,  5,  0,  0,  0,  0,  0, ],
[ 0,  0,  0,  0,  0,  0,  0,  0,  0,  0,  0,  0,  0,  0,  0,  0,  0,  0,  0,  0,  0,  0,  0,  0, ],
[ 0,  0, 11,  0,  0,  0,  0,  0,  0,  0,  0,  0,  0,  0,  0,  0,  0,  0,  0,  0, 13,  0,  0,  0, ],
[ 0,  0,  0,  0,  0,  0,  0,  0,  0,  0, 10,  0,  0,  0,  0,  0,  0,  0,  0,  0,  0,  0,  0,  0, ],
[ 0,  0,  0,  0,  0,  0,  0,  0,  0,  0,  0,  0,  0,  0,  0,  0,  0,  0,  0,  0,  0,  0,  0,  0, ],
[ 0,  6,  0,  0,  0,  0,  0,  0,  0,  0,  0,  0,  0,  0,  0,  0,  0,  0,  0,  0,  0, 11,  0,  0, ],
[ 0,  0,  0,  6,  0,  0,  0,  0,  0,  0, 11,  0,  0,  0, 11,  0,  0,  0,  0,  0,  0,  0,  0,  0, ],
[ 0,  0,  0,  0,  0,  0,  0,  0,  0,  0,  0,  9,  0,  0,  0,  0,  0,  0,  0,  0,  0,  0,  0,  0, ],
[ 0,  0,  0,  0,  0,  0,  0,  0,  0,  0,  0,  0,  0,  0,  0,  1,  0,  0,  0,  0,  0,  0,  0,  0, ],
[ 0,  0,  0,  0,  1, 11,  0,  0,  0,  0,  0,  0,  0,  0,  0,  0,  0,  0,  0,  0,  0,  0,  0,  0, ],
[ 0,  0,  0,  1,  0,  0,  0,  0,  0,  0,  0,  0,  0,  9,  0,  0,  0,  0,  3,  0,  0,  0,  0,  0, ],
[ 0,  0,  0,  0,  0,  0,  0,  0,  0,  0,  0,  0,  0,  0,  0,  0,  0,  0,  0,  0,  0,  0,  0,  0, ],
[ 0,  0,  0,  0,  0,  0,  0,  0,  0,  0,  6,  0,  0,  9,  0,  0,  0,  0,  0,  0,  0,  0,  0,  0, ],
[ 0,  0,  0,  0,  7,  0,  0,  0,  0,  0,  0,  0,  0,  0,  0,  0,  0,  0,  0,  7,  0,  0,  0,  0, ],
[ 0,  0,  0,  0,  0, 14,  0,  0,  0, 11,  0,  0,  0,  0,  0,  0,  0, 11,  0,  6,  0,  0,  0, 14, ],
[ 0,  0,  0,  0,  0,  0,  0,  0,  0,  0,  0, 13,  0,  0,  0,  0,  0,  0,  0,  0,  0,  0,  0,  0, ],
[ 0,  0,  0,  0,  0,  0,  0, 12,  0,  8,  0,  0,  0,  0,  0,  0,  0,  0,  0,  0,  7,  0,  0,  5, ],
[ 0,  0,  0,  0, 12,  8,  0,  0, 13,  0,  0,  0,  0,  0,  0,  0,  0,  0,  0,  0,  0, 14,  0,  0, ],
[ 0,  0,  0,  0,  0,  0,  7,  0,  0,  0,  0,  0,  0,  0,  0,  0,  0,  0,  0,  0,  0,  0,  0,  0, ],


[0.2925, -0.9909, ],
[0.5886, -0.3285, ],
[0.0574, -0.0985, ],
[0.5467, -0.2577, ],
[-0.4878, -0.4958, ],
[-0.0936, 0.3018, ],
[0.3224, 0.7596, ],
[0.8189, -0.0763, ],
[0.6413, -0.3337, ],
[0.3237, 0.3345, ],
[0.2961, -0.9371, ],
[-0.2840, 0.5657, ],
[-0.8503, 0.3055, ],
[-0.6398, -0.8009, ],
[0.7871, 0.1790, ],
[-0.4081, -0.6032, ],
[-0.8421, 0.3201, ],
[-0.7774, 0.4301, ],
[-0.5137, -0.8415, ],
[-0.4336, -0.7378, ],
[0.6698, -0.7255, ],
[1.0000, 0.0331, ],
[-0.3070, 0.7683, ],
[0.6684, -0.4477, ],
[-0.8115, -0.9520, ],
[-0.9117, -0.1017, ],
[0.1725, 0.6861, ],
[-0.1895, -0.7076, ],
[0.6458, -0.1981, ],
[-0.9751, -0.0090, ],
[0.0234, 0.7808, ],
[0.4383, -0.5817, ],
[-0.0447, -0.6965, ],
[-0.9554, 0.5594, ],
[-0.8135, -0.3919, ],
[-0.3751, 0.4633, ],
[-0.0922, 0.7387, ],
[0.1639, -0.9710, ],
[-0.6272, -0.0683, ],
[0.2524, -0.6596, ],
[0.3511, 0.9747, ],
[-0.7989, -0.3576, ],
[0.3156, 0.7464, ],
[0.4384, -0.4951, ],
[-0.7894, -0.0522, ],
[-0.7945, -0.8619, ],
[-0.8318, 0.0033, ],
[0.4634, 0.9648, ],
[0.8328, -0.1622, ],
[0.8998, 0.3767, ],
[-0.0775, 0.3139, ],
[-0.9585, 0.5894, ],
[-0.3887, -0.1432, ],
[-0.4752, -0.9858, ],
[0.7051, 0.2408, ],
[0.4419, 0.1039, ],
[0.1593, 0.9073, ],
[0.2362, -0.3916, ],
[0.1432, -0.2213, ],
[0.3916, 0.0677, ],
[0.5095, -0.9637, ],
[-0.8538, -0.5834, ],
[-0.1673, 0.9204, ],
[-0.7481, -0.4631, ],
[0.9630, -0.1407, ],
[0.1026, 0.5952, ],
[-0.5680, 0.1283, ],
[0.0717, -0.1654, ],
[0.1183, -0.5955, ],
[-0.7672, 0.0423, ],
[-0.7834, 0.5320, ],
[0.7872, 0.1652, ],
[0.3295, -0.3392, ],
[0.4576, -0.3479, ],
[-0.1799, 0.9871, ],
[-0.2772, -0.7050, ],
[0.9496, -1.0000, ],
[0.5658, -0.4896, ],
[-0.7015, 0.0177, ],
[-0.1711, -0.2813, ],
[-0.0089, -0.0219, ],
[-0.3934, -0.1160, ],
[-0.8905, 0.1944, ],
[0.1728, -0.9568, ],
[0.2559, -0.3022, ],
[0.8193, -0.1610, ],
[0.8937, -0.7614, ],
[0.2730, -0.2147, ],
[-0.4445, 0.4457, ],
[0.5041, 0.0454, ],
[-0.4487, 0.5098, ],
[0.9996, -0.8513, ],
[0.9959, -0.9553, ],
[0.6243, -0.9298, ],
[-0.9556, 0.6487, ],
[0.6456, 0.1023, ],
[-0.6008, -0.0005, ],
[0.6673, -0.8991, ],
[-0.7903, -0.8880, ],
[-0.7256, 0.2007, ],


[19.0000, ],
[4.0000, ],
[3.0000, ],
[14.0000, ],
[2.0000, ],
[6.0000, ],
[5.0000, ],
[4.0000, ],
[4.0000, ],
[1.0000, ],
[10.0000, ],
[10.0000, ],
[0.0000, ],
[3.0000, ],
[10.0000, ],
[13.0000, ],
[2.0000, ],
[6.0000, ],
[5.0000, ],
[0.0000, ],
[10.0000, ],
[5.0000, ],
[14.0000, ],
[10.0000, ],
[11.0000, ],
[4.0000, ],
[2.0000, ],
[4.0000, ],
[5.0000, ],
[0.0000, ],
[0.0000, ],
[11.0000, ],
[2.0000, ],
[8.0000, ],
[5.0000, ],
[0.0000, ],
[4.0000, ],
[3.0000, ],
[3.0000, ],
[16.0000, ],
[2.0000, ],
[15.0000, ],
[3.0000, ],
[2.0000, ],
[7.0000, ],
[11.0000, ],
[6.0000, ],
[4.0000, ],
[10.0000, ],
[8.0000, ],
[4.0000, ],
[9.0000, ],
[12.0000, ],
[4.0000, ],
[0.0000, ],
[4.0000, ],
[5.0000, ],
[14.0000, ],
[10.0000, ],
[6.0000, ],
[16.0000, ],
[10.0000, ],
[5.0000, ],
[10.0000, ],
[4.0000, ],
[2.0000, ],
[9.0000, ],
[0.0000, ],
[6.0000, ],
[13.0000, ],
[6.0000, ],
[7.0000, ],
[9.0000, ],
[6.0000, ],
[11.0000, ],
[4.0000, ],
[3.0000, ],
[5.0000, ],
[7.0000, ],
[16.0000, ],
[12.0000, ],
[5.0000, ],
[0.0000, ],
[8.0000, ],
[4.0000, ],
[0.0000, ],
[7.0000, ],
[11.0000, ],
[3.0000, ],
[1.0000, ],
[5.0000, ],
[6.0000, ],
[0.0000, ],
[6.0000, ],
[6.0000, ],
[19.0000, ],
[4.0000, ],
[12.0000, ],
[15.0000, ],
[3.0000, ],


