[ 4,  0,  0,  0,  0,  0,  0, 11,  0,  0,  0,  0,  0,  0,  2,  2,  0,  0,  0,  0,  0,  1,  0,  0, ],
[ 0,  0,  0,  0,  0,  0,  0,  2,  0,  0,  0,  0,  0,  0,  0,  0,  0,  0,  0,  0,  0,  0,  0,  0, ],
[ 0,  0,  0,  0,  0,  0,  9,  0,  0,  0,  0,  0,  0,  0,  0,  0,  0,  0,  0,  0,  0,  2,  0,  0, ],
[ 0,  0,  0,  0,  0,  0,  0,  0,  0,  0,  0, 12,  0,  0,  0,  0,  0,  0,  0,  0,  0,  0,  0,  0, ],
[ 4,  0,  0,  0,  0, 12,  0,  0,  0,  0,  0,  0,  0, 11,  0, 12,  6,  0,  0,  0,  0,  0,  0,  0, ],
[ 0,  0,  0,  0, 14,  0,  0,  0,  0,  0,  0,  0,  0,  0,  0,  0,  0,  0,  0,  0,  0,  0,  0,  2, ],
[ 0,  0,  0,  0,  0,  0,  0,  1,  0,  0,  0,  0,  0,  0,  0,  0,  0,  0,  0,  0,  0,  0,  0,  0, ],
[ 0,  0,  0,  0,  0,  0,  0,  0,  6,  0, 10,  0,  0,  0,  0,  0,  0,  0,  0,  0,  0,  0,  0,  0, ],
[ 0,  0,  0,  0,  0,  0,  0,  0,  0, 13,  0,  0,  0,  0,  0,  0,  0,  0,  0,  0,  0, 13, 14,  0, ],
[ 0,  0,  0,  0,  0,  0,  0,  0,  0,  3,  0,  0,  0,  0,  0,  0,  0,  0,  0,  0,  0,  7,  0,  0, ],
[ 0,  0,  0,  0,  0,  0,  0,  0,  0,  0,  0,  0,  1,  0,  0,  0,  0,  0,  0,  0,  0,  0,  0,  0, ],
[ 0,  0,  0,  0,  0,  0,  0,  0,  0,  0,  0,  0,  0, 14,  0, 13,  0,  0,  0,  0,  0,  0,  0,  0, ],
[ 0,  0,  0,  4,  0,  0,  0,  0,  1,  0,  0,  0,  0,  0,  0,  0,  0,  0,  0,  0,  0,  0,  0,  0, ],
[ 0,  0,  0,  0,  0,  0,  0,  2,  0,  0,  0,  0,  0,  9,  0,  0, 12,  0,  4,  0,  0,  0,  0,  0, ],
[ 0,  0,  0,  0,  0,  0,  0,  0,  0, 13,  0,  0,  0,  0,  0,  0,  0,  0,  0,  0,  0,  1,  0,  0, ],
[ 0,  0,  5,  0,  0,  0,  0,  0,  0,  0,  0,  0,  0, 13,  0,  0,  0,  0,  0,  0,  2,  3,  0,  0, ],
[ 0,  8,  0,  0,  0,  0,  0,  0,  0,  0,  0,  0,  7,  0,  2,  0,  0,  0,  2,  0,  0,  0,  0,  0, ],
[ 0,  0,  0,  5,  0,  0,  0,  0,  0,  0,  0,  9,  0,  0,  0,  0,  0,  0,  0,  0,  0,  0,  0,  0, ],
[ 0,  0,  0,  0,  0,  0,  0,  0,  0,  0,  0,  0,  7,  0,  0,  2,  0,  0,  0,  0,  0,  0,  5,  0, ],
[ 0,  0,  0,  0,  0,  0,  0,  0,  0,  0,  0,  0,  0,  0,  0,  0,  0,  0,  0,  0,  0,  0,  1,  0, ],
[ 0,  0,  0,  0,  0,  0,  0,  0,  0,  6,  0,  0,  0,  0,  0, 14,  0,  0,  0,  0, 14,  0,  0,  0, ],
[ 0,  0,  0,  0,  0,  0,  0,  0,  0,  5,  0,  0,  0,  0,  0,  0,  5,  2,  0,  0,  0,  0,  0,  0, ],
[ 0,  0,  0,  0,  0,  0,  0,  0, 10,  0,  0,  0,  0,  0,  0,  0,  0,  0,  0,  0,  0,  0,  0,  0, ],
[ 0,  0,  8,  0,  0,  0,  8, 11,  0,  0,  0,  0,  0,  0,  0, 11,  0,  0,  0,  0, 12,  0,  0,  0, ],
[ 0,  0,  0,  6,  0,  0,  0,  9,  8,  0,  0,  0,  0,  0,  0,  0,  0,  0,  0,  0,  0,  0,  8,  0, ],
[ 0,  0,  0,  0,  0,  0,  0,  0,  0,  0,  2,  0,  0,  0,  0,  0,  0,  0,  0,  0,  0,  0,  0,  0, ],
[ 0,  0,  7,  0,  0,  0,  8,  0,  0,  0,  0,  0,  0,  2,  0, 13,  0,  0,  0,  0,  0,  0,  0,  0, ],
[ 0,  0,  0,  0,  9,  0,  0,  0,  7,  0,  0, 12,  0,  0,  0,  0,  0,  0,  0,  0,  0, 13,  0,  0, ],
[ 0,  0,  9,  0,  0,  0,  0,  0, 13,  0,  0,  0,  0,  0,  6,  0,  0,  0,  0,  0,  0,  0,  0,  0, ],
[ 0,  0,  0,  0,  0,  0,  0,  0,  4, 10,  0,  0,  0,  0,  0,  0,  0,  0,  0,  0,  0,  0,  0,  0, ],
[ 0,  0,  0,  0,  0,  0,  0,  0,  0,  0,  0,  0,  0,  0,  0,  0,  0,  0,  0,  0,  0,  0,  0,  0, ],
[ 0,  0,  0,  5,  0,  0,  0,  0,  0,  0, 11,  0,  0,  2,  0,  0,  6,  0,  0,  1,  0,  0,  0,  0, ],
[ 0,  0,  0,  0,  0,  0,  0,  0, 12,  0,  0,  0,  0,  0,  0,  0,  0,  0,  0,  0,  0,  0,  0,  0, ],
[ 0,  0,  0,  0,  0,  0,  0,  5,  0,  0,  0,  0,  0,  0,  0,  1,  0,  0,  0,  0,  0,  0,  0,  0, ],
[ 0,  0,  0,  0,  0,  0,  0,  7,  0,  0,  0,  0,  0,  0,  0,  7,  0,  3,  9,  0,  0,  0, 10,  0, ],
[ 0,  0,  0,  0,  0,  0,  9,  0,  0,  0,  0,  0,  0,  0,  0,  0,  0,  0,  0,  0, 11,  0,  0,  0, ],
[ 0,  0,  0,  0,  0,  0,  0,  0,  0,  0,  0,  0,  0,  0,  0,  0,  0,  0,  0,  0,  0,  0,  0,  0, ],
[ 0,  0,  0,  0,  0,  0,  0,  0,  0,  0,  0,  0,  0,  0,  0, 11,  0,  0,  0,  0,  0,  0,  0,  0, ],
[ 0,  0,  0,  0,  0,  0,  0,  0,  0,  0,  0,  4,  0,  0,  0,  0,  0,  0,  0,  0,  5,  0,  0,  0, ],
[12,  0,  0,  0,  0,  0,  0,  0, 14,  0,  0,  0,  0,  0,  0,  0,  0,  0,  0,  0,  0,  0,  0,  0, ],
[ 0,  0,  0,  0,  0,  0,  0,  0,  0,  0,  0,  0,  0,  0,  0,  0,  4,  0,  0,  0,  0,  0,  0,  0, ],
[ 0,  0,  0,  0,  0,  0,  0,  0,  0, 10,  0, 10,  0,  0,  0,  0,  0,  0,  0,  0,  0,  0,  0,  0, ],
[ 0,  0,  0,  0,  0,  0,  0,  0,  0,  0,  0, 12,  0,  0,  0,  0,  8,  0,  0,  0,  0,  0,  0,  0, ],
[ 0,  0,  0,  0,  0,  0,  0,  0,  0,  0,  0,  0,  0, 10,  0,  0,  0,  0,  0,  0,  0,  0,  0,  0, ],
[ 8,  0,  0,  0,  0,  0,  0,  0,  0, 14, 12,  0,  0,  4,  0,  0,  0,  0,  7,  0,  0,  0,  0,  0, ],
[ 0,  0,  0,  0,  0,  0,  0,  0,  0,  0,  0,  0,  0,  0,  0,  0,  0,  0,  0,  2,  0,  0,  0,  0, ],
[ 0,  0,  0,  0,  0,  1,  0,  0,  5,  5,  0,  0,  0,  0,  0,  0,  0,  0,  0,  0,  0,  6,  0,  0, ],
[ 0,  0,  4,  0,  0,  0,  0,  0,  0,  0, 10,  0,  0,  0,  0, 10,  0, 10,  0,  0,  0,  0,  0,  0, ],
[ 0,  0,  8,  0,  0,  0,  3,  0,  0,  0,  0,  0,  0, 10,  0,  0, 12,  0,  0,  0,  0,  0,  0,  0, ],
[ 0,  0,  0,  0,  0,  0,  5,  0,  0,  0,  0,  0,  0,  0,  0,  0,  7,  0,  0,  0,  0,  4,  0,  0, ],
[ 0,  0,  0,  7,  0,  0,  0,  0,  0,  0,  0,  0,  0,  0,  0,  0,  0,  0,  0,  0, 13,  0,  0,  2, ],
[ 0,  0,  0,  0,  0, 10,  0,  0,  0,  3,  0,  0,  0,  0,  0,  0,  0,  7,  0,  0,  0,  0,  0,  0, ],
[ 0,  0,  0, 14,  0,  5,  0,  0, 11,  0,  0,  0,  0,  0,  0,  0,  0,  0,  0,  0,  0,  0,  0,  0, ],
[ 0,  0,  6,  0, 14,  0,  0,  0,  0,  0,  0,  0,  0,  0,  0,  0,  0,  0,  0,  0,  0,  0,  0,  0, ],
[ 0,  0,  0,  0,  0,  0,  0,  0,  0,  0,  0,  0,  0,  0,  0,  0,  0, 11,  0,  0,  0,  0,  0,  0, ],
[ 0,  0,  0,  0,  0,  0,  0,  0,  1,  0,  0,  0,  0,  0,  0,  0,  0,  0,  0,  0,  0,  0,  0,  0, ],
[ 0,  0,  0, 11, 13,  0,  0,  0,  0,  0,  0,  2,  0,  0,  0,  0,  0,  0,  0,  0,  0,  0,  0,  9, ],
[ 0,  0,  0,  0,  0,  0,  0,  0,  0,  0,  0,  0,  0,  0,  0,  0,  0,  0,  0,  0,  0,  0,  0,  0, ],
[ 0,  6,  5,  0,  0,  0,  0,  0,  0,  0,  0,  0,  0,  0,  0,  0,  3,  0,  0,  0, 11,  0,  0,  0, ],
[ 0,  4,  0,  0,  0,  0,  0,  0,  0,  0,  0,  0,  0,  0,  0,  0, 14,  0,  2,  0,  0, 12, 11,  0, ],
[ 4,  0,  0, 14,  0,  0,  0,  0,  0,  0,  0,  0,  0, 11,  0,  0,  6,  0,  0,  0,  0,  0,  0,  0, ],
[ 0,  0,  0,  0,  0,  0,  0,  0,  0,  0,  9,  0,  0,  0,  7,  0,  0,  0,  0,  0,  0,  0,  0,  8, ],
[ 0,  0,  0,  0,  0,  0,  0,  0,  0,  9,  0,  0,  0,  0,  0,  0,  0,  0,  0,  0,  0,  0, 10,  0, ],
[ 0,  0,  0,  0,  0,  0,  0,  0,  0,  0,  4,  0,  0,  0,  0,  0,  0,  0,  0,  0,  0,  0,  0,  0, ],
[ 0,  0,  0,  0,  0,  0,  0,  0,  0,  0,  0,  0,  0,  0,  0,  0,  0,  0,  0,  0,  0,  5,  0,  0, ],
[ 0,  0,  0,  0,  0,  0, 12,  0,  0,  0,  7,  0,  0,  0, 11,  8,  0,  0,  0,  0,  0,  4,  0,  0, ],
[ 0,  0,  0,  0,  0,  0,  0,  0,  0,  0,  0,  0,  0,  0,  0,  0,  0,  0,  0,  0,  0,  0,  0,  0, ],
[ 0,  0,  0, 12,  0,  0,  0,  0,  2,  0,  0,  0,  0,  0,  4,  8,  0,  0,  0,  0,  0,  0,  0,  0, ],
[ 0,  0,  0,  0,  0,  0,  0,  0, 14,  0,  0,  0,  0,  1,  0,  0,  0,  0,  0, 12,  0,  0,  0,  0, ],
[ 8,  0,  5,  0,  0,  0,  0,  0,  2,  0,  0,  0,  0,  0,  0,  0,  0,  0,  0,  0,  0,  0,  0,  0, ],
[ 0,  0,  0,  2,  0,  0,  0,  0,  0,  0,  0,  0,  0,  0,  0, 11,  0,  0, 11,  0,  0,  0,  0,  0, ],
[ 0,  0,  0,  0,  0,  0,  0,  0,  0,  0,  0,  0,  0,  0,  0,  8,  0,  0,  0,  0,  0,  0,  0,  0, ],
[ 0,  0, 12, 12,  0,  0,  0,  0,  0,  0,  0,  0,  0,  0,  0,  0,  0,  0,  0,  0,  0,  0,  0,  0, ],
[ 0,  0,  0,  0,  0,  0,  0,  0,  0,  1,  0,  0,  0,  0,  0,  0,  0,  0,  0,  0,  9,  0,  0,  0, ],
[ 0,  7,  0,  0,  0,  0,  0,  0,  0,  0,  0,  0,  0,  0,  0,  7,  0,  0,  0,  0,  0,  0,  0,  0, ],
[ 0,  0,  0,  5,  0,  6,  0,  0,  0,  0,  0,  0,  0,  7,  0,  0,  0,  0,  0,  0,  0,  0,  0, 13, ],
[ 0,  0,  0,  0,  0,  0,  0,  0,  8,  2, 13,  0,  0,  0,  0,  0,  0,  0,  0,  0,  0,  0,  0,  0, ],
[ 0,  2,  0,  0,  0,  0,  0,  0,  0,  0,  0,  0,  0,  0,  0,  0,  0,  0,  0,  0,  0,  0,  0,  0, ],
[ 0,  0,  0,  0,  0,  1,  2,  0,  0,  0,  0,  0,  0,  3,  0,  1,  0,  0, 12,  0,  0,  0,  0,  0, ],
[ 0,  8,  0,  0,  0,  0,  4,  0,  0,  0,  0,  0,  0,  0,  0,  0,  1,  0,  0,  0,  0,  0,  0,  0, ],
[ 0,  0,  0,  1,  0,  0,  0,  0,  0,  0,  0,  0,  1,  0,  0,  0,  0,  0,  0,  0,  0,  0,  2,  0, ],
[ 0,  0,  4,  9,  0, 14,  1,  0,  0,  0,  0,  0,  0,  0,  0,  0,  0,  0,  0,  0,  0,  0,  0,  0, ],
[ 0,  0,  0,  0,  0,  9,  0,  9,  0,  0,  0,  0, 10,  0,  0,  0,  0,  0,  0,  0,  0,  0,  0,  0, ],
[ 0,  0,  0,  0,  0,  0,  0,  0,  0,  0,  0,  0,  0,  0,  0,  0,  0,  0,  0,  0,  0,  0, 11,  0, ],
[ 0,  0,  0,  0,  0,  0,  0,  4,  0,  0,  0,  0,  0,  0,  0,  0,  1,  0,  0,  0,  0,  0, 13,  0, ],
[ 0,  0,  0, 13,  0,  9,  0,  0,  0,  0,  0,  0,  0,  0,  0,  4,  0,  0,  0,  0,  0,  0,  0,  0, ],
[ 0,  0,  0,  0,  1,  0,  0,  0,  0,  0,  9,  0,  0,  0,  7,  0,  0, 12,  0,  0,  0,  0,  0,  3, ],
[ 0,  0,  0,  0,  0,  0,  0,  0,  0,  0,  0,  0,  0, 12,  0,  0,  0,  0,  0,  0,  0, 12,  0,  0, ],
[ 0,  0,  0,  0, 11,  0,  0,  0,  0,  0,  0,  0,  5,  0,  0,  5,  0,  0,  0,  0,  0,  0,  0,  0, ],
[ 3,  0, 11,  0,  7,  0,  0,  0,  0,  0,  0,  0,  0,  0,  0,  0,  0,  0,  0,  0, 13,  0,  0,  0, ],
[ 0,  0,  0,  0,  0,  0,  0,  0,  0,  9,  0,  0,  0,  0,  0,  0,  0,  0,  0,  0,  0,  0,  0,  0, ],
[ 0,  0,  0,  0,  0,  0,  0,  0,  0,  0,  0, 12,  0,  0, 12,  0,  0,  0,  0,  0,  0,  0,  2,  0, ],
[ 0,  0,  1,  0,  0,  0,  0,  0,  0,  2,  0,  0,  0,  0,  0,  0,  0,  0,  0,  0,  0,  8,  0,  0, ],
[ 0,  0,  0,  0,  0,  0,  0,  9,  0,  0,  0,  0,  0,  0,  0,  0,  0,  0,  0,  0,  0,  0,  0,  9, ],
[ 0,  0,  0,  0,  0,  0,  0,  0,  7,  0,  0,  0,  0,  0,  0,  0,  0,  0,  0,  0,  0,  0,  0,  0, ],
[ 9,  0,  0,  0,  0,  0,  0,  4,  0,  0,  3,  0,  0,  0,  0,  0,  0,  0,  0,  0,  0,  0,  0,  0, ],
[ 0,  0,  0,  0,  2,  0,  0,  0,  0,  0,  0,  0,  0,  0,  0,  0,  0,  0,  0,  0, 14,  0,  0,  0, ],
[ 0, 12,  0,  0,  0,  0,  0,  0,  9,  0,  0,  0,  0,  0,  0,  0,  0,  0,  0,  0,  0,  0,  5,  0, ],
[ 0,  0,  0,  0, 12,  0,  0,  0,  0,  0,  0,  0,  0,  0,  0,  0,  0,  0,  0,  0,  0,  0,  0,  0, ],
[ 0,  3,  0,  0,  0,  0,  0,  6,  0,  0,  0,  0,  0,  0,  0,  0,  0,  0,  0,  0,  0,  0,  0,  0, ],


[0.8373, -0.1997, ],
[-0.1796, -0.2687, ],
[-0.0349, -0.4578, ],
[0.9179, 0.2335, ],
[0.6644, 0.6324, ],
[0.5352, -0.0777, ],
[-0.6841, 0.3886, ],
[0.0757, 0.1855, ],
[-0.1719, -0.6367, ],
[-0.6910, 0.2671, ],
[-0.9564, -0.0077, ],
[-0.0702, -0.4763, ],
[-0.6898, -0.7566, ],
[0.4413, 0.2255, ],
[0.5748, 0.5918, ],
[-0.5849, -0.3903, ],
[-0.3817, -0.7363, ],
[-0.0164, 0.8329, ],
[0.5040, -0.0547, ],
[-0.1299, -0.7335, ],
[0.3062, 0.1211, ],
[0.2963, 0.0863, ],
[0.6455, -0.0314, ],
[0.9756, -0.1321, ],
[0.8457, 0.0218, ],
[0.2180, -0.0819, ],
[-0.7730, -0.3705, ],
[-0.5369, -0.4795, ],
[0.1570, -0.8185, ],
[-0.4610, -0.5069, ],
[-0.6775, -0.3692, ],
[-0.0791, 0.5525, ],
[0.6718, -0.1235, ],
[0.3643, 0.8106, ],
[0.1747, -0.1683, ],
[-0.6377, 0.1971, ],
[-0.7749, 0.0045, ],
[0.4975, -0.3138, ],
[1.0000, 0.9702, ],
[0.2125, 0.5131, ],
[0.5101, 0.8597, ],
[0.0250, 0.2151, ],
[0.3320, 0.5352, ],
[0.3531, -0.6131, ],
[0.8402, -0.2216, ],
[0.2136, 0.8498, ],
[0.0297, -0.4025, ],
[-0.5838, -0.4691, ],
[-0.8431, -0.7344, ],
[0.8335, 0.9620, ],
[0.6729, -0.1825, ],
[0.0900, -0.4706, ],
[0.1344, -0.7793, ],
[0.0187, -0.6102, ],
[-0.3224, 0.3399, ],
[0.5846, -0.3786, ],
[0.7014, -0.0185, ],
[-0.9182, 0.2922, ],
[-0.3869, 0.4221, ],
[0.3231, -0.3219, ],
[0.6651, 0.1864, ],
[-0.5923, 0.1473, ],
[-0.6715, 0.0272, ],
[0.4357, 0.2495, ],
[1.0000, 1.0000, ],
[-0.3260, -0.8109, ],
[0.2930, 0.4623, ],
[0.3649, -0.7539, ],
[0.3206, 0.1330, ],
[0.8936, -0.0653, ],
[0.9327, 0.4060, ],
[0.1495, 0.4304, ],
[-0.2128, 0.2776, ],
[-0.2030, -0.3212, ],
[-0.8684, 0.6899, ],
[-1.0000, -0.1136, ],
[1.0000, -0.4425, ],
[0.2591, -0.0138, ],
[0.2929, 0.0970, ],
[1.0000, -0.2558, ],
[-0.4060, -0.9717, ],
[-0.4109, 0.6737, ],
[-0.2765, 0.9234, ],
[-0.3164, 0.8155, ],
[-0.2813, 0.0201, ],
[-0.2703, -0.4440, ],
[0.1868, 0.4968, ],
[0.7101, 0.5819, ],
[-0.3139, -0.7009, ],
[0.5093, -0.4950, ],
[-0.4185, -0.2894, ],
[-0.0294, 0.9150, ],
[-0.1894, -0.4762, ],
[0.3581, 0.2818, ],
[-1.0000, -0.9472, ],
[0.0713, 0.2009, ],
[-0.7111, 0.1822, ],
[0.6380, -0.5417, ],
[0.6764, 0.4626, ],
[0.4009, 0.8196, ],


[9.0000, ],
[1.0000, ],
[4.0000, ],
[4.0000, ],
[17.0000, ],
[5.0000, ],
[1.0000, ],
[7.0000, ],
[12.0000, ],
[5.0000, ],
[1.0000, ],
[8.0000, ],
[3.0000, ],
[10.0000, ],
[5.0000, ],
[9.0000, ],
[8.0000, ],
[5.0000, ],
[6.0000, ],
[1.0000, ],
[11.0000, ],
[5.0000, ],
[4.0000, ],
[18.0000, ],
[12.0000, ],
[1.0000, ],
[11.0000, ],
[14.0000, ],
[10.0000, ],
[6.0000, ],
[0.0000, ],
[11.0000, ],
[4.0000, ],
[3.0000, ],
[15.0000, ],
[7.0000, ],
[0.0000, ],
[4.0000, ],
[4.0000, ],
[8.0000, ],
[2.0000, ],
[8.0000, ],
[7.0000, ],
[4.0000, ],
[16.0000, ],
[1.0000, ],
[8.0000, ],
[14.0000, ],
[13.0000, ],
[7.0000, ],
[8.0000, ],
[9.0000, ],
[10.0000, ],
[7.0000, ],
[4.0000, ],
[1.0000, ],
[12.0000, ],
[0.0000, ],
[11.0000, ],
[15.0000, ],
[13.0000, ],
[9.0000, ],
[7.0000, ],
[2.0000, ],
[2.0000, ],
[16.0000, ],
[0.0000, ],
[10.0000, ],
[9.0000, ],
[6.0000, ],
[9.0000, ],
[3.0000, ],
[8.0000, ],
[4.0000, ],
[6.0000, ],
[12.0000, ],
[8.0000, ],
[1.0000, ],
[9.0000, ],
[6.0000, ],
[3.0000, ],
[10.0000, ],
[10.0000, ],
[4.0000, ],
[7.0000, ],
[9.0000, ],
[13.0000, ],
[8.0000, ],
[8.0000, ],
[13.0000, ],
[3.0000, ],
[9.0000, ],
[5.0000, ],
[6.0000, ],
[3.0000, ],
[7.0000, ],
[5.0000, ],
[9.0000, ],
[4.0000, ],
[5.0000, ],


