[ 0,  0,  0,  0,  9,  0,  0,  0,  0,  0,  3,  2,  0,  0,  0,  0,  0,  0,  0,  0,  0,  8,  0,  0, ],
[ 0,  0, 14,  0, 13,  0,  0,  0,  4,  0,  0,  0,  0,  0,  0,  0,  0,  0,  0,  0,  0,  0,  0,  0, ],
[ 0,  6,  0,  0,  0,  0,  0,  0,  0,  0,  0,  0,  0,  0,  0,  0,  0,  0,  0, 14,  0,  0,  0,  4, ],
[ 0,  0,  0,  0,  0,  0,  0,  0,  5,  0,  4, 11,  0,  0,  0,  1,  0,  0,  0,  0,  0,  0,  0,  0, ],
[ 0,  5,  0,  0,  0,  0,  0,  0,  0,  0,  0,  0,  0,  0,  0,  0,  7,  0,  0,  0,  0,  4,  0,  0, ],
[ 0,  0,  0,  0,  0,  0,  0,  0, 10,  0,  0,  0,  0,  0,  0,  0,  0,  0,  0,  0,  0,  0,  0,  0, ],
[12,  0,  0,  0,  0, 14,  0,  0,  0,  0,  0,  0,  0,  0,  0,  0,  0,  0,  0,  0,  0,  0,  0,  0, ],
[ 0,  0,  0,  0,  0,  0,  0,  0,  0,  0,  0, 14,  0,  0,  0,  1,  0,  0,  0,  0,  1,  0,  0,  0, ],
[ 0,  0,  0,  0,  0,  0,  0,  0,  0, 11,  0,  0,  0,  0,  0,  0,  0,  0,  0,  0,  0,  0,  0,  0, ],
[ 0,  0,  0,  0,  0,  0,  0,  0,  0,  0, 11,  0,  0,  0,  0, 14,  2,  0,  0,  0,  0,  4,  0,  0, ],
[ 0,  2,  0,  0,  0,  0,  2,  6,  0,  0,  0,  0,  0,  0,  0,  2,  8,  1,  0,  5,  0,  0,  0, 13, ],
[ 0,  0, 13,  0,  0,  0,  4,  0,  0, 12,  0,  0,  0,  0,  0,  0,  0, 14,  0,  0,  0,  0,  0,  0, ],
[ 0,  0,  0,  0,  0,  0,  0,  0,  0,  0,  0,  0,  0,  0,  0,  0,  0,  0,  0,  0,  0,  0,  0,  0, ],
[ 0,  0,  0,  0,  0,  0,  0,  0,  0,  0,  0,  0,  0,  0,  0,  0,  0,  0,  0,  0,  0,  0,  0,  1, ],
[ 0,  0,  0,  0,  0,  0,  0,  0,  1,  0,  0,  0,  0,  0,  0,  0,  0,  0,  0,  0,  0,  0,  0,  0, ],
[ 0,  0,  0,  0,  0,  0,  0,  0,  0,  0,  0,  0,  9,  0,  0,  0,  0,  0,  0,  0,  0,  8,  0,  0, ],
[ 0,  0,  0,  0,  0,  0,  7,  0,  0, 14, 13,  0,  9,  0,  0,  0,  0,  0,  8,  0,  0,  0,  0,  0, ],
[ 0,  0,  7,  0,  0,  0,  0,  0,  0,  0,  0,  0,  0,  0,  0,  0,  8,  0,  0,  0,  0,  0,  0,  0, ],
[ 0,  0,  0,  0,  0, 10,  0,  0,  0,  0,  0,  0,  0,  0,  0,  0,  0,  0,  0,  0, 11,  0,  0,  0, ],
[ 0,  0,  0,  0,  0,  0,  0,  0,  0,  0,  0, 12,  0,  0,  0,  0, 11,  0,  0,  0,  0,  0,  0,  0, ],
[ 0,  0,  0,  0,  0,  9,  0,  0,  0,  0,  0,  0,  0,  0,  0,  0,  0,  0,  0,  0,  0,  0,  0,  0, ],
[ 0,  0,  0,  0,  0,  0,  0,  0,  0,  0,  0,  0,  0,  0,  0,  0,  0,  0,  0,  0,  0,  0,  0,  0, ],
[ 0,  0,  0,  0,  0,  2,  6,  0,  0,  0,  0,  0,  0,  0,  4,  0,  0,  0,  0,  0,  0,  0,  0,  0, ],
[ 0,  0, 13,  0,  0,  0,  0,  0,  0,  0,  0,  0,  0,  0,  0,  0,  0,  8,  0,  0,  0,  0, 11,  0, ],
[ 0,  0,  0,  0,  1,  0,  0,  0,  1,  0,  0,  0,  0,  0,  0,  0,  0,  0,  0,  0,  0,  0,  0,  0, ],
[ 0,  0,  0,  0,  0,  0,  0,  0,  0, 10,  0,  0,  0,  0,  0,  0,  6,  0,  0,  0,  6,  0,  0,  0, ],
[ 8,  0,  0,  0,  0,  0,  0,  0,  0,  0,  0,  0,  0,  0,  0,  0,  0,  0,  0,  0,  0,  0,  5,  0, ],
[ 0,  0,  0,  0,  0,  0,  0,  0,  0,  0, 13,  0,  0,  0,  0,  0,  0,  0,  0,  4,  0,  0,  0,  0, ],
[ 0,  0,  2,  0,  0,  0,  0,  0,  0,  0,  0,  0,  0,  0,  0,  0,  0,  0,  8,  0,  0,  0,  0,  0, ],
[ 0,  0,  0,  0,  0,  0,  0,  0,  0,  0,  0,  5,  0,  0,  0,  0,  0,  0,  0,  0,  0,  0,  0,  0, ],
[ 0,  0,  0,  4,  7,  0,  0,  0,  0,  0,  0,  0,  0,  0,  0,  0,  0,  0,  0,  0,  0,  0,  0,  0, ],
[ 0,  0,  0, 10,  0,  0,  0,  0,  0,  0,  0,  0,  0,  0,  0,  0,  0,  0,  0,  0,  0,  0,  0,  0, ],
[ 0,  0,  0,  0,  0,  0,  0,  0,  0,  0,  0,  0,  0,  0,  5,  0,  0,  0,  0,  0,  0,  4,  0,  0, ],
[ 0,  0,  0,  0,  0,  0,  0,  0,  0,  0,  0,  0,  0,  0,  0,  0,  0,  0,  0,  0,  0,  0,  0,  0, ],
[ 2,  0,  0,  0,  8, 11,  0,  0,  0,  0,  0,  0,  0,  0,  0,  0,  0,  0,  0,  0,  0,  0,  0,  0, ],
[ 0,  0,  0,  0,  0,  0,  3,  8,  0,  0,  0,  0,  0,  6,  5,  0,  0,  0,  0,  0,  0,  0,  0,  0, ],
[ 0,  0, 14,  0,  0,  0,  0, 12,  0,  0,  0,  0,  0,  0,  0,  0,  4,  0,  0,  0,  0,  0,  0,  0, ],
[ 0,  0,  0,  0,  0,  0,  0,  0,  0,  0,  0,  0,  0,  0,  0,  0,  0,  0,  0,  2,  0, 10,  6,  0, ],
[ 0,  0,  8,  3,  0,  0,  0,  0,  0,  0,  0,  0,  0,  0,  0,  0,  0,  0,  7,  0,  0,  0,  0,  0, ],
[ 0,  0,  0,  0,  0,  0,  0,  0,  0,  0,  0,  0,  0,  0,  0,  0,  0,  0,  0,  0,  0,  0,  4,  0, ],
[ 0,  0,  0,  0,  0,  0,  0,  0,  0,  0,  0,  0,  0,  0,  0,  0,  0,  0,  0,  0,  0, 13,  0,  0, ],
[ 0,  0,  0,  0,  0,  0,  0,  0,  0,  0,  5,  0,  0,  0,  0,  0,  0,  0,  0,  0,  0,  0,  0,  0, ],
[ 0,  0,  0,  0,  0,  0,  0,  0,  0,  0,  0,  5,  0,  0,  0,  0,  0,  5,  0,  0,  0,  0,  0,  0, ],
[ 0,  0,  0,  0,  0,  0,  0,  0,  4, 12,  0,  0,  0,  7,  0,  0,  0,  0,  0,  0,  0,  0,  0,  0, ],
[ 0,  0, 13,  0,  0,  0,  0,  0,  0,  0,  0,  0,  0,  0,  0,  0,  0,  0,  0,  0,  0,  0,  0,  0, ],
[ 0,  0,  0,  0,  0,  0,  0,  0,  0,  0,  0,  0,  0,  5,  0,  0,  0,  0,  0,  0,  0,  0,  0,  0, ],
[ 0,  0,  0,  0,  0,  0,  0,  0,  0,  0,  0,  0,  0,  0, 11,  0,  0,  0,  0,  0,  0,  0,  0,  0, ],
[ 7,  0,  0,  0, 11,  0,  0,  0,  0,  0,  0,  0,  0,  0,  0,  0,  0,  0,  0,  0,  0,  0,  0,  5, ],
[ 0,  0,  0,  0,  0,  0,  0,  0,  0,  0,  0,  0,  0,  0,  0,  0,  0,  0,  0,  0,  0, 12,  0,  2, ],
[ 0,  8,  0,  0,  0,  2, 10,  0,  0,  0,  0,  0,  0,  0,  0,  0,  0,  0,  0,  0,  0,  0,  0,  0, ],
[ 0,  0,  0,  0,  0,  0,  0,  0,  0,  0,  0,  0,  0,  0,  0,  0,  0,  0,  0,  0,  0,  0,  0,  0, ],
[ 0,  0,  3,  0,  0,  0,  0,  0,  3,  0, 13,  0,  7,  0,  0,  6,  0,  0,  0,  0,  6,  0,  7,  0, ],
[ 0,  7,  0,  0, 10,  0,  0,  0,  0,  0,  0,  0, 13,  0,  0,  0,  0,  0,  0,  0,  0,  0,  0,  0, ],
[ 0,  0,  0,  0,  0,  0,  0,  0,  4,  0,  0,  0,  0,  0,  0,  0,  0,  8, 14,  0,  6,  3,  0,  0, ],
[ 0,  0,  0,  3,  0,  0,  0,  0,  0,  0,  0,  0,  0,  0,  3,  8,  0,  0, 14,  0,  0,  0,  0,  0, ],
[ 0, 11,  0,  2,  0,  0,  0,  0,  0,  0,  0,  0,  0,  0,  0,  0,  0,  0,  0,  0,  0,  0,  0,  0, ],
[ 0,  0,  0,  0,  0,  0,  0,  0,  0,  0,  0,  0,  0,  0,  0,  0,  0,  0,  0,  2,  0,  0,  0,  0, ],
[ 0,  0,  0,  0, 12,  0,  5, 10,  0,  0,  0,  0,  0,  0,  0,  0,  0,  0,  0,  0,  0,  0,  0,  0, ],
[ 0, 10,  0,  0,  1,  5,  0,  0,  0,  0,  0,  0,  0,  0,  0,  0,  0,  0,  0,  0,  0,  0,  0,  0, ],
[ 0,  0,  0,  0,  0,  0,  0,  0,  0,  0,  0, 10,  0,  0,  0,  0,  0,  0,  0,  0,  0,  0,  0,  0, ],
[ 0,  0,  0,  0,  0,  0,  0,  0,  0,  0,  0,  0,  0,  0,  0,  0,  0,  0,  6,  0, 11,  0,  0,  0, ],
[ 0,  0,  0,  0,  0,  0,  0,  3, 12,  0,  0,  0,  0,  0,  0,  0,  0,  0,  0,  0,  0,  0,  0,  0, ],
[ 0,  0,  0,  0,  0,  9,  0,  0,  0,  0, 12,  0,  0,  0,  6,  0,  0,  0,  0, 14,  0,  0, 10,  0, ],
[ 0,  0,  0,  0,  0,  0,  0,  0,  0,  0,  3,  0,  0,  0,  0,  0,  0,  0,  0,  0,  0, 10,  0,  0, ],
[ 0,  0,  0,  0,  0,  0,  0,  0,  6,  0,  2,  0,  0,  0,  0,  0,  0,  0,  0,  0, 12,  0,  0,  0, ],
[ 0,  0,  0,  0,  0,  0,  0,  0,  0,  0,  0,  0,  0,  0,  0,  0,  0,  0,  0,  0,  0,  0,  0,  0, ],
[ 0,  0,  0,  0,  0,  0,  0,  0,  0,  0,  0,  0,  0,  0,  0,  0,  0,  0,  0,  0,  0,  0,  0,  0, ],
[ 0,  0,  0, 13,  0,  0,  9,  0,  0,  0,  0,  0,  0,  0,  0,  0,  0,  0,  0,  0,  0,  0,  2,  0, ],
[ 0,  0,  0,  0,  0,  0,  5,  0,  0,  0,  0,  0,  0,  0,  0,  0,  0,  0,  0,  0, 12,  0,  0,  0, ],
[ 0,  0, 13,  0,  0,  0,  0,  0,  0,  0,  0,  0,  0,  0,  0,  0,  0,  0,  0,  0,  0,  0,  0,  0, ],
[ 0,  0,  0,  0,  0,  0,  0,  0,  0,  0,  0,  0,  0,  0,  5,  0,  0, 10,  0,  0,  0,  0,  0,  0, ],
[ 7,  0,  0,  0,  0,  5,  0,  0,  0,  0,  0,  0,  0,  0,  0, 12,  0,  0,  0,  0, 14,  0,  0,  0, ],
[13,  0,  0,  0,  4,  0,  0,  0,  0,  0,  0,  0,  0,  0,  0,  0,  0,  0,  0,  0,  0,  0,  0,  0, ],
[ 0,  0,  0,  3, 12,  0,  0,  0,  0,  0,  0,  0,  0,  0,  0,  0,  0,  0,  0,  0,  0,  0,  0,  0, ],
[ 0,  0,  0,  0,  0,  1,  0,  0,  0,  0,  0,  0,  0,  0,  0,  0,  0,  0,  0,  0,  1,  0,  0, 12, ],
[11,  0,  0,  0, 13,  7, 13, 10,  0,  0,  7,  0,  0,  0,  0,  0,  0,  0,  0,  0,  0,  0,  0,  0, ],
[ 0,  0,  0,  0,  0,  0,  0,  0,  0,  0,  0,  0,  0,  0,  0,  0,  0,  0,  0,  0,  0,  0,  0,  0, ],
[ 3,  0,  0,  0, 13,  0,  0,  0,  0,  0,  0,  0,  0,  7,  4,  0,  0,  0,  0,  0,  0,  0,  0,  0, ],
[ 0,  0,  0,  0,  0,  0,  6,  0,  0,  0,  0,  0,  0,  0,  0,  0, 10,  0,  2,  0,  0,  0,  0,  0, ],
[ 0,  0,  5,  0,  0,  7,  0,  0,  0, 13,  0,  0,  0,  0,  0,  5,  0,  0,  0,  0,  0,  0,  0,  0, ],
[ 0,  0, 14,  0,  2,  0,  0,  0,  0,  0,  0,  0, 10,  0,  0,  0,  0,  0,  0,  0,  0,  0,  0,  0, ],
[ 0,  0,  0,  0,  0,  0,  0,  0,  0,  0,  0,  0,  0,  0,  0,  0,  0,  0,  0,  0,  0,  0,  0,  0, ],
[ 0,  0,  0,  0,  0,  0,  0,  0,  0,  0,  0,  0,  0,  0,  0,  0,  0,  0,  0,  0,  1,  0,  0,  0, ],
[ 9,  0,  0,  0,  0,  2,  0,  0,  1,  0,  0,  0,  0,  0,  0,  8,  0,  0,  0,  0, 12,  0,  0,  0, ],
[ 0,  0,  0,  0,  0,  2,  0,  0,  0,  0,  0,  0, 10,  8,  0,  0,  0,  0,  0,  0,  0,  0,  0,  0, ],
[ 0,  0,  0,  0,  0,  0,  0,  0,  0,  0,  0,  0,  0, 11,  0,  0,  9,  0,  0,  0,  0,  0,  0,  0, ],
[ 0,  0,  0,  0,  3,  0,  0,  0,  0,  2,  0,  0,  0,  4,  0,  0,  4,  0,  0,  0,  0,  0,  0,  0, ],
[ 0,  0,  0,  0,  0,  0,  0,  0,  0,  0,  0,  0, 12,  0,  0,  0,  0,  0,  0,  2,  0,  0,  0,  0, ],
[ 0,  0,  0,  0,  0,  0,  0,  0,  0,  0,  4,  0,  0,  0,  0,  0,  0,  0,  0,  0,  0,  0,  0,  0, ],
[ 2,  0,  0,  0,  0,  0,  0,  0,  0,  0,  0,  0,  0,  0,  0,  0,  2, 14,  0,  0,  0,  0,  0,  0, ],
[ 0,  0,  0,  2,  0,  7,  0,  0,  0,  0,  0,  0,  0,  0,  0,  0,  0,  0, 10, 12,  0,  0,  0,  0, ],
[ 0,  0,  0,  0,  0,  0,  0,  0,  0,  0,  0, 12,  0,  0,  0,  0,  0,  0,  0,  0,  0,  0,  0,  0, ],
[ 0,  0,  6,  0,  0,  0,  0,  0,  0, 13,  0,  0,  0,  0,  0,  0,  0,  0,  0,  0,  0,  0,  0,  0, ],
[ 0,  0,  0,  0,  0,  0,  0,  0,  0,  0,  0,  0,  0,  0,  0,  0,  0,  0,  0,  0,  0,  3,  5,  0, ],
[ 3,  0,  6,  0,  0, 14,  4,  0,  0,  0,  0,  0,  0,  0,  0, 11,  0,  0,  0,  0,  0,  0,  0,  0, ],
[ 0,  0,  0,  0,  0,  0,  0,  0,  0,  0,  0,  0,  0,  0,  0,  0,  0,  0,  0,  0,  0,  0,  0,  0, ],
[ 0,  0,  0,  0,  0,  0,  0,  0,  0,  0,  0,  0,  0,  0,  0,  0,  0,  0,  0,  0,  0,  5,  0,  0, ],
[ 0,  0,  0,  0,  0,  0,  0,  0,  0,  0,  0, 10,  0,  0,  0,  0,  0,  0,  0,  0,  0,  0,  0,  0, ],
[ 0,  0,  0,  0,  6,  0,  0,  0,  2,  4,  0,  0,  0,  0,  0,  0,  0,  0,  0,  5,  0,  0,  0,  0, ],
[ 0,  0,  6,  0,  0,  0,  0,  0,  0,  0,  0,  0,  0,  0,  0,  0,  0,  0,  0,  0,  0,  7,  0, 14, ],


[0.3561, 0.9463, ],
[-0.1874, 0.8746, ],
[0.4252, 0.4835, ],
[0.7290, -0.0946, ],
[0.3431, -0.8616, ],
[0.0955, 0.5253, ],
[0.0940, 0.4189, ],
[0.1851, 0.2742, ],
[-0.1628, 0.3737, ],
[-0.1351, -0.4082, ],
[0.5199, 0.1699, ],
[-0.0484, -0.4334, ],
[-0.3449, -0.0723, ],
[-0.9457, 0.6827, ],
[0.2508, 0.6881, ],
[-0.4344, 0.2010, ],
[0.8672, -0.6528, ],
[-0.1929, -0.6419, ],
[-0.0489, 0.4748, ],
[0.1556, 0.4718, ],
[-0.5099, -0.4769, ],
[-1.0000, 0.1723, ],
[-0.3713, -0.6082, ],
[0.4003, 0.4290, ],
[0.2640, 0.0218, ],
[-0.1361, 0.1004, ],
[-0.7257, 1.0000, ],
[0.2420, 0.4179, ],
[-0.1583, 0.3919, ],
[-0.0990, -0.7779, ],
[0.1003, -0.4202, ],
[-1.0000, 0.8753, ],
[-0.6994, -0.9548, ],
[0.3569, 0.2929, ],
[-0.5362, -0.3497, ],
[-0.5448, 0.9586, ],
[0.6953, 0.0755, ],
[0.4898, -0.1493, ],
[0.7378, 0.2445, ],
[0.6345, 0.5545, ],
[0.5362, -0.3540, ],
[0.0428, 0.6161, ],
[-0.9575, -0.5568, ],
[0.4919, -0.2363, ],
[-0.5516, -0.2032, ],
[-0.0052, -0.5516, ],
[0.6880, 0.9764, ],
[-0.0541, -0.9834, ],
[-0.3610, 0.3348, ],
[0.9915, -0.7869, ],
[-0.3117, -0.6376, ],
[0.6291, 0.6418, ],
[0.3039, 0.5180, ],
[0.1847, -0.9282, ],
[-0.2312, -0.1881, ],
[0.1676, 0.3979, ],
[-0.5643, -0.0377, ],
[0.4183, 0.1073, ],
[0.2319, -0.9147, ],
[-0.1589, 0.4154, ],
[0.1120, -0.7001, ],
[1.0000, 0.0478, ],
[-0.8850, -0.8168, ],
[0.1213, 0.2548, ],
[-0.7563, 0.2230, ],
[0.2207, -0.1964, ],
[0.5955, -0.7458, ],
[-0.7931, -0.4456, ],
[0.4451, 0.0154, ],
[-0.7781, -0.1987, ],
[-0.7447, -0.4076, ],
[-0.5937, -0.9487, ],
[1.0000, 0.6533, ],
[-0.8794, 0.1383, ],
[0.5004, 0.6744, ],
[-0.9355, -0.2893, ],
[-0.8456, 0.1505, ],
[-0.7223, 0.6683, ],
[1.0000, 0.4022, ],
[-0.5269, -0.8370, ],
[0.4891, 0.8161, ],
[0.5123, 0.2707, ],
[0.3140, 0.8628, ],
[-0.5411, -0.9894, ],
[0.5278, 0.9210, ],
[-0.0291, -0.8511, ],
[-0.1607, 0.5066, ],
[-0.8731, 0.7182, ],
[-0.0851, -0.8659, ],
[-0.5581, 0.4670, ],
[-0.3429, -0.6482, ],
[0.3918, -0.6424, ],
[-0.1723, -0.7720, ],
[0.6450, -0.2181, ],
[-0.3572, 0.5704, ],
[0.2360, -0.0964, ],
[0.4374, 0.1456, ],
[-0.7070, 0.0912, ],
[-0.1311, -0.7767, ],
[0.5344, 0.8220, ],


[9.0000, ],
[10.0000, ],
[9.0000, ],
[9.0000, ],
[7.0000, ],
[4.0000, ],
[8.0000, ],
[6.0000, ],
[4.0000, ],
[11.0000, ],
[16.0000, ],
[14.0000, ],
[0.0000, ],
[1.0000, ],
[1.0000, ],
[6.0000, ],
[17.0000, ],
[6.0000, ],
[8.0000, ],
[8.0000, ],
[3.0000, ],
[0.0000, ],
[6.0000, ],
[11.0000, ],
[2.0000, ],
[10.0000, ],
[5.0000, ],
[6.0000, ],
[4.0000, ],
[2.0000, ],
[5.0000, ],
[4.0000, ],
[4.0000, ],
[0.0000, ],
[8.0000, ],
[10.0000, ],
[10.0000, ],
[8.0000, ],
[8.0000, ],
[2.0000, ],
[4.0000, ],
[2.0000, ],
[4.0000, ],
[9.0000, ],
[4.0000, ],
[2.0000, ],
[4.0000, ],
[9.0000, ],
[5.0000, ],
[8.0000, ],
[0.0000, ],
[20.0000, ],
[11.0000, ],
[14.0000, ],
[11.0000, ],
[5.0000, ],
[1.0000, ],
[10.0000, ],
[7.0000, ],
[4.0000, ],
[7.0000, ],
[6.0000, ],
[18.0000, ],
[6.0000, ],
[8.0000, ],
[0.0000, ],
[0.0000, ],
[8.0000, ],
[6.0000, ],
[4.0000, ],
[6.0000, ],
[13.0000, ],
[6.0000, ],
[6.0000, ],
[6.0000, ],
[22.0000, ],
[0.0000, ],
[11.0000, ],
[8.0000, ],
[11.0000, ],
[9.0000, ],
[0.0000, ],
[1.0000, ],
[12.0000, ],
[8.0000, ],
[7.0000, ],
[7.0000, ],
[5.0000, ],
[2.0000, ],
[6.0000, ],
[12.0000, ],
[4.0000, ],
[7.0000, ],
[4.0000, ],
[15.0000, ],
[0.0000, ],
[2.0000, ],
[4.0000, ],
[8.0000, ],
[10.0000, ],


