[ 0, 12,  0,  0,  0, 12,  0,  0,  0, 13,  0,  0,  0,  0,  0,  0,  0,  0,  0,  0, 11,  0,  0,  0, ],
[ 0,  0,  0,  0,  0,  0,  9,  0,  0,  0,  0,  0,  7,  0,  0,  0,  0,  8,  0,  0,  0,  0,  0,  0, ],
[ 0,  0, 12,  0,  0,  0,  0,  0,  0,  0,  0,  0,  0,  0,  0,  0,  7,  0,  0,  0,  0,  0,  0,  0, ],
[ 0,  0,  0,  0,  0,  0,  0,  0,  0,  0,  0,  0,  0,  0,  0,  0,  0,  0,  0,  0,  0,  0,  0,  0, ],
[ 0,  0,  0,  0,  0,  0,  0,  0,  0, 14,  0,  0,  0,  0,  0,  0,  0,  0,  0,  0,  0,  0,  0,  0, ],
[ 0,  0,  0,  0,  0,  0,  0,  0,  0,  0,  0,  0,  0,  0,  0,  9,  0,  0,  0,  0,  0,  0,  0,  0, ],
[ 0,  0,  0,  0,  0,  0,  0,  0,  0,  0,  0,  0,  0,  0,  0,  0,  0,  0,  0,  0,  2,  0,  8,  0, ],
[ 0,  0,  0,  0,  0,  0,  0, 10,  0,  0,  0,  0,  0,  0, 13,  0,  0,  0,  0,  0, 14,  0,  0,  0, ],
[ 0,  0,  0,  0,  0,  0,  0,  0,  0,  0,  0,  0,  0,  0,  0,  0,  0,  0,  0,  0,  2,  0,  3, 14, ],
[ 0,  0,  4,  0,  0,  0,  0,  0,  0,  0,  0,  0,  0,  0,  0,  0,  0,  2,  0,  0,  0,  0,  0,  0, ],
[ 0,  0,  0,  0,  0,  0,  0,  0,  0,  6,  0,  0,  0,  0,  1,  9, 11,  0,  0,  0,  0,  8,  0,  0, ],
[ 0,  0,  0,  0,  0,  0,  0,  0,  0,  0,  0,  0, 14,  0,  8,  0,  0,  0, 11,  0,  0,  0,  0,  0, ],
[ 0,  1,  0,  0, 12,  0,  0,  0,  0,  0,  0,  0,  0,  0,  0,  0,  0,  0,  8,  5,  0,  0,  0,  0, ],
[ 0,  0,  0,  0,  1,  0,  0,  0,  0,  0,  0,  0,  0,  0,  0,  0,  0,  0,  0,  0,  0,  0,  0,  0, ],
[ 0,  0,  0,  0,  0,  0,  0,  0,  0,  0,  0,  0,  0,  0,  0,  0,  0,  0,  0, 13,  0,  7,  0,  0, ],
[ 0,  0,  0,  2,  0,  0,  0,  0,  0,  0,  0,  0,  0,  0,  0,  0,  0,  0,  0,  0,  0,  0,  0,  0, ],
[ 0,  0,  0,  0,  0,  0,  8,  1,  8,  0,  0,  0,  0,  0, 10, 11,  0,  0,  0,  0, 12,  0,  0,  7, ],
[ 0,  0,  0,  0,  0,  0,  0,  0,  0,  0,  0,  4,  0,  0,  0,  0,  0, 11,  0,  0,  0,  0,  0,  0, ],
[ 0,  0,  0,  0,  0,  0,  0,  0,  0,  0,  0, 14,  0,  0,  2,  0,  0,  0,  1,  0,  0,  0,  0,  0, ],
[ 8,  0,  0,  0,  0, 12,  0,  0,  0,  0,  0, 14,  0,  0,  0,  0,  0,  0,  0,  0,  0,  0,  0,  0, ],
[ 0,  0,  0,  0,  0,  0,  0,  0,  0,  0,  0,  0,  0,  1,  0,  0,  0,  0,  0,  0,  0,  0,  7,  0, ],
[ 0,  0,  0,  0,  0,  4,  0,  0,  0,  0,  0,  0,  0,  0,  0,  0,  0, 14,  0,  0,  0,  0,  0,  0, ],
[ 0,  0,  0,  0,  0,  3,  0,  0,  0,  0,  0,  0,  0,  0,  0,  0,  0,  0,  0,  0,  0,  0,  0,  0, ],
[ 0,  0,  0,  0,  0,  9,  0,  0,  0,  0,  0,  0,  0,  0,  0,  0,  0,  0,  0,  0,  0,  0,  0,  0, ],
[ 0,  0,  7,  0,  0,  0,  0,  0,  0,  0,  0,  0,  0,  0,  0,  0,  0,  0,  0,  0,  0,  0,  0,  0, ],
[ 0,  0,  0,  0,  0,  0,  0,  0,  0,  0,  0,  0,  0,  0,  0,  0,  0,  0,  0,  0,  0,  0,  0,  0, ],
[ 0,  0,  0,  0,  0, 11,  0,  0,  0,  8,  0,  0,  0,  0,  0,  0,  0,  0,  0,  6,  0,  0,  0,  0, ],
[ 0,  0,  0,  0,  1,  0,  0,  4,  0,  0,  0,  8,  0,  0,  9, 11,  0,  0,  0,  0,  0,  0,  5,  0, ],
[ 2,  0,  0,  0,  0,  0,  0,  0,  0,  0,  0,  0,  0,  0,  0,  0,  0,  0,  0,  2,  0,  0,  0,  0, ],
[ 0,  0,  0,  0,  0,  0,  0,  0,  0,  4,  0,  0,  0,  0,  0,  0,  7,  0,  0,  0,  0,  0,  0,  0, ],
[ 0,  0,  0,  0,  0,  7,  0,  7,  0,  0,  0,  0, 11,  0,  0,  3,  0,  0,  0,  3,  0,  0,  0,  0, ],
[ 0,  0,  0,  0,  0,  0,  0,  0,  6,  0,  0,  0,  0,  0,  0,  0,  0,  0,  0,  0,  0,  0,  0,  0, ],
[ 0,  0,  0,  0,  0,  0,  0,  0,  0, 11,  0,  0,  0,  0,  0,  0,  0,  0,  0,  0,  0,  0,  0,  0, ],
[ 0,  0,  0,  0,  0,  0,  0,  5,  0,  0,  0,  0,  0,  0,  0,  0,  0,  0,  0,  0,  0,  0, 14, 12, ],
[ 0,  0,  0,  0,  0,  0,  7,  0, 13,  0,  0,  0,  0,  0,  0,  0,  0,  0,  6,  0,  0,  1,  0,  0, ],
[ 0,  0,  0,  0,  0,  0,  0,  5,  0,  0,  0,  0,  0,  0,  0,  0,  0,  1,  0,  0,  0,  0,  0,  0, ],
[ 0,  0,  0,  0,  0,  0,  0,  0,  0,  0,  0,  0,  0,  0,  0,  0,  0,  0,  0,  0,  0,  0,  0, 11, ],
[ 2,  0,  0,  0,  0,  0,  0,  0,  0,  0,  0,  0,  0,  0,  0,  0,  0,  0,  6,  0,  0,  0,  0,  0, ],
[ 0,  0,  0,  0,  0,  0, 14,  0,  0,  0,  0,  0,  0,  0,  0,  8,  0,  0,  0,  0,  0,  0,  0,  0, ],
[ 0,  0,  0,  0,  0,  0,  0,  8,  0,  0,  0,  0,  0,  0,  0,  0,  0,  0,  8,  0,  9,  0,  0,  0, ],
[ 0,  2,  0,  0,  0,  0,  0,  0, 10,  0,  0,  0,  0,  0,  0,  0,  1,  0,  0, 12,  0,  0,  0,  0, ],
[ 0, 10,  0,  8,  0,  8,  9,  0,  0,  0,  1,  0,  0,  0,  0,  0,  0,  0,  0,  0,  0,  0,  0,  0, ],
[ 0,  0,  0,  4,  0,  0,  0,  0,  0,  0,  0,  0,  0,  0,  0,  0,  0,  0,  0,  0,  0,  0,  0,  0, ],
[ 0,  0,  0, 12,  0,  0,  0,  0,  0,  0,  0,  0,  0,  0,  0,  0,  0,  0,  0,  0,  0,  0,  0,  0, ],
[ 3,  0,  0,  2,  0,  0,  0,  0,  0,  0,  0,  0,  0,  0,  0,  0,  0,  0,  0,  0,  0,  0,  0,  0, ],
[ 0,  0,  0,  0,  0,  0,  0,  0,  0,  0,  0,  0,  0,  0,  0,  0,  0,  3,  0,  0,  0,  0,  0,  7, ],
[ 0,  0,  4,  0,  0,  0, 10,  0,  2,  0,  6,  0,  0,  0,  0,  0,  0,  0, 14,  0,  0,  0,  0,  0, ],
[12,  0,  0,  0,  0,  0,  0,  0,  0,  0,  0,  0,  0,  0,  0,  0,  0,  0,  0,  0,  0,  0,  0,  0, ],
[ 0, 12,  0,  0,  0,  0,  0,  0,  0,  0,  0, 10,  0,  0,  0,  0,  0,  2,  0,  0,  0,  0,  6,  0, ],
[ 0,  0,  0,  0,  0,  0,  0,  0,  0,  0,  0,  0,  0,  0,  0,  0,  0,  3,  0,  0,  0,  0,  0,  0, ],
[ 8,  0,  0,  0,  0,  0,  8,  0,  0,  0,  0,  0,  0,  0,  0,  0,  0,  2,  0,  0,  0,  0,  0,  0, ],
[ 0,  0,  0, 14,  0,  0,  0,  0,  6,  0,  0,  0,  0,  8,  0,  0,  0,  0,  0,  3,  0, 11,  0,  0, ],
[ 0,  0,  0,  0,  0,  0,  0,  0,  0,  0,  0,  0,  6,  0,  0,  0,  0,  0,  0,  0,  0,  0,  0,  0, ],
[ 0,  0, 12,  0,  0,  0,  0,  0,  0,  0,  0,  0,  0, 13,  0,  0,  0,  9,  0,  0,  0,  0,  0,  0, ],
[ 0,  0,  0,  0,  0,  0,  0,  0,  0,  0,  0,  0,  0,  0,  0,  0,  0,  0,  0,  0,  0,  0,  0,  0, ],
[ 0,  0,  0,  0,  0,  0,  0,  0,  0,  0,  0,  0,  0,  0,  5,  0,  0,  0,  0,  0,  0,  0,  0,  0, ],
[ 0,  8,  0,  0,  0, 11,  0,  0,  0,  0,  0,  0,  0,  0,  0,  0,  0,  0,  7,  0, 14,  0,  0,  0, ],
[ 0,  0,  0,  0,  0,  0,  0,  0, 12,  0,  0,  9,  0,  0,  0,  0,  0,  0,  0,  0, 13,  0,  0,  0, ],
[ 0,  0,  0,  0,  0,  0,  1,  0,  0,  9,  0,  0,  0,  0,  0,  0,  0,  0,  0,  0,  0,  0,  0, 12, ],
[ 0,  0,  0,  0,  0,  9,  0,  0,  0,  0,  0,  0,  0,  0,  0,  0,  0,  0, 14,  0,  0,  0, 12,  7, ],
[ 0,  4,  0,  0,  0,  0,  0,  0,  0,  0,  0,  0,  0,  0,  0,  8,  0,  1,  2,  0,  0,  0,  0,  0, ],
[ 0,  0,  0,  0,  0,  0,  0,  0, 10,  0,  9,  0,  0,  0,  0,  0,  0,  0,  0,  0,  0,  0,  0,  0, ],
[ 0,  0,  0,  0,  0,  0,  0,  0,  0,  0,  0, 14,  1,  0,  0,  0,  0,  0,  0,  0,  0,  0,  0,  0, ],
[ 0,  0,  3,  0,  0,  0,  0,  0,  0,  0,  0,  0,  2,  0,  0,  0,  0,  0,  0,  0,  0,  0,  0,  0, ],
[ 0,  0,  0,  0,  0,  0,  0,  0,  0,  0,  0,  0,  0,  0,  0,  7, 12,  0,  9,  0,  0,  0,  0,  0, ],
[ 0, 10,  0,  2, 11,  0,  0,  0,  0,  0,  0,  0,  0,  0,  1, 14,  0,  0,  0,  0,  0,  0,  0,  0, ],
[ 0,  0,  0,  0,  0,  0,  0,  0,  0,  0,  0,  0,  0,  0,  0,  4,  0,  0,  0, 11,  9,  1,  0,  0, ],
[ 0,  0,  0,  0,  0,  0,  0,  0,  0,  0,  0,  0,  0,  0,  0,  0,  0,  0,  0,  0,  0,  0,  0, 10, ],
[ 0, 12,  0,  0,  0,  0,  3,  0,  0,  0,  0,  0,  0,  0,  0,  0,  1,  0,  0,  0,  0,  0,  0,  0, ],
[ 0,  3,  0,  0,  0,  0,  0,  0,  0,  0,  0,  0,  0,  0,  0,  0,  0,  2,  0,  0,  0,  0,  0,  0, ],
[ 0,  0,  0,  0,  0,  0,  0,  0,  7,  0,  0,  0,  0,  0,  0,  0,  0,  0,  0,  0,  4,  0,  0,  0, ],
[ 0,  0,  0,  0,  0,  0,  0,  0,  0,  0,  0,  2,  0,  0,  0,  0,  3,  0,  0,  0,  0,  0,  0,  0, ],
[ 0,  0,  0,  0,  0,  3, 13,  0,  1,  0,  0,  0,  0,  0,  6,  5,  0,  0,  2,  0,  0,  0,  0,  2, ],
[ 9,  0,  0,  0,  0,  0,  5,  0,  0,  0,  0,  9,  0,  0,  0,  0, 14, 13,  0,  0,  0,  0,  0,  0, ],
[ 0,  0,  0,  0,  0,  0,  0,  0,  0,  0,  0,  0,  0,  0, 13,  6,  0,  0, 11, 10,  0,  0, 12,  0, ],
[ 0,  0,  0,  0,  0,  0,  0,  0,  0,  0,  0,  8,  0,  0,  0,  0,  0,  7,  0,  0,  0,  0,  0,  9, ],
[ 0,  0,  0,  0,  0,  0,  0,  0,  0,  0,  0,  3,  0,  0,  0,  0,  0, 11, 10,  0,  0,  0,  0,  0, ],
[ 0,  0,  2,  0,  0,  0,  0,  0,  0,  0,  0,  3,  0,  0, 12,  0,  0,  0,  0,  0,  0,  0,  0,  0, ],
[ 0,  0,  0,  0,  0,  0, 13,  0,  0,  0,  0,  0,  0,  0,  0,  5,  0,  0,  0,  0,  0,  0,  4,  0, ],
[ 0,  0,  0,  0,  0,  0,  0,  0,  0,  0,  0,  0,  0,  0,  0, 14,  0,  0,  0,  0,  0,  7,  0,  0, ],
[ 0,  0,  0,  0,  0,  0,  0,  0,  0,  0,  0,  0,  0,  0,  0,  0,  0,  0,  0,  0,  0,  0,  0,  0, ],
[ 0,  0,  0,  0,  0,  0,  0,  0,  0,  0,  0,  0,  0,  0,  0,  0,  0,  0,  4,  0,  0,  0, 10,  0, ],
[ 0,  0,  0,  0,  0,  0,  0,  0, 12,  5,  0,  0,  0,  0,  0,  0,  0,  0,  0,  0,  0,  0,  0,  0, ],
[ 0,  0,  0, 12,  0,  0,  0,  0,  0,  0,  0,  0,  0, 14,  0,  0, 13,  0,  0,  0,  0,  0,  0,  0, ],
[ 0,  0,  0,  0,  7,  0,  0,  0,  0,  0,  0,  0,  0,  0,  0,  0,  0,  0,  0,  0,  0,  0,  0,  0, ],
[ 0,  0,  0,  0,  0,  0,  4,  7, 12,  0,  0,  0,  0,  0,  0,  0,  0,  0,  0,  0,  0,  0,  0,  0, ],
[ 0,  0,  0,  0,  0,  4,  0,  0,  0,  0,  0,  0,  0, 12,  0,  0,  0,  0,  0,  0,  0, 14,  0,  9, ],
[ 0,  0,  0,  3,  0,  0,  0,  0,  0,  0,  0,  0, 13, 12,  0,  0,  0,  0,  0,  1,  0,  0,  0,  5, ],
[ 0,  0,  0,  0,  0, 14,  9,  1,  0,  0,  0,  0,  0,  0,  0,  0,  0,  0,  0,  0,  0,  0,  0,  0, ],
[ 0,  0,  0,  0,  0,  0,  0,  0,  0,  0,  0,  0,  0,  0,  0,  0,  0,  0,  0,  0,  0,  0,  0,  0, ],
[ 0,  0,  6,  0,  0,  0, 10, 12,  0,  0,  0,  0,  0,  0,  0,  0,  0,  0,  0,  0,  0,  0, 11,  0, ],
[ 0,  0,  0,  0,  0,  0,  0,  5,  0,  0,  0,  0,  0,  0,  0,  0,  0,  0,  8,  3,  0,  0,  0,  0, ],
[ 0,  0,  0,  0,  0,  0,  0,  0,  0,  0,  0,  0,  0,  0,  7,  0,  0,  0,  0,  0,  1,  0,  0,  0, ],
[ 0,  0,  0,  0,  0,  0,  9,  0,  0,  0,  0,  0,  0,  0,  0,  0,  0,  0,  0,  0,  9, 11,  0,  0, ],
[ 0,  0,  0,  0,  7,  0,  0,  0,  0,  0,  0,  0,  0,  0,  0,  0,  0,  0,  0,  0,  5,  0,  0,  0, ],
[ 0,  0,  0,  0,  0,  0,  0,  0, 13,  0,  0, 10,  6,  0,  0,  0,  0,  0,  0,  0,  0,  0,  0,  0, ],
[ 0,  0,  0,  0, 11,  0,  0,  8,  0,  0,  0,  0,  0,  0,  0,  2,  0,  0,  0,  0,  0,  0,  0,  0, ],
[ 0,  0,  0,  0,  0,  0,  0,  0,  0,  0,  0,  0,  0,  0,  0,  0,  0,  0,  0,  0,  0,  0,  0,  0, ],
[ 0,  0,  0,  0,  0,  0,  0,  7,  0,  0,  0,  0,  0,  0,  7,  0, 10,  0,  0,  0,  0,  0,  0,  0, ],
[ 0,  0,  0,  0,  0,  0,  0,  0,  0,  3,  0,  9,  0,  5,  0,  0,  0,  0,  0,  0,  0,  0,  0,  0, ],


[-0.8548, -0.0861, ],
[0.2472, 0.4916, ],
[0.6059, -0.4079, ],
[0.6429, 0.2179, ],
[-0.5196, -0.8213, ],
[-0.6977, 1.0000, ],
[0.0051, 0.2522, ],
[0.9827, -0.7422, ],
[-0.7275, -0.3264, ],
[-0.2348, -0.2722, ],
[0.9982, 0.2542, ],
[0.7533, 0.0698, ],
[-0.2038, -0.3339, ],
[-0.9166, 0.1516, ],
[-0.3033, 0.0718, ],
[0.2738, -0.9017, ],
[0.2808, -0.7033, ],
[-0.4903, -0.7316, ],
[-0.5586, 0.1607, ],
[0.3889, -0.4715, ],
[0.0981, -0.4615, ],
[-0.6010, 0.2884, ],
[0.1043, 0.0350, ],
[0.2399, 0.4026, ],
[-0.8285, 0.4937, ],
[-0.1717, -0.6409, ],
[0.3721, 0.6768, ],
[0.0949, -0.1733, ],
[-0.3744, 0.3246, ],
[-0.8381, 0.9004, ],
[0.7894, 0.5705, ],
[-0.0452, -0.3029, ],
[-0.7441, -0.0900, ],
[0.4737, -0.8797, ],
[0.4114, 0.3191, ],
[0.1341, -0.6785, ],
[0.1570, 0.2094, ],
[0.4650, 0.9245, ],
[0.3115, -0.5564, ],
[-0.0025, -0.1536, ],
[-0.2164, 0.3745, ],
[0.4090, -0.7676, ],
[-0.3307, 0.5188, ],
[0.0797, -0.8519, ],
[0.6638, -0.5946, ],
[-0.5664, -0.1406, ],
[-0.3810, -0.3325, ],
[-0.0211, 0.8729, ],
[-0.1974, -0.2438, ],
[-0.8965, -0.9017, ],
[-0.2043, -0.3470, ],
[0.8468, 0.0150, ],
[0.9303, 0.7512, ],
[-0.5320, -0.2967, ],
[0.8990, -0.7752, ],
[0.1216, -0.3930, ],
[-0.4846, 0.5206, ],
[0.8004, 0.9572, ],
[-0.7775, 0.8538, ],
[0.7425, -0.6961, ],
[0.0691, 0.5671, ],
[-0.8328, -0.1291, ],
[0.9134, 0.1349, ],
[0.4113, 0.3318, ],
[-0.7632, 0.4787, ],
[-0.9500, -0.7702, ],
[0.3031, -0.8501, ],
[-0.1772, 0.2791, ],
[-0.6948, -0.9175, ],
[0.5534, 0.2695, ],
[0.8985, -0.4287, ],
[0.4691, 0.4864, ],
[-0.8292, -0.4942, ],
[0.8853, 0.1492, ],
[-0.2180, -0.6092, ],
[0.3909, 0.9512, ],
[0.2601, -0.3199, ],
[0.0971, -0.3893, ],
[-0.0124, -0.7460, ],
[0.0828, 0.0610, ],
[-0.4797, 0.4710, ],
[0.3747, 0.0721, ],
[0.1590, -0.6146, ],
[-0.2819, 0.4880, ],
[-0.9201, 0.0184, ],
[0.9448, 0.5785, ],
[-0.2862, -0.5163, ],
[0.7668, 0.2591, ],
[-0.6310, -0.6138, ],
[-0.0229, 0.4399, ],
[-0.2293, 0.3504, ],
[-0.9278, -0.7829, ],
[0.2584, 0.3853, ],
[0.8028, 0.4676, ],
[0.1494, -0.6177, ],
[-0.5605, 0.6077, ],
[-0.5693, 0.7144, ],
[-0.0906, -0.0959, ],
[-0.4403, 0.3657, ],
[0.0151, 0.2410, ],


[16.0000, ],
[9.0000, ],
[7.0000, ],
[0.0000, ],
[4.0000, ],
[3.0000, ],
[4.0000, ],
[12.0000, ],
[7.0000, ],
[3.0000, ],
[14.0000, ],
[11.0000, ],
[10.0000, ],
[1.0000, ],
[7.0000, ],
[1.0000, ],
[22.0000, ],
[6.0000, ],
[6.0000, ],
[11.0000, ],
[4.0000, ],
[6.0000, ],
[2.0000, ],
[3.0000, ],
[3.0000, ],
[0.0000, ],
[10.0000, ],
[15.0000, ],
[2.0000, ],
[5.0000, ],
[14.0000, ],
[3.0000, ],
[4.0000, ],
[10.0000, ],
[11.0000, ],
[3.0000, ],
[4.0000, ],
[4.0000, ],
[7.0000, ],
[9.0000, ],
[10.0000, ],
[14.0000, ],
[2.0000, ],
[4.0000, ],
[3.0000, ],
[5.0000, ],
[14.0000, ],
[4.0000, ],
[12.0000, ],
[2.0000, ],
[7.0000, ],
[16.0000, ],
[3.0000, ],
[11.0000, ],
[0.0000, ],
[2.0000, ],
[14.0000, ],
[11.0000, ],
[8.0000, ],
[14.0000, ],
[7.0000, ],
[7.0000, ],
[5.0000, ],
[3.0000, ],
[10.0000, ],
[14.0000, ],
[10.0000, ],
[4.0000, ],
[7.0000, ],
[3.0000, ],
[5.0000, ],
[3.0000, ],
[14.0000, ],
[16.0000, ],
[19.0000, ],
[9.0000, ],
[10.0000, ],
[7.0000, ],
[8.0000, ],
[7.0000, ],
[0.0000, ],
[6.0000, ],
[6.0000, ],
[12.0000, ],
[3.0000, ],
[9.0000, ],
[13.0000, ],
[13.0000, ],
[8.0000, ],
[0.0000, ],
[15.0000, ],
[7.0000, ],
[4.0000, ],
[10.0000, ],
[5.0000, ],
[11.0000, ],
[8.0000, ],
[0.0000, ],
[10.0000, ],
[7.0000, ],


