[ 0,  0,  8,  0,  0,  0,  7,  0,  0,  0,  0,  0,  0,  0,  0,  0,  0,  0,  0,  0,  0,  0,  0,  0, ],
[ 0,  0,  0,  0,  9,  0,  0,  0,  0,  0,  0,  0,  0,  0,  0,  0,  0,  0,  0,  4,  0,  0,  0,  0, ],
[ 0,  0,  0,  0,  0,  0,  0,  3,  0,  0,  0,  0,  0,  0,  0,  0,  0,  0,  0,  0,  0,  0, 10,  0, ],
[ 0,  0,  0,  0,  2,  0,  0,  3,  0,  0,  0,  0,  0,  0,  0,  1,  0,  0,  0,  0,  0,  0,  0,  0, ],
[ 0,  0,  0,  0,  0,  0,  0,  0,  0,  0, 12, 10,  0,  8,  0,  0,  0,  0,  0,  0,  0,  0,  0,  0, ],
[ 0,  0,  0,  0,  0,  0,  0,  0,  7,  0,  0,  5,  0,  0,  0,  0,  0,  0,  0,  0,  0,  0,  0,  0, ],
[ 0,  0,  0,  0,  0,  0,  0,  0,  0,  0,  0,  0,  0,  4,  0,  0,  0,  0,  0,  0,  7,  0,  0,  0, ],
[ 0,  0,  0,  0, 10,  1, 12,  0,  0,  0, 10,  0,  0,  0,  0, 10,  0,  0,  0,  0,  0, 13,  0,  0, ],
[ 0,  0,  0,  0,  0, 14,  0,  0,  0,  0,  0,  0,  0,  0,  0,  0,  0,  0,  0,  0,  0,  0,  0,  0, ],
[ 0,  0,  0,  0,  0,  0,  0,  0,  0,  0,  0,  0,  0,  0,  0,  0,  0, 13,  0, 14,  0,  0,  0,  0, ],
[ 0,  0,  0,  0,  0,  0,  8,  0,  0,  0,  0,  0,  0,  0,  0,  0,  0,  0,  2,  0,  0,  0,  0,  0, ],
[ 0,  0,  0,  0,  0,  0,  0,  0,  0,  0,  0,  0,  0,  0,  0,  0,  0,  0,  8,  0,  0,  0,  0,  0, ],
[ 0,  7,  0,  0,  0,  0,  0,  0, 11,  0,  0,  0,  0,  0,  0,  0,  0,  0,  0,  0,  0,  3,  0,  0, ],
[ 0,  0,  0,  0,  0,  0,  0,  5,  0,  0,  0,  1,  0,  0,  0,  0,  0,  7,  0,  0,  0,  0,  0,  0, ],
[ 0,  0,  0,  0,  0,  0,  3,  0,  0,  0,  0,  0,  0,  0,  4,  0,  0,  0,  4,  0,  0,  0,  0,  0, ],
[ 0,  0,  0,  0,  0,  0,  0,  0,  0,  0,  0,  0,  0,  0,  0,  0,  0,  0,  0,  0,  0,  0,  0,  0, ],
[ 0,  0,  0,  1,  0,  0,  0,  6,  0,  0,  0,  0,  0,  0,  0,  0,  0,  0, 10,  0,  0,  0,  0,  0, ],
[ 0,  0,  0,  0,  0,  0,  0,  0,  0,  0, 11,  0,  0,  0,  0,  1,  0,  0,  0,  0,  0,  0,  0,  0, ],
[ 0,  0,  0,  0,  0,  0,  0,  0,  0,  0,  5, 10,  0,  0,  0,  0,  0,  0,  0,  0,  0, 11,  0,  0, ],
[ 0, 14,  0,  0,  0,  0,  0,  0,  0,  0,  0,  0,  0,  0,  0,  0,  0,  0,  0,  0,  0,  0,  0,  0, ],
[ 0,  0,  0,  0,  0,  0,  0,  0,  0,  0,  0,  0,  0,  5,  0,  0,  0,  6,  0,  0,  0,  0,  0,  0, ],
[ 0,  0,  0,  0,  0,  0,  0,  0,  0,  0,  0,  0,  0,  0,  0,  0,  0,  0,  0,  0,  0,  0,  0,  0, ],
[ 0,  0,  0,  0,  0,  2,  0,  0,  0,  0,  0,  0,  0,  0,  0,  0,  0,  0,  0, 12,  0, 11,  0,  0, ],
[ 0,  0,  0,  0,  0,  0,  0,  0,  0,  0,  0,  0,  0,  0,  0,  0,  0,  0,  0,  0,  0,  0,  0,  0, ],
[ 0,  0,  0,  0,  0, 10,  0,  0,  0,  0,  0,  0,  3, 13,  0,  0,  9,  0,  0,  0,  0,  0,  0,  3, ],
[ 0,  0,  0,  0,  0,  0,  0,  0,  0,  0,  0,  0,  0,  0,  0,  0,  0,  0,  0,  0,  0,  0,  0,  0, ],
[ 9,  0,  0,  0,  0,  0,  0,  0,  0,  0,  0,  0,  0,  0,  0,  0,  3,  0,  0,  0,  0,  0,  8,  0, ],
[ 0,  0,  0,  0,  0,  0,  0,  0,  0,  0, 14,  0,  0,  0,  0,  0,  0,  0,  0, 14,  0, 13,  8,  0, ],
[ 0,  0,  0,  0,  0,  0,  0,  0,  0,  0,  0,  0,  0,  0,  0,  0,  0,  0,  0,  6,  0,  4,  0,  0, ],
[14,  0,  0,  0,  0,  0,  0,  0,  0,  6,  0,  0,  0,  0,  0,  0,  0,  0,  0,  0,  0,  0,  0,  0, ],
[ 0,  0,  0,  0,  0,  0,  0,  0,  6,  4,  0,  0,  0,  0,  0,  0,  0,  0, 14,  0,  0,  0,  0,  0, ],
[ 8,  0,  0,  0,  9,  0,  0,  5,  0,  0,  0,  0,  0, 14,  0,  6,  0,  0,  0,  0,  0,  0,  0,  0, ],
[ 0,  0,  0,  0,  0,  0,  0,  0,  9,  0,  0,  0,  0,  0,  0,  0,  0,  0,  0,  0,  0,  0,  0,  0, ],
[ 0,  0,  0,  0,  0,  0,  0,  0,  0,  0,  0,  0,  9,  0,  0,  0, 12,  0,  0,  0,  0,  0,  0,  0, ],
[ 0,  0,  0,  0,  0,  0,  0,  0,  0,  0,  0,  0,  0,  0,  0,  0,  0,  0,  0,  0,  0,  0,  0,  0, ],
[ 0,  0, 11,  0,  0,  0,  0,  0,  0,  0,  0,  0,  0,  0,  0,  0,  4,  0,  0,  0,  0,  0,  0,  0, ],
[ 0,  0,  0,  0,  0,  0,  0,  0,  0,  5,  0,  0,  0,  0,  0,  0,  0,  0,  1,  0,  0,  0, 14,  0, ],
[ 0, 10,  0,  0,  0,  0,  0,  0,  0,  0,  0,  0,  0,  0,  0,  0,  0,  0,  8,  0,  0,  0,  0,  0, ],
[ 0,  0,  1,  0,  0,  0,  0,  0,  0,  0,  0,  8,  2,  0,  0,  0,  0,  0,  0,  0,  0,  0,  0,  0, ],
[ 0,  7, 12,  0,  0,  0,  0,  0, 14,  0,  0,  0,  0,  0, 12,  0,  0,  0,  0,  0,  0,  0,  0,  0, ],
[ 0,  0,  0,  0,  0,  0,  0,  0,  0,  0,  0,  0,  0,  0,  0,  0,  0,  0,  0,  0,  0,  0,  0,  1, ],
[ 0,  0,  0,  0,  0,  0,  0,  0,  0, 14,  7,  0,  0,  0,  0,  0,  0,  0,  0,  0, 10,  0,  0,  0, ],
[ 0,  0,  0,  0,  0,  0,  0,  0, 13,  0,  0,  9,  0,  0,  6,  0,  0,  0,  0,  0,  1,  0,  0,  0, ],
[ 0,  0,  0, 14,  9,  0,  0,  0,  0,  5,  0,  6,  0,  0,  0,  4, 10,  0,  0,  0,  0,  0,  0,  0, ],
[ 0,  0,  0,  0,  0,  0,  0, 14,  0, 11,  0,  0,  0,  0,  0,  0,  0,  0,  0,  0,  0,  0,  0,  0, ],
[ 0,  0,  0, 13,  0,  0,  0,  0,  0,  0,  0,  0,  0,  0, 14,  0,  0,  0,  0,  0,  0,  0,  0,  0, ],
[ 0,  0,  0,  0,  0,  0,  0,  0,  0,  0,  0,  0,  0,  0,  0,  0,  0,  6,  0,  0,  0,  0,  0,  0, ],
[ 0,  0,  0,  0,  0,  0,  0,  0,  0,  0,  0,  0,  0,  0,  5,  0,  0,  0, 12,  0,  0,  0,  0,  0, ],
[ 0,  0,  0,  0,  7,  0,  0,  0,  0,  0,  0,  0,  0,  0,  0,  0, 13,  0,  8,  0,  0,  0,  0,  0, ],
[ 0,  0,  0,  0,  0,  0,  0,  0,  0, 11,  0,  0,  0,  0,  0,  0,  0,  0,  0,  0,  0,  0,  0,  0, ],
[ 0,  0,  0,  0,  0,  0,  0,  5,  0,  0,  0,  0,  0,  0,  0,  0,  0,  0,  0,  0,  0,  0,  0,  0, ],
[ 0,  0,  0,  2,  9,  0,  0, 14,  0,  0,  0,  0,  0,  0,  0,  0,  0,  0,  0,  0,  0,  0,  0,  0, ],
[ 0,  0,  0,  0,  0,  0,  0,  0,  0,  0,  0,  0,  0,  0,  0,  0,  0, 12,  0,  0,  0,  0,  0,  0, ],
[ 2,  1,  0,  0,  0,  0,  0,  0,  0,  5,  0,  0,  0,  3,  0,  0,  0, 10,  0,  0,  4,  0,  0,  0, ],
[ 0,  1,  0,  3,  0,  8,  0,  0,  0,  0,  0,  0,  0,  0,  0,  0,  0,  0,  0,  0,  0,  0,  0,  0, ],
[ 0,  0,  0,  0,  0,  0,  0,  0, 12,  0,  0,  0,  0,  0,  0,  0,  0,  0,  0,  0,  0,  0,  0,  4, ],
[ 0,  8,  7,  0,  8,  0,  0,  0,  0,  0,  0,  0,  0,  5,  0,  0,  0,  0,  0,  0,  0,  0,  7,  0, ],
[ 0,  8,  0,  0,  0,  0,  0,  0,  0, 14,  0,  0,  0,  0,  0,  0,  0,  0,  0,  0,  0,  0,  0,  0, ],
[ 0,  0,  0,  0,  0,  0,  0,  0,  0,  0,  0,  0,  0,  0,  0,  0,  0,  0,  0,  0,  0,  0,  0,  0, ],
[ 0,  0, 13,  0,  0,  0,  0,  0,  0,  0,  0,  0,  0,  0,  0,  0,  0,  0,  0,  0,  0,  0,  0,  0, ],
[ 0,  0,  0,  0,  0,  0,  0,  0,  0,  0,  0,  0,  0,  0,  0,  0,  0,  0,  0,  0,  0,  0,  0,  0, ],
[ 0,  0,  0,  0,  0,  0,  0,  0,  0,  0,  0,  0,  0,  0,  0,  0,  0,  0,  0,  0,  0, 13, 11,  0, ],
[ 0,  0,  0,  0,  0,  0,  0,  0,  0,  0,  0,  0,  0,  0,  0,  0, 11,  0,  0,  2,  0,  0,  0,  0, ],
[ 0,  0,  0,  0,  0,  0,  6,  0,  0,  0,  9,  0,  0,  0,  0,  0,  0,  0,  0,  7,  0,  5,  0,  0, ],
[11,  0,  0,  0,  0,  1,  0,  0,  0,  0,  0,  0,  0,  0,  0,  0,  0,  0,  0,  0,  0,  4,  0,  0, ],
[ 0,  0,  6,  0,  0,  0,  0,  0,  0,  0,  0,  0,  0,  0,  0,  0,  0,  0,  0,  0,  5,  0,  0,  0, ],
[ 0,  5, 12,  0,  0,  0,  0,  0,  0,  0,  0, 12,  0,  0,  0,  6,  0,  0,  0,  7,  0,  0,  0,  0, ],
[ 0,  0,  0,  2,  0,  1,  0,  0,  0,  0,  0,  0,  0,  0,  0,  0, 13,  0,  0,  4, 14,  0,  0,  0, ],
[ 0,  7,  0,  0,  4,  0,  0,  0,  0,  0,  0,  0,  0,  0,  0,  0,  0, 13,  0,  0,  0,  0,  0,  0, ],
[13,  0,  0,  0,  0,  0,  0,  0,  0,  0,  0,  0,  0,  0,  0,  6,  0,  0,  0,  0,  0,  0,  0,  0, ],
[ 0,  0,  0,  2,  0,  0,  0,  0,  0,  0,  0,  0,  0,  0,  0,  0,  0, 13,  0,  0,  0,  0,  0,  0, ],
[ 0,  0,  7,  0,  0,  0,  0,  0,  0,  0,  0,  0,  0,  0,  0,  0,  0,  0,  0,  0,  0,  0,  0,  0, ],
[ 0,  0,  0,  0,  0,  0,  0,  0,  0,  0,  0,  0,  0,  0,  0,  0,  0,  0,  0,  5,  0,  0,  0,  6, ],
[ 0,  0,  0,  0,  0,  0,  0,  0,  0,  0,  7,  0,  1,  0,  0,  0,  0,  0,  0,  0,  0,  0,  0,  0, ],
[ 0,  0,  0,  0,  0, 14,  0,  0,  0,  0,  0,  0,  0,  0,  0,  0,  0, 11,  0,  0,  0,  0,  0,  0, ],
[ 1,  0,  0,  0,  0,  0,  4,  4,  0,  0,  0,  0,  0,  0,  0,  0,  0,  0,  0,  0,  0,  0,  0,  0, ],
[ 0,  0,  0,  0,  0,  0,  0,  0,  0,  0,  0,  0,  3,  0,  0,  0,  0,  0,  0,  0,  0,  0,  0,  0, ],
[ 1,  0,  7,  0,  0,  0,  0,  0,  0,  0,  0,  0,  0,  0,  0,  6,  0,  7,  0,  0, 12,  0,  0,  0, ],
[ 0,  0,  0,  0,  0,  0,  0,  0,  0,  0,  0,  0,  0,  0,  0,  0,  0,  4,  0,  0,  0,  0,  0,  0, ],
[ 0,  0,  0,  0,  6,  0,  0,  0,  0,  0,  9,  0,  0,  0,  3,  0,  0,  0,  0,  0,  0,  0,  0,  0, ],
[ 0,  0,  0,  0,  0,  0,  0,  0,  0,  0, 10,  0,  0,  0,  0,  0,  0,  0,  0,  0,  0,  0,  0,  0, ],
[ 0,  0,  0,  0,  0,  0,  0,  0,  0,  0,  0,  0,  0,  5,  0,  0,  0,  0,  0,  0,  0,  0,  0,  0, ],
[ 0,  0,  0,  0,  0,  0,  0,  0,  0,  0,  0,  0,  0, 12,  0,  0,  5,  0,  0,  0,  2,  0,  0,  0, ],
[ 0,  0,  0,  0,  0,  0,  0,  0,  0,  0,  0,  0,  0,  0, 11,  0,  0,  0,  0,  0,  0,  0,  0,  0, ],
[ 0,  0,  0,  7,  2,  5,  0,  0,  0,  0,  0,  0,  0,  0,  0,  0,  0,  0,  0,  0,  0,  0,  0,  0, ],
[ 0,  0,  0,  0, 11,  0,  0,  0,  0,  0,  0,  0,  0,  0,  0,  0,  0,  0,  0,  0,  0,  0,  0,  0, ],
[ 0,  1,  0,  0,  0,  0,  0,  0,  0,  0,  0, 10,  0,  0,  0,  0,  0,  0,  0,  0,  0, 12,  0,  0, ],
[ 0,  0,  0,  0,  0,  1,  0,  0,  0,  0,  0,  0,  0, 13,  0,  0,  0, 12,  0,  0,  0,  0,  0,  0, ],
[ 0,  0,  0,  0,  0,  0,  0,  0,  3,  0,  9,  0,  0,  0,  0,  0,  0,  0,  0,  0,  0,  0,  0,  3, ],
[ 0,  0, 11,  0,  0,  0,  0,  0,  0,  0,  0,  0,  0,  0,  0,  0,  0,  0,  0,  4,  0,  0,  0,  0, ],
[ 0,  0,  0,  0,  0,  0,  0,  0,  0,  0,  0,  0,  0,  0,  0,  0,  0,  0,  0,  0,  0,  0,  0,  0, ],
[ 0,  0,  0,  0,  0,  0,  0,  0,  0,  0,  0,  0,  0,  0,  0,  0,  0,  0,  0,  0,  0,  0,  0,  0, ],
[ 0,  0,  0,  3,  0,  0,  0,  0,  0,  0,  0,  0,  0,  0, 10, 12,  0,  0,  0,  0,  4,  0,  0,  0, ],
[ 0,  0, 12,  0,  6,  0,  5,  0,  0,  0,  0,  0,  0,  0,  0,  0,  0,  0,  0,  0,  0,  0,  0,  0, ],
[ 0,  0,  0,  0,  0,  0,  0,  0,  0,  0,  0,  0,  0,  0,  0,  2,  0,  0,  0,  0,  0,  0,  0,  0, ],
[ 0,  0,  0,  0,  0,  0,  5, 10,  0,  0,  0,  0,  0,  0,  0,  0,  0,  7,  0,  0,  0,  0,  0,  0, ],
[ 0,  0,  0,  0,  0,  0,  0,  0,  0,  0,  0,  0,  0,  0,  0,  0,  0,  8,  0,  0,  0,  0,  0,  0, ],
[ 0,  0,  0,  0,  0,  9,  0,  0,  0,  0,  0,  0,  0,  0,  0,  0,  0,  0,  0,  0,  0,  0,  0,  0, ],
[ 0,  0,  0,  0,  0,  0,  0,  0,  0,  0,  0,  0,  0,  0,  0,  0,  0,  0,  0,  0, 12,  0,  0,  0, ],
[ 0,  0,  0,  0,  0,  0,  0,  0,  0,  0,  0,  0,  0,  0,  0,  0,  0,  0,  0,  4,  0,  0,  0,  0, ],


[0.3964, 0.2204, ],
[-0.8979, -0.4155, ],
[0.7343, -0.2285, ],
[0.6979, -0.9097, ],
[-0.3733, -0.8616, ],
[-0.1053, -0.6823, ],
[-0.0484, -0.9706, ],
[-0.8134, -0.7537, ],
[0.3949, -0.2328, ],
[0.7949, -0.1896, ],
[-0.1885, -0.7164, ],
[0.0183, 0.7283, ],
[-0.4270, -0.9872, ],
[0.8337, 0.6827, ],
[0.7645, 0.5435, ],
[0.8940, 0.7216, ],
[-0.9824, -0.1194, ],
[-0.3274, 0.6715, ],
[0.6602, 0.0864, ],
[0.1894, 0.0568, ],
[0.1065, -0.8038, ],
[0.4203, 0.8312, ],
[0.0955, 0.8949, ],
[-0.6277, 0.2426, ],
[-0.2632, 0.5332, ],
[0.4082, -0.1183, ],
[-0.2026, 0.3784, ],
[0.2420, 0.3459, ],
[-0.7424, -0.7339, ],
[-0.2412, 0.0457, ],
[0.1837, 0.3463, ],
[-0.1893, 0.8753, ],
[-0.4401, -0.1259, ],
[0.5861, 0.4561, ],
[0.3389, 0.6030, ],
[-0.5807, 0.8605, ],
[0.1105, 0.6520, ],
[-0.0665, -0.1638, ],
[-0.9992, 0.2445, ],
[0.3611, -0.8466, ],
[0.0248, -0.0549, ],
[0.2956, -0.6520, ],
[0.1229, -0.4013, ],
[-0.3597, 0.8402, ],
[0.8434, -0.9729, ],
[0.7015, -0.2279, ],
[0.9865, -0.1813, ],
[-0.0403, -0.6435, ],
[0.8782, -0.3067, ],
[-0.7199, -0.2833, ],
[-0.0589, -0.0591, ],
[-0.9525, 0.4646, ],
[0.8787, -0.4448, ],
[0.1344, -0.9680, ],
[-0.9146, 0.8446, ],
[-0.3771, -0.3533, ],
[-0.4375, -0.8021, ],
[-0.6982, 0.1739, ],
[0.2356, 0.1033, ],
[-0.7074, -0.6554, ],
[-0.6351, 0.1864, ],
[0.1619, 0.5474, ],
[-0.4619, 0.8374, ],
[-0.9921, 0.0619, ],
[-0.9207, -0.4269, ],
[-0.2428, -0.2693, ],
[0.1808, 0.7013, ],
[0.7341, -0.8686, ],
[0.0348, 0.1900, ],
[0.3962, -0.2519, ],
[-0.1826, 0.3534, ],
[-0.1402, 0.2664, ],
[0.3181, 0.2577, ],
[0.4571, 0.8977, ],
[-0.4298, -0.6344, ],
[-0.7871, 0.2900, ],
[-0.6892, -0.8496, ],
[-0.1587, 0.9504, ],
[0.2590, 0.0154, ],
[-0.5122, -0.5070, ],
[-0.0419, 0.5079, ],
[-0.8531, 0.6132, ],
[-0.9976, 0.6065, ],
[0.6746, 0.3905, ],
[0.9271, -0.3507, ],
[-0.1755, -0.1098, ],
[-0.6115, -0.4456, ],
[0.7883, 0.4345, ],
[0.4249, -0.8584, ],
[-0.3870, 0.5365, ],
[-0.5750, 0.5860, ],
[-0.8251, 0.4776, ],
[0.7139, 0.3452, ],
[0.7832, 0.3392, ],
[0.5943, 0.9081, ],
[0.1115, -0.7397, ],
[0.4709, -0.3237, ],
[0.9453, -0.4422, ],
[0.8999, -0.8848, ],
[-0.4235, -0.4451, ],


[6.0000, ],
[5.0000, ],
[6.0000, ],
[4.0000, ],
[11.0000, ],
[5.0000, ],
[5.0000, ],
[21.0000, ],
[4.0000, ],
[8.0000, ],
[4.0000, ],
[3.0000, ],
[9.0000, ],
[6.0000, ],
[6.0000, ],
[0.0000, ],
[8.0000, ],
[5.0000, ],
[10.0000, ],
[4.0000, ],
[5.0000, ],
[0.0000, ],
[9.0000, ],
[0.0000, ],
[15.0000, ],
[0.0000, ],
[8.0000, ],
[15.0000, ],
[5.0000, ],
[7.0000, ],
[9.0000, ],
[15.0000, ],
[3.0000, ],
[7.0000, ],
[0.0000, ],
[6.0000, ],
[7.0000, ],
[7.0000, ],
[5.0000, ],
[15.0000, ],
[1.0000, ],
[11.0000, ],
[11.0000, ],
[18.0000, ],
[8.0000, ],
[8.0000, ],
[3.0000, ],
[6.0000, ],
[10.0000, ],
[4.0000, ],
[2.0000, ],
[8.0000, ],
[4.0000, ],
[12.0000, ],
[6.0000, ],
[6.0000, ],
[14.0000, ],
[7.0000, ],
[0.0000, ],
[4.0000, ],
[0.0000, ],
[8.0000, ],
[5.0000, ],
[11.0000, ],
[7.0000, ],
[5.0000, ],
[16.0000, ],
[12.0000, ],
[9.0000, ],
[7.0000, ],
[5.0000, ],
[3.0000, ],
[5.0000, ],
[4.0000, ],
[8.0000, ],
[5.0000, ],
[2.0000, ],
[14.0000, ],
[2.0000, ],
[8.0000, ],
[4.0000, ],
[2.0000, ],
[7.0000, ],
[4.0000, ],
[6.0000, ],
[4.0000, ],
[9.0000, ],
[9.0000, ],
[7.0000, ],
[6.0000, ],
[0.0000, ],
[0.0000, ],
[12.0000, ],
[9.0000, ],
[1.0000, ],
[9.0000, ],
[3.0000, ],
[3.0000, ],
[4.0000, ],
[2.0000, ],


