[ 4,  0,  0,  0,  0, 12,  0,  0,  0,  0,  0,  0,  0,  0,  0,  2,  0,  0,  0,  0,  0,  0,  0,  0, ],
[ 0,  0,  0,  0,  0,  0,  0,  0,  0,  0,  0,  0,  0,  0,  0,  0,  1,  0,  0, 10,  0,  8,  0,  0, ],
[ 0,  0,  0,  0,  0,  0,  9,  0,  0,  1,  0,  0,  0,  0,  0,  0,  0,  0,  0,  0,  7,  0,  0,  0, ],
[12,  0,  0,  0,  0,  0,  0,  0,  0,  0, 10,  0,  0,  0,  0,  0,  0,  0,  0,  0,  0,  0,  0,  0, ],
[ 0, 13,  0,  0,  0, 12,  0,  0,  0,  0,  0,  0,  0,  0,  0, 12,  0,  0,  0,  0,  0,  0,  0,  0, ],
[ 0,  0,  0,  0,  0,  0,  0,  0,  0,  0,  0,  0,  0,  8,  0,  0,  0,  0,  0,  0,  0,  0,  0,  2, ],
[ 0,  0,  0,  0,  0, 13, 10,  1,  0,  0,  0,  0,  0,  0,  0,  0,  0,  0,  0,  0,  0,  0,  0,  0, ],
[ 0,  0,  0,  0,  0,  0,  0,  0,  6,  0, 10,  0,  0,  0,  0,  0,  0,  0,  0,  0,  0,  0,  0,  0, ],
[ 0,  0,  0,  0,  0,  0,  0,  0,  0,  0,  0,  0, 13,  0,  0,  0,  0,  0,  0,  0,  0,  0,  0,  0, ],
[ 0,  0, 14,  0,  0,  0,  6,  0,  0,  0,  0,  0,  0,  0,  0,  0,  0,  4,  0,  0,  0,  0,  0,  0, ],
[ 0, 10,  0,  0,  0,  0,  0,  0,  0, 11,  0,  0,  1,  0,  0,  0,  0,  0,  0,  0,  0,  0,  0,  0, ],
[ 0,  0,  0,  6,  9,  0,  0,  0,  0,  0,  0,  0,  0, 14,  1,  0,  0,  0,  0,  0,  0,  0,  0,  0, ],
[ 0,  0,  0,  0,  0,  0,  0,  0,  1,  0,  5,  0,  0,  0,  0,  0,  0,  0,  3,  0,  0,  0,  0,  0, ],
[ 0,  0, 11,  0,  0,  0,  0,  2,  0,  0,  0,  0,  0,  0,  0,  0, 12,  0,  0,  0,  0,  0,  0,  0, ],
[ 5,  0,  0,  0,  0,  0,  0,  0,  0,  0,  0,  0,  0,  0,  0,  0,  0,  0,  0,  0,  0,  0,  0,  0, ],
[ 0,  0,  5,  0,  0,  6,  8,  0,  0,  0,  6,  0,  0,  0,  0,  0,  0,  0,  0,  0,  0,  0,  0,  0, ],
[ 0,  0,  0,  0,  0,  0,  4, 14,  0,  0,  5,  0,  0,  0,  2,  0,  0,  0,  0,  0,  0,  0,  0,  0, ],
[ 0,  0,  0,  0,  0,  0,  0,  0,  0,  0,  0,  0,  0,  0,  0,  0,  0,  0, 14,  0,  0,  0,  0,  0, ],
[ 0,  0,  0,  0,  0,  0,  0,  0,  0, 13,  0,  0,  0,  0,  0,  0,  0,  0,  0,  0, 11,  0,  0,  0, ],
[ 0, 12,  0,  0,  4,  0,  0,  0,  0,  0,  0,  0,  0,  0,  0,  0,  0,  0,  0,  0, 10,  0,  1,  0, ],
[ 0,  0,  0,  0,  0,  0,  0,  0,  0,  0,  0,  0,  0,  0,  0,  0,  0,  0,  0,  0, 14,  5,  0,  0, ],
[ 0,  0,  0,  0,  0,  8,  0,  0,  0, 11,  0,  0,  0,  0,  0,  0,  0,  0,  0,  0,  0,  0, 10,  0, ],
[ 0,  0,  0,  0,  0,  0,  0,  0, 10,  0,  0,  0,  0,  0,  0,  0,  0,  0,  0,  0,  0,  0,  0,  0, ],
[ 0,  0,  0,  0,  0,  0,  0,  0,  0,  0,  0,  0,  0,  0,  0,  0,  0,  0,  0,  0,  0,  0, 13,  0, ],
[ 0,  0,  0,  0,  0,  0,  0,  2,  8,  0,  0,  0,  0,  0,  0,  3,  0,  0,  0,  0, 11,  0,  0,  0, ],
[ 0,  0,  0,  0,  0,  0,  0,  0, 11,  0,  0,  0,  0,  0,  0,  0,  0,  0,  0,  0,  0,  0,  0,  0, ],
[ 0,  0,  0,  0,  0,  0,  8,  0,  0,  8,  0,  0,  0,  0,  1,  0,  0,  0,  0,  0,  0,  0,  0,  0, ],
[ 0,  0,  0,  0,  0,  0,  0,  0,  0,  0,  0,  0,  0,  0,  5,  0,  0,  0,  0,  0,  0, 13,  0,  0, ],
[ 0,  0,  0,  0,  0,  0,  0,  0, 13,  0,  0,  0,  0,  0,  0,  0,  0,  0,  9,  0,  8,  0,  0,  0, ],
[ 0,  0,  0,  0,  0,  0,  0,  0,  0, 10,  0,  0,  0,  0,  0,  0,  0,  0,  0,  0, 11,  0,  0,  0, ],
[ 0,  0,  0,  0,  0,  0,  0,  0,  0,  0,  0,  0,  0,  0,  0,  8,  0,  0,  0,  0,  0,  0,  0,  0, ],
[ 0,  0,  0,  0,  0,  0,  0,  0,  0,  0, 11,  0,  0,  0,  0,  0,  0,  0,  0,  0,  0,  0,  0,  0, ],
[ 0,  0,  0,  0,  0,  0,  0,  0, 12,  0,  0,  0,  0,  0, 10,  0,  0,  0,  5,  0,  0,  0,  0,  0, ],
[ 0,  0,  0,  0,  0,  0,  0, 11,  0,  0,  7,  0,  0,  0,  0,  0,  0,  2,  0,  0,  0,  0,  0,  0, ],
[ 0,  0,  0,  0,  0,  0,  0,  0,  0,  0,  0,  0,  0,  0,  0,  7,  0,  3,  0,  0,  0,  0,  0,  0, ],
[ 0,  0,  0,  0,  0,  0,  0,  0,  0,  0,  0,  0,  0,  0, 13,  0,  0,  0,  0,  0, 11,  0,  0,  0, ],
[ 0,  0,  0,  0,  0,  0,  0,  0,  0,  0,  0,  0,  0,  0,  0,  0,  0,  0,  0,  0,  0,  0,  0,  0, ],
[ 1,  0,  0,  0,  0,  0,  0,  0,  0,  0,  0,  0,  0,  0,  0,  0,  0,  0,  0,  0,  0,  0,  0,  0, ],
[ 0,  0,  0,  0,  0,  0,  0,  0, 14,  0,  0,  0,  0,  0,  0,  0,  0,  0,  0,  0,  0,  0,  0,  0, ],
[ 0,  0,  0,  0,  0,  0,  0,  2, 14,  0,  0,  0,  0,  0,  0,  0,  0,  0,  0,  0,  0,  0,  7,  0, ],
[ 0,  0,  0,  0,  0,  0,  0,  0,  0,  0,  0,  4,  0,  0,  0,  0,  4,  0,  0,  0,  0,  4,  0,  0, ],
[ 0,  0,  0,  0,  0,  0,  0,  0,  0, 10,  0, 10,  0,  0,  0,  0,  0,  0,  0,  0,  0,  0,  0,  0, ],
[ 0,  0,  0, 12,  0,  0,  0,  0,  0,  0,  0,  0,  0,  0,  0,  0,  0,  0, 12,  0,  0,  0,  0,  0, ],
[ 0,  0,  0,  0,  0,  0,  0,  9,  0,  0,  0,  0,  0, 10,  0,  7,  0,  0,  0,  0,  0,  0,  0,  0, ],
[ 0,  0,  0,  0,  0,  0,  0,  0,  0,  0, 12,  0,  0,  0,  0,  0,  0,  0,  0,  0,  0,  0,  0,  0, ],
[ 0,  0,  0,  0, 13,  0,  0,  8,  0,  0,  0,  0,  0,  0,  0,  0,  0,  0,  0,  0,  0,  0,  0,  0, ],
[ 0, 11,  0,  0,  0,  1,  0,  0,  7,  0,  0,  0, 12,  0,  0,  0,  5,  0,  0,  0,  0,  0,  0,  5, ],
[ 0, 10,  0,  0,  0,  0,  0,  0, 13,  0,  0,  0,  0,  0,  0,  0,  0,  0,  0,  0,  0,  0,  0,  0, ],
[ 0,  0,  0,  0,  6,  0,  0,  0,  0,  0,  0,  0,  0, 10,  0,  0,  0,  0,  0,  0,  0,  0,  0,  0, ],
[ 0,  0,  0,  0,  0,  0,  5,  0,  0,  0,  0,  0,  0,  0,  0,  0,  0,  0,  0,  0,  0,  0, 11,  0, ],
[ 0,  0,  0,  0,  0,  0,  0,  0,  0,  0,  0,  0,  0,  0,  0,  0,  0,  0,  0,  0,  0,  0,  0,  0, ],
[ 0,  0,  0,  2,  0,  0,  0,  0,  9,  0,  0,  0,  0,  0,  0,  0, 12,  0,  0,  0,  0, 14,  0,  0, ],
[ 0,  1,  0,  0,  0,  5,  0,  0,  0,  0,  0,  0,  0,  0,  0,  0,  0,  0,  0,  0,  0,  0, 11,  0, ],
[ 0,  0,  0,  0,  0,  0,  0,  0,  0,  0,  0,  0,  0,  0,  0,  0,  0,  0,  0,  0,  0,  0,  0,  0, ],
[ 0,  0,  0,  0,  0,  0,  0,  0,  0,  0,  0,  0,  0,  0,  0,  0,  0,  0,  0,  0,  0,  0,  0,  0, ],
[ 0,  0,  0,  0,  0,  0,  0,  0,  0,  0,  0,  0,  0,  0,  0,  0,  0,  0, 10,  2,  0, 11,  0,  0, ],
[ 3,  0,  0,  0,  0,  0,  0,  0,  0,  0,  0,  2,  0,  0,  3,  0,  0, 13,  0,  0,  0,  0,  0,  3, ],
[ 5,  0,  0,  0,  0,  0, 10,  0,  0,  0,  0,  0,  0,  0,  0,  0,  0,  0,  0,  0,  0,  0, 12,  0, ],
[ 0,  0,  0,  0,  0,  0,  0,  0,  0,  0,  0,  0,  0,  0,  0,  7,  0,  0,  0,  0, 11,  0,  0,  0, ],
[ 0,  4,  0,  0,  0,  0,  0,  0,  0,  0,  0,  0,  0, 13,  0,  9,  0,  0, 14,  0,  0, 12,  0,  0, ],
[ 0,  0,  0,  0,  0,  0,  0,  0,  0,  0,  2,  0,  6,  3,  0,  3,  0,  0,  0,  0,  0,  0,  0,  0, ],
[ 0,  0,  0,  0,  0,  0,  0,  0,  0,  0,  9,  0,  0,  0,  0,  0,  0,  0,  0,  0,  0,  0,  0,  0, ],
[ 0,  0,  0,  0,  0,  0,  0, 11,  0,  0,  0,  0,  0,  0,  0,  0,  0,  0,  0,  0,  2,  0, 10,  0, ],
[ 0,  2,  0,  0,  0,  0,  0,  0,  0, 12,  0,  0,  0,  0,  0,  0,  0,  0,  0,  0,  3,  0,  0,  0, ],
[ 0,  7,  0,  0,  0,  0,  0,  0,  0,  0,  0,  0,  0,  0, 11,  0,  6,  0,  0,  0,  0,  0,  0,  0, ],
[ 0,  0,  0,  0,  0,  0,  0,  0,  0,  0,  0,  5,  6,  0,  0,  0,  7,  0,  0,  0,  0,  5,  0,  0, ],
[ 0,  3,  0,  0,  0,  0,  0,  0,  0,  0,  0,  0,  0,  0,  0,  0,  0,  0,  0,  5,  0,  0,  0,  0, ],
[ 0,  0,  0, 12,  0,  0,  0,  0,  2,  0,  0,  0,  0,  0,  0,  0,  0,  0,  0,  0,  0,  0,  0,  0, ],
[ 0,  0, 11,  0,  0,  0, 12,  0,  6,  0,  0,  0,  0,  0,  0,  0,  0,  0,  0,  0,  0,  0,  0,  0, ],
[ 0,  0,  5,  4,  0,  0,  0,  0,  0,  0,  0,  0,  0,  0,  0,  0,  0,  0,  0,  0,  0,  0,  8,  0, ],
[ 0,  0,  0,  2,  0,  0,  0,  0,  0,  0,  0,  4,  0,  0,  0,  0,  0,  0,  0,  0,  0,  0,  0,  0, ],
[ 0,  0,  0,  5,  0,  0,  0,  0,  0,  0,  0,  0,  0,  0,  0,  0,  0, 12,  0,  0,  0,  9,  0,  0, ],
[ 0,  0,  0,  0,  0,  0,  0,  0,  3,  0,  0,  0,  0,  0,  0,  0,  0,  0,  0, 14,  0,  0,  0,  0, ],
[ 0,  0,  0,  0,  0,  0,  0,  0,  0,  0,  0,  0, 12,  0,  0,  0,  0,  0,  0,  0,  9,  8,  0,  0, ],
[ 0,  0,  0,  0,  0,  0,  0,  0,  0,  0,  0,  0,  0,  0,  0,  0,  0,  0,  0,  0, 14,  0,  0,  0, ],
[ 0,  0,  0,  0,  0,  3,  0,  0,  0,  0,  0,  0, 12,  0,  0,  0,  0,  0,  0,  0,  0, 12,  0,  0, ],
[ 0,  0,  0,  0,  0,  0,  0,  0,  0,  0, 13,  0,  0,  0,  0,  0,  0,  0,  0,  0,  0,  0,  2,  0, ],
[ 0,  0,  0,  0,  0,  0,  0,  0,  0,  0,  4,  8,  0,  0,  0,  0,  0,  8,  0,  0,  0,  3,  0,  0, ],
[ 0,  0,  0,  0,  0,  0,  2,  0,  0,  0,  0,  0,  0,  3, 13,  1,  0,  0,  0,  0,  0,  0,  0,  7, ],
[ 0,  0,  0,  0, 14,  0,  4,  5,  0,  8,  0,  0,  0,  0,  0,  0,  4,  0,  0,  0,  0,  0,  0,  0, ],
[ 0,  0,  0,  0,  0,  0,  0,  0,  0,  0,  0,  0,  0,  0,  0,  0,  0,  0,  0,  0,  0,  0,  0,  0, ],
[ 0,  0,  4,  0,  0, 14,  0,  0,  0,  0,  2,  0,  0,  0,  0,  0,  0,  0,  0,  0,  0,  0,  0,  0, ],
[ 0,  2, 13,  0,  0,  0,  0,  0,  0,  0,  0,  0, 10,  0,  0,  1,  0,  0,  8,  0,  0,  0,  0,  0, ],
[ 0,  0,  9,  0,  0,  0,  0,  0,  0,  0,  0,  0,  0,  0,  0,  0,  0,  0,  0,  0,  0,  0,  0,  0, ],
[ 0,  0,  0,  0,  0,  0,  5,  0,  0,  0,  0,  0, 12,  0,  0,  0,  0,  0,  0,  0,  0,  0,  0,  0, ],
[ 0,  0,  0,  8, 12,  6,  0,  0,  0,  0,  0,  0,  0,  0,  0,  0,  0,  0,  0,  0,  0,  0,  0,  0, ],
[ 0,  0,  2,  0,  1,  0,  0,  0,  0,  0,  0, 14,  0,  0,  0,  0,  0,  0,  0,  0,  0,  0,  0,  3, ],
[ 0,  0,  0,  0,  0,  0,  0,  0,  0,  0,  0,  0,  0, 12,  2,  0,  0,  0,  0,  0,  0, 12,  0,  0, ],
[ 0,  0,  0,  0, 11,  0,  0,  0,  0,  0,  0,  0,  0,  0,  0,  0,  0,  0,  0,  0,  0,  0,  0,  0, ],
[ 0,  0, 14,  0,  0,  0,  0,  0,  0,  0,  0,  0,  0,  0,  0,  6,  0,  0,  0,  0,  0,  0, 13,  0, ],
[ 0, 10,  0,  0,  0,  0,  0,  0,  0,  0,  0,  0,  0,  0,  0,  0,  0,  0,  0,  0,  0,  0,  0,  0, ],
[12,  0,  0,  0,  0,  0,  0,  0,  0,  0,  0,  0,  0,  0,  0,  0,  0,  0,  0,  6,  0,  0,  2,  0, ],
[ 0,  0,  0,  0,  0,  0,  0,  0,  0, 13,  0,  0,  0,  0,  0,  0,  0,  0,  0,  0,  0,  8,  0,  0, ],
[ 0,  8,  0,  0, 13,  0,  0,  9,  0,  0,  0,  0,  0,  0,  0,  0,  0,  0,  0,  0,  8,  0,  0,  0, ],
[ 0,  0,  0,  0,  0,  0,  0,  0,  0,  0,  0,  0,  0,  0,  0,  0,  0,  0,  0,  0,  0,  0,  9,  0, ],
[ 0,  0,  0,  0,  0,  0,  0,  0,  0,  0,  3,  0,  0,  0,  0,  0,  0,  0,  0,  0,  0,  0,  0,  0, ],
[ 0,  0,  0,  0,  0,  0,  0,  0,  3,  8,  1,  0,  0,  0,  0,  6,  0,  0,  0,  0,  0,  0, 14,  0, ],
[ 0,  0,  9,  0,  0,  0,  0,  0,  0,  0,  0,  3,  0,  0,  0,  0,  0,  0,  0,  0,  0,  0,  5,  0, ],
[ 0,  0,  0,  0,  0,  0,  0,  0,  0,  0,  0,  0,  0,  0,  0,  0,  0,  0,  0,  0,  0,  0,  0,  0, ],
[ 0,  0,  0,  0,  0,  0,  0,  0,  0,  0,  0,  0,  0,  0,  0,  0,  0,  0,  0,  0,  0,  0,  0,  0, ],


[0.8342, -0.2349, ],
[0.0936, -0.7944, ],
[-0.1103, -0.4578, ],
[-0.1020, 0.0994, ],
[-0.4082, 0.6241, ],
[0.6362, -0.1638, ],
[-0.6571, 0.4139, ],
[0.1878, 0.1855, ],
[-0.1719, -0.6367, ],
[0.7322, 0.2671, ],
[-0.9771, -0.0077, ],
[0.0066, -0.4763, ],
[-0.6506, -0.1424, ],
[0.3814, 0.4163, ],
[0.5332, 0.5290, ],
[-0.1367, -0.2053, ],
[-0.3817, -1.0000, ],
[-0.0164, -0.8354, ],
[0.4280, 0.0886, ],
[-0.1299, -0.8517, ],
[0.7310, 0.1211, ],
[0.4320, 0.0531, ],
[0.6455, -0.0068, ],
[0.9756, 0.0595, ],
[0.7873, -0.0969, ],
[0.2180, -0.1019, ],
[-1.0000, 0.5325, ],
[0.1567, -0.4795, ],
[0.4287, -0.8132, ],
[0.6201, -0.6162, ],
[-0.5344, -0.2915, ],
[-0.1488, 0.5525, ],
[0.6718, 0.0195, ],
[0.3643, 0.7810, ],
[0.4161, -0.1336, ],
[-0.6377, 1.0000, ],
[0.5926, -0.1638, ],
[0.4975, -0.3595, ],
[0.9928, 0.9702, ],
[0.7822, 0.5131, ],
[0.7713, -1.0000, ],
[0.0428, 0.2151, ],
[0.7897, 0.5287, ],
[0.3531, -0.8741, ],
[0.2811, -0.2216, ],
[0.2136, 0.8956, ],
[0.9160, -0.3094, ],
[0.1119, -0.4691, ],
[-0.1486, -0.3849, ],
[0.8335, -0.7947, ],
[0.4124, -0.1013, ],
[0.1735, -0.1370, ],
[0.0189, -0.8602, ],
[-0.2807, -0.7373, ],
[-0.2122, 0.7405, ],
[0.6900, -0.3786, ],
[0.7069, -0.1929, ],
[-0.9495, 0.1412, ],
[-0.3869, 0.6238, ],
[0.2977, -0.6081, ],
[0.6651, 0.1862, ],
[-0.5710, 0.1521, ],
[-0.6715, 0.6042, ],
[0.1350, 0.3431, ],
[1.0000, -0.2375, ],
[0.5595, 0.5584, ],
[0.2930, 0.5635, ],
[0.3382, -0.7539, ],
[0.3206, -0.0040, ],
[0.7174, -0.2626, ],
[-0.7091, 0.6525, ],
[0.2024, 0.5150, ],
[-0.3311, -0.3915, ],
[-0.0963, -0.3776, ],
[-0.5706, 0.8478, ],
[-0.9197, -0.0340, ],
[0.8695, 0.4074, ],
[0.6919, 0.9239, ],
[-0.0651, 0.1335, ],
[1.0000, -0.1948, ],
[-0.3575, 0.2560, ],
[-0.0362, 0.5549, ],
[0.1487, 0.9234, ],
[-0.4171, 0.8330, ],
[-0.2813, 0.0184, ],
[-0.4562, -0.5104, ],
[0.1868, 0.6793, ],
[0.6914, 0.4645, ],
[-0.2635, -0.6787, ],
[0.3945, -0.2275, ],
[-0.5697, 0.6897, ],
[-0.1319, -0.4066, ],
[-0.2060, -0.4762, ],
[-0.7377, 0.3219, ],
[-0.4398, 0.8935, ],
[0.0713, 0.1535, ],
[-0.7830, 0.1487, ],
[0.6380, -0.5417, ],
[0.7580, 0.4626, ],
[0.2671, 0.7157, ],


[7.0000, ],
[8.0000, ],
[7.0000, ],
[8.0000, ],
[12.0000, ],
[4.0000, ],
[9.0000, ],
[7.0000, ],
[4.0000, ],
[9.0000, ],
[9.0000, ],
[11.0000, ],
[5.0000, ],
[9.0000, ],
[2.0000, ],
[11.0000, ],
[9.0000, ],
[4.0000, ],
[8.0000, ],
[11.0000, ],
[6.0000, ],
[11.0000, ],
[4.0000, ],
[4.0000, ],
[10.0000, ],
[4.0000, ],
[7.0000, ],
[6.0000, ],
[10.0000, ],
[8.0000, ],
[3.0000, ],
[4.0000, ],
[10.0000, ],
[8.0000, ],
[5.0000, ],
[8.0000, ],
[0.0000, ],
[1.0000, ],
[4.0000, ],
[8.0000, ],
[6.0000, ],
[8.0000, ],
[8.0000, ],
[10.0000, ],
[4.0000, ],
[7.0000, ],
[16.0000, ],
[8.0000, ],
[7.0000, ],
[6.0000, ],
[0.0000, ],
[12.0000, ],
[7.0000, ],
[0.0000, ],
[0.0000, ],
[9.0000, ],
[11.0000, ],
[10.0000, ],
[7.0000, ],
[17.0000, ],
[8.0000, ],
[3.0000, ],
[9.0000, ],
[7.0000, ],
[10.0000, ],
[10.0000, ],
[4.0000, ],
[5.0000, ],
[11.0000, ],
[7.0000, ],
[3.0000, ],
[9.0000, ],
[6.0000, ],
[10.0000, ],
[4.0000, ],
[10.0000, ],
[5.0000, ],
[10.0000, ],
[11.0000, ],
[13.0000, ],
[0.0000, ],
[7.0000, ],
[13.0000, ],
[3.0000, ],
[6.0000, ],
[10.0000, ],
[8.0000, ],
[9.0000, ],
[4.0000, ],
[11.0000, ],
[4.0000, ],
[8.0000, ],
[7.0000, ],
[13.0000, ],
[3.0000, ],
[2.0000, ],
[13.0000, ],
[7.0000, ],
[0.0000, ],
[0.0000, ],


