[ 0,  0,  0,  0,  0,  0,  0,  0,  0,  0,  0,  0,  0,  9,  0,  0,  0,  9,  0,  0,  5,  0,  0,  0, ],
[ 0,  0,  0,  0,  0,  0,  0,  0,  0,  0, 10,  0,  0,  0,  0,  0,  0,  0,  0,  0,  0,  0,  0,  0, ],
[ 0,  0,  0,  0,  0,  0,  9,  0,  0,  0,  0,  0,  0,  8,  0,  0,  0,  0,  0,  0,  0,  2,  0,  0, ],
[ 6,  0,  0,  0,  4,  0,  0,  0,  0,  0,  0, 12,  0,  0,  0,  0,  0,  0,  0,  0,  8,  0,  0,  0, ],
[ 0,  0,  0,  0,  0,  0,  0,  0,  0,  9,  0,  0,  0,  0,  0,  0,  0,  0, 14,  0,  0,  0,  0,  0, ],
[ 0,  0,  0,  0,  0,  0,  0,  0,  0,  0,  0,  0,  8,  0,  9,  0,  0,  0,  0,  0,  0,  0,  0,  0, ],
[ 0,  0,  0,  0, 11,  0,  0,  0,  0,  0, 11,  0,  0,  2,  0,  4,  0,  0,  0,  0,  0,  0,  0,  0, ],
[ 0,  0,  0,  0,  0,  0,  0,  0,  6,  0, 10,  0,  0,  0,  0,  0,  0,  0,  0,  0,  0,  0,  0,  0, ],
[ 0,  0,  0,  0,  0,  0,  0,  0,  0, 13,  0,  0,  0,  0,  0,  0,  0,  0,  0,  0,  0,  0, 14,  0, ],
[ 0,  0,  0,  0,  0,  0,  0,  0,  0,  0,  0,  0,  0,  0,  0,  0,  0,  9,  0,  0,  0,  0,  0,  0, ],
[ 0,  0,  0,  0,  0,  0,  0,  0,  0,  0,  0,  0,  0,  0,  6,  0,  0,  0,  3,  5,  0,  0, 13,  0, ],
[ 0,  8,  0,  0,  0,  0,  0,  0,  0,  0,  0,  0,  0,  0,  1,  2,  0,  0,  0, 14,  6,  0,  0,  0, ],
[ 0,  0,  6,  0,  0,  0,  0,  0,  1,  0,  0,  0,  0,  0,  0,  0,  0,  0,  0,  0,  0,  0,  0,  0, ],
[ 0,  0,  0,  0,  2,  0,  0,  2,  0,  0,  0,  0,  0,  9,  0,  0,  0,  0,  4,  0,  0,  0,  0,  0, ],
[ 0,  0,  0,  4,  0,  0,  0,  0, 10, 14,  0,  0,  0,  0,  0,  0,  0,  0,  0,  0,  0,  1,  0,  0, ],
[ 0,  0,  0,  0,  0,  0,  0,  0,  0,  0,  0,  0,  0,  0,  0,  0, 12,  0,  0,  0,  0,  0,  0,  0, ],
[ 0,  0,  9,  0,  0,  0,  0,  0,  0,  0,  0,  0,  0,  0,  2,  0,  0,  0,  0,  5,  0,  0,  0,  0, ],
[ 0,  0,  0,  0, 13,  0,  0,  0,  0,  0,  0,  6,  0,  0,  0,  0,  0,  0,  0,  0,  0,  0,  8,  0, ],
[ 0, 11,  0,  0,  0,  0,  0,  0,  9,  0,  2,  0,  0,  0,  0,  2,  0,  0,  0,  0,  0,  0,  0,  0, ],
[ 0,  0,  0,  0,  0,  0,  0,  0,  0,  0,  0,  0,  0,  0,  0,  0,  0,  0,  0,  0,  0,  0,  0,  0, ],
[ 0,  0,  0,  0,  0,  0,  0,  0,  0,  0,  0,  0,  0,  0,  0,  0,  0,  0,  0,  0,  0,  0,  0,  9, ],
[ 0,  0,  0,  0,  0,  0,  0, 10,  0,  0,  0,  0,  0,  0,  0,  0,  0,  0,  0,  0,  0,  4,  0,  0, ],
[ 0,  0,  0,  0,  0,  0,  0,  0, 10,  0,  0,  0,  0,  0,  0,  0,  0,  0,  0,  0,  0,  0,  0,  0, ],
[ 0, 13,  0,  0,  0,  0,  0,  0,  0,  0,  0, 13,  0,  0,  0,  0,  0,  0,  0,  0,  0,  0,  0,  0, ],
[ 0,  0,  0,  0,  0,  0,  0,  0,  0,  0,  0, 11,  0,  0,  0,  0,  0,  0,  0,  2,  0,  0,  0,  0, ],
[ 0,  0,  0,  0,  0,  0,  0,  0,  0,  0,  0,  0,  0,  0,  0,  0,  0,  0,  0,  0,  0,  0,  0,  0, ],
[ 0,  0,  0,  0,  7,  3,  0,  0,  0, 13,  0,  0,  0,  8,  1,  0,  0,  0,  0,  0,  0,  0,  0,  0, ],
[ 0,  0,  7,  0,  0,  0,  0,  0,  0,  0,  0,  0,  0,  0,  0,  0,  0,  0,  0,  0,  0,  0,  0,  0, ],
[ 0,  0,  0,  0,  0,  0,  0,  0,  0,  0,  0, 12,  0,  0, 14,  0,  0,  0,  0,  0,  0,  0,  0,  0, ],
[ 0,  0,  0,  0,  0,  0,  0,  0,  0,  0,  0,  0,  0,  9, 14,  0,  0,  0,  0,  0,  0,  0,  0,  0, ],
[ 0,  0,  4,  0,  0,  0,  0,  0,  0,  0,  2,  0,  0,  0,  0,  0,  0,  0,  0,  0,  5,  0,  0, 12, ],
[ 0,  0,  0,  0, 10,  5,  0,  0,  0,  0,  0,  0,  0,  0,  0,  0,  0,  0,  0,  0,  0,  0,  0,  0, ],
[ 0,  8,  0,  0,  0,  0,  0,  0,  0,  0,  0,  0,  0,  0, 10,  0,  0,  0,  0,  0,  0,  0,  0,  0, ],
[ 0,  0,  0,  0,  0,  0,  0,  5,  0,  0,  0,  0,  0,  0,  0,  0,  0,  0,  4,  0,  0,  0,  0,  0, ],
[ 0,  0,  0,  0,  0,  0,  0,  0,  0,  0,  0,  0,  0,  0,  0,  0,  0,  0,  0,  0,  0,  0,  0,  0, ],
[ 0,  0,  0,  9,  0,  0,  4,  0,  0,  8,  0,  0,  0,  0,  0,  0,  0,  0,  0,  0, 13,  0,  0,  0, ],
[ 0,  0,  0, 13,  0,  0,  0,  0,  0,  0, 14,  0,  0,  0,  0, 13,  7,  0,  0,  0,  0,  0,  0,  0, ],
[ 0,  0,  0, 10,  0,  0,  0,  0, 10,  0,  0,  0,  0,  0,  0, 11,  0,  0,  0,  0,  0,  0,  0,  4, ],
[ 0,  0,  0,  0,  0,  0,  9,  0,  6,  1,  0,  0,  0,  0,  0,  1,  0,  0,  0,  0,  9,  0,  0,  0, ],
[ 0,  0,  0,  0,  0,  8,  0,  0,  3,  0,  0,  0,  0,  0,  0,  0,  0,  0,  0,  0,  0,  0,  0,  0, ],
[ 0,  8,  0,  0,  0,  0,  5,  0,  0,  0,  0,  0,  0,  0,  0,  5,  0,  5,  0,  0,  0,  0,  0,  0, ],
[ 0,  0,  0,  0,  0,  0,  0,  0,  0, 10,  0, 10,  0,  0,  0,  0,  0,  0,  0,  0,  0,  0,  0,  0, ],
[ 0,  0,  0,  0,  0,  0,  4,  0,  0,  0, 13,  7,  0, 10,  0,  0,  0,  0,  0,  0,  0,  0,  0,  0, ],
[ 0, 13,  0,  0,  0,  0,  0,  0,  0, 12,  0,  0,  0,  0,  0,  0,  0,  0,  0,  0,  9,  0,  0,  0, ],
[ 8,  0,  0,  0,  0,  0,  0,  0, 13,  6,  0,  0, 10,  0,  0,  0,  2,  0,  0,  0,  0,  0,  0,  0, ],
[ 0,  0,  0,  0,  0,  0,  0,  0,  0,  0,  0,  0,  0,  0,  0,  0,  0,  0,  0,  0,  0,  0,  0,  0, ],
[ 0,  0,  0,  0,  0,  1,  0,  0,  5,  7,  0,  0,  0,  0, 11,  0,  0,  0,  0,  0,  0,  0,  0,  0, ],
[ 0,  0,  0,  0,  0,  0,  0,  0,  1,  5,  0,  0,  0,  0,  4,  0,  8, 10,  0,  0,  0,  0,  0,  0, ],
[ 0,  0,  0,  0,  0,  0,  0,  0,  0,  0,  3,  0,  0, 10,  0,  0,  0,  0,  0,  0,  0,  0,  0,  0, ],
[ 0,  0,  0,  0,  0,  0,  5,  0,  0,  0,  0,  1,  0,  0,  0,  0,  0,  0,  0,  0,  0,  0,  0,  0, ],
[ 0,  9,  0, 13,  0,  0,  0,  0,  0,  8,  0,  0,  0,  0,  0,  0,  0,  0, 11,  0, 14,  0,  0,  0, ],
[12,  0,  0,  0,  0,  0,  0,  0,  0,  0,  0,  0,  0,  0,  0,  0,  0,  0,  0,  0,  0,  0,  0,  0, ],
[ 0,  0,  0,  0,  0,  0,  0,  0,  0,  0,  0,  0,  1,  0,  0,  0,  0,  0,  0,  0,  0,  0,  0,  0, ],
[ 0,  0,  3,  0,  0,  0,  0,  1,  0,  0,  0, 12,  7,  5,  0,  0,  8,  0,  0,  0,  0,  0,  0,  0, ],
[ 0,  0,  0,  0,  0,  0,  0,  0,  0,  0,  0,  0,  0,  0,  2,  0,  0,  0,  0,  0,  0,  0,  0,  3, ],
[ 0,  0,  0,  0,  0,  0,  0,  0, 12,  0,  1,  0,  1,  0,  0,  0, 10,  0,  0,  0,  0,  5,  0,  0, ],
[ 0,  7,  0, 11,  0,  0,  0,  0, 10,  0,  0,  2,  0, 11,  0,  0,  0,  0,  0,  0,  0,  0,  0,  0, ],
[ 0,  0,  0,  5,  0,  0,  0,  0,  0,  0,  0,  0,  0,  5,  0,  7,  8,  0,  0,  0,  0,  0,  0,  0, ],
[ 0,  0,  0,  0,  0,  0,  0,  0,  0,  0,  0,  0,  0,  0,  0,  0, 14,  6,  0,  0,  0,  0,  0,  0, ],
[ 3,  0,  2,  0,  0,  0,  0,  0,  0,  0,  0,  0,  0,  2,  0,  9,  0,  0,  0,  0,  0,  0,  0,  0, ],
[ 0,  0,  0, 14,  0,  0,  0,  0,  0,  0,  0,  0, 13,  0,  0,  0,  6,  9,  0,  0,  0,  0,  0,  0, ],
[ 0,  0,  0,  0,  0,  0,  0,  0,  0,  0,  0,  0,  0,  0,  0,  0,  0,  0,  0,  0,  0,  0,  0,  0, ],
[ 0,  4,  0,  0, 14,  0,  0, 11,  0,  0,  0,  0,  0,  0,  0,  0,  0, 14,  7,  0,  0,  0,  0,  7, ],
[ 0,  0,  0,  0,  0,  0,  0,  0,  0,  0,  0,  0,  0,  0,  0,  0,  0,  0,  0,  0, 12,  0,  0,  5, ],
[ 0,  9,  0,  0,  0,  7,  0,  0,  0,  0,  0,  0,  0,  0,  0,  0,  0, 13,  0,  0,  0,  4,  0,  0, ],
[ 0,  0,  0,  0,  5,  4,  0,  0,  7,  0,  0,  0,  0,  0,  6,  0,  0,  0, 12,  0,  0,  0,  0,  0, ],
[ 0,  0,  0,  0,  0,  0,  0,  0,  6,  0,  0,  0,  0,  0,  0,  0,  4,  0,  0,  0,  0,  0,  0,  0, ],
[ 0,  0,  0,  0,  0,  0,  0,  0,  0,  0,  0,  0,  4,  0,  0,  3,  0,  0,  0,  0, 13,  0,  0,  2, ],
[ 8,  0,  0,  0,  0,  0,  0,  0,  7,  0,  0,  0,  0, 14,  0,  0,  0,  0,  0, 12,  0,  0,  0,  0, ],
[ 0,  0,  5,  0,  0,  0,  0,  0,  0,  0, 11,  0,  0,  0,  0,  0,  0,  0,  0,  0,  0,  8,  0,  0, ],
[ 0,  0,  0,  0, 12,  0,  0,  0, 13,  0,  0,  0,  0,  0,  0,  0,  0,  0,  0,  0,  0,  0,  0,  0, ],
[ 0, 10,  0,  0,  0,  0,  0,  0,  0,  0,  2,  0,  0,  0,  0,  0,  0,  0,  0,  0,  0, 13,  0,  0, ],
[ 0,  0,  2, 12,  0,  0,  0,  0,  0,  0,  0, 13,  0,  0,  3,  0,  0,  0, 13, 11,  0,  0,  0,  6, ],
[ 0,  0,  0,  0,  0,  0,  0,  0,  0,  0,  0, 10,  0,  0,  0,  0,  0,  0,  0,  0,  0,  0,  0,  0, ],
[ 0,  0,  0,  0,  0,  0,  0, 13,  0,  0,  0,  0,  0,  0,  0,  7,  3,  0,  0,  0,  0,  0,  0,  0, ],
[ 0,  0,  0, 11,  0,  0,  0,  0,  0,  0,  0,  0,  0,  0, 10,  0,  0,  0,  0,  0,  0,  0,  0,  5, ],
[ 0,  0,  0,  0,  0,  0,  0,  0,  0,  0, 13,  0,  0,  0,  0,  5,  0,  0,  0,  0,  0,  0,  0,  0, ],
[ 0,  0,  0,  0,  0,  0,  0,  0,  0, 13,  0,  0,  0,  0,  0,  0,  0,  0,  0,  0,  0,  0,  0,  0, ],
[ 0,  0,  0,  0,  0,  0,  0,  0,  0,  0,  0,  0,  0,  0,  7,  0,  0,  0,  0,  0,  0,  0,  0,  0, ],
[ 0,  0,  0,  0,  0,  0,  0,  0,  0,  0,  0,  0,  0,  0,  0,  0,  0,  0,  0,  0,  0,  0,  0,  0, ],
[ 0,  0,  0,  0,  0,  0,  0,  0,  0,  0,  0,  0,  0,  0,  0,  2,  0,  0,  0,  0,  0,  0,  0,  0, ],
[ 0,  0,  0,  0,  0,  0,  0,  0,  0,  0,  0,  0,  5,  0,  0,  0,  0,  0,  0,  0,  0,  0,  0,  0, ],
[ 0,  0,  0,  0,  0,  0,  0, 11,  0,  0,  0,  0,  0,  0, 11,  0,  0,  0, 14,  0,  0,  0,  0,  0, ],
[ 6,  0,  0,  0,  0,  0,  0,  0,  0,  0,  0,  2,  0,  0,  0,  0,  0,  0,  0,  0,  0,  0,  0,  0, ],
[ 0,  0,  0,  0,  0,  0,  0,  0,  0,  0,  0,  0,  0,  0, 11,  0,  0,  0,  4,  0,  0,  0,  0,  0, ],
[ 5, 14,  0,  0,  0,  0, 13,  0,  0,  0,  0,  0,  0,  0,  0,  1,  0,  0,  0,  0,  0,  0,  0,  0, ],
[ 0,  0,  0,  0,  1,  0,  0,  0,  0,  0,  0,  0,  0,  0,  0, 10,  0,  0,  0,  0,  0,  0,  0,  3, ],
[ 0,  0,  0,  0,  0,  0,  0,  0,  0,  0,  0,  0,  0, 10,  5,  0,  0,  0,  0,  0,  0, 12,  0,  0, ],
[ 0,  8,  0,  0,  0,  0,  1,  0,  0,  0,  0,  3,  0,  0,  0, 11,  0,  0,  0,  0,  0,  0,  0,  0, ],
[ 0,  0,  0,  0,  0,  0,  0,  0,  0,  0,  0,  0,  0,  0,  0,  0,  0,  0,  0,  0,  0,  0,  0,  0, ],
[ 0,  0,  0,  0,  0,  0,  0,  0,  0,  0,  0,  0,  0,  0,  0,  0,  0,  0,  0,  0,  0,  0,  0,  0, ],
[ 0,  0,  0,  0,  2,  2,  0,  0,  0,  0,  0,  0,  0,  0,  0,  0,  0,  0,  0,  3,  0,  0,  2,  0, ],
[ 0,  0, 13,  0,  0,  0,  0,  0,  0,  0,  0,  0, 13,  0,  0,  0,  9,  0,  0,  0,  0,  0, 11,  0, ],
[ 0,  8,  0,  0,  0,  0,  8,  0,  0,  0,  9,  0,  0,  0,  0,  0,  0,  0,  0,  0,  0,  0,  0,  0, ],
[ 0,  0,  0,  0,  0,  0,  0,  0,  0,  0,  0,  0,  0,  0,  0,  0,  2,  0,  0,  0, 11,  0,  0,  0, ],
[ 0,  7,  0,  0,  0,  0,  0,  0,  0,  0,  0,  0,  0,  0,  0,  0,  0,  0,  0,  0,  0,  0,  8,  0, ],
[ 0,  0,  0,  0,  0,  0,  0,  0,  0,  0,  0,  0, 14,  0,  0,  0,  0,  0,  0,  0,  0,  0,  0,  0, ],
[14, 12,  0,  0,  0,  0,  0,  0,  0,  0,  0,  0,  0,  0,  0,  0,  0,  0,  0,  0,  0,  0,  0,  0, ],
[ 0,  0,  0, 10,  0,  0,  0,  0,  0,  0,  0,  0,  0,  0,  0,  5,  0,  0,  0,  0,  0,  0,  0,  0, ],
[ 0,  0, 12,  0,  0,  0,  0,  0,  0,  0,  0,  0,  9,  0,  0,  0,  0,  0,  7,  0,  0,  0,  0,  0, ],


[0.9334, -1.0000, ],
[-0.0289, -0.2687, ],
[0.1339, -0.4578, ],
[-0.1020, 0.0413, ],
[0.6505, 0.8755, ],
[0.4319, -0.2573, ],
[-0.5592, 0.3886, ],
[0.1491, 0.2083, ],
[-0.1698, 0.3737, ],
[-0.3446, 0.2671, ],
[-0.7752, -0.1398, ],
[-0.3436, -0.3023, ],
[0.3846, -0.7918, ],
[0.6843, 0.2255, ],
[0.5748, 0.6188, ],
[-0.6361, -0.1375, ],
[0.0685, -0.4323, ],
[-0.0442, 0.8433, ],
[0.4370, -0.2798, ],
[0.5284, -0.8517, ],
[0.9830, 0.1676, ],
[0.2961, 0.0651, ],
[0.6455, -0.1775, ],
[0.9756, -0.1321, ],
[0.8075, -0.0558, ],
[-0.0536, -0.0819, ],
[-0.7919, 0.5730, ],
[0.1359, -0.4283, ],
[0.5670, 0.1434, ],
[-0.4029, -0.5838, ],
[-0.5565, -0.3692, ],
[-0.0150, 0.5733, ],
[0.8206, -0.4020, ],
[0.5316, 0.8913, ],
[0.1747, -0.2867, ],
[0.0334, 0.1206, ],
[0.5075, 0.1238, ],
[0.4975, -0.1635, ],
[1.0000, 0.8932, ],
[0.8976, 0.5131, ],
[0.5101, -0.9507, ],
[0.0250, 0.2151, ],
[0.2170, 0.4153, ],
[0.3531, -0.7539, ],
[0.7890, -0.2164, ],
[0.2136, 0.9472, ],
[0.2130, -0.2525, ],
[-0.5838, -0.6199, ],
[-0.0979, -0.7321, ],
[0.7624, 1.0000, ],
[0.6928, -0.1825, ],
[0.0885, -0.4706, ],
[0.1344, -0.6740, ],
[0.0581, -0.6174, ],
[-0.4028, 0.6585, ],
[0.6900, -0.2885, ],
[0.5942, -0.0177, ],
[-0.8871, 0.1960, ],
[-0.7515, 0.4732, ],
[-0.0364, -0.6036, ],
[0.5742, 0.1862, ],
[-0.5620, 0.1020, ],
[-0.6715, 0.0283, ],
[0.4357, 0.1624, ],
[1.0000, 0.0141, ],
[0.0094, -0.8109, ],
[0.2899, 0.3581, ],
[0.2937, -0.8506, ],
[0.3947, 0.1052, ],
[0.9050, -0.0269, ],
[0.9327, 0.6852, ],
[-0.3631, 0.2559, ],
[-0.2654, 0.3598, ],
[-0.2030, -0.3212, ],
[-0.7947, 0.6679, ],
[-1.0000, -0.4151, ],
[0.8105, 0.3894, ],
[1.0000, 0.9585, ],
[-0.2345, 0.1239, ],
[1.0000, -0.7088, ],
[-0.3623, -1.0000, ],
[0.0173, 0.6455, ],
[-0.8840, 0.9696, ],
[-0.1479, 0.6862, ],
[-0.3021, 0.1552, ],
[-0.4304, -0.3963, ],
[-0.0139, 0.6970, ],
[0.8885, 0.4965, ],
[-0.1857, -0.6270, ],
[0.4963, -0.1680, ],
[-0.4157, -0.1375, ],
[0.0780, 0.8341, ],
[0.0519, 0.6049, ],
[0.3603, 0.1497, ],
[-0.1560, -0.9472, ],
[-0.3975, -0.1600, ],
[-0.7111, 0.4504, ],
[0.6257, 0.3271, ],
[0.7385, 0.3450, ],
[0.1298, 0.8196, ],


[8.0000, ],
[4.0000, ],
[7.0000, ],
[12.0000, ],
[7.0000, ],
[6.0000, ],
[11.0000, ],
[7.0000, ],
[8.0000, ],
[3.0000, ],
[11.0000, ],
[12.0000, ],
[4.0000, ],
[7.0000, ],
[11.0000, ],
[4.0000, ],
[6.0000, ],
[10.0000, ],
[9.0000, ],
[0.0000, ],
[3.0000, ],
[6.0000, ],
[4.0000, ],
[8.0000, ],
[5.0000, ],
[0.0000, ],
[13.0000, ],
[3.0000, ],
[8.0000, ],
[7.0000, ],
[9.0000, ],
[6.0000, ],
[7.0000, ],
[4.0000, ],
[0.0000, ],
[12.0000, ],
[15.0000, ],
[14.0000, ],
[11.0000, ],
[5.0000, ],
[9.0000, ],
[8.0000, ],
[13.0000, ],
[11.0000, ],
[15.0000, ],
[0.0000, ],
[10.0000, ],
[12.0000, ],
[6.0000, ],
[3.0000, ],
[18.0000, ],
[4.0000, ],
[1.0000, ],
[15.0000, ],
[3.0000, ],
[12.0000, ],
[16.0000, ],
[10.0000, ],
[7.0000, ],
[7.0000, ],
[14.0000, ],
[0.0000, ],
[20.0000, ],
[6.0000, ],
[12.0000, ],
[14.0000, ],
[5.0000, ],
[9.0000, ],
[14.0000, ],
[9.0000, ],
[8.0000, ],
[9.0000, ],
[22.0000, ],
[4.0000, ],
[9.0000, ],
[10.0000, ],
[6.0000, ],
[4.0000, ],
[3.0000, ],
[0.0000, ],
[1.0000, ],
[2.0000, ],
[12.0000, ],
[4.0000, ],
[6.0000, ],
[11.0000, ],
[7.0000, ],
[10.0000, ],
[10.0000, ],
[0.0000, ],
[0.0000, ],
[5.0000, ],
[15.0000, ],
[9.0000, ],
[5.0000, ],
[6.0000, ],
[4.0000, ],
[8.0000, ],
[6.0000, ],
[10.0000, ],


