[ 0,  8,  9,  0,  0,  0,  0,  0,  0,  0,  0,  0,  0,  0,  0,  0,  0,  0,  0,  0,  0,  0,  0,  0, ],
[ 0,  0,  0,  0,  0,  0,  0,  0,  0,  0, 12,  0,  0,  0,  0,  0,  0,  0,  0,  0,  0,  0,  0,  0, ],
[13,  0,  0,  0,  0,  0,  0, 11,  0,  2,  0,  0,  0,  8,  0,  0, 13,  0,  0,  0,  0,  0,  0,  0, ],
[ 1,  0,  0,  0,  0,  1, 11,  0,  0,  0,  0,  0,  0,  0,  0,  0,  0,  0,  0,  0,  0,  0,  0,  0, ],
[ 0,  0,  0,  0,  0,  0,  0,  0,  0,  0,  0,  0,  4,  0,  0, 12,  0,  0,  0,  0,  0,  0,  0,  0, ],
[10,  0,  0,  0, 14,  0,  8,  0,  0,  0,  0,  0,  0, 10,  0,  0,  0,  0,  0,  0,  0,  0,  0,  0, ],
[ 0,  0, 11,  0, 11,  0,  0,  0,  0,  0,  0,  0,  0,  0,  0,  0,  0,  0,  0,  0,  0,  0,  0,  0, ],
[ 0,  0,  0,  0,  0,  0,  0,  0,  6,  0, 10,  0,  0,  0,  0,  0,  0,  0,  0,  0,  0,  0,  0,  0, ],
[ 0,  0,  0,  0,  0,  0,  0,  0,  0, 13,  0,  0,  0,  0,  0,  0,  0,  0,  0,  0,  0,  6,  0,  0, ],
[ 0,  0,  3,  0,  7,  0,  0,  0,  0,  0,  0,  0,  0,  0,  0,  0,  0,  0,  0,  0,  0,  0,  0,  0, ],
[ 0, 12,  0,  0,  0,  0,  0,  0,  0,  0,  0,  0,  1,  0,  0,  0,  0,  0,  0,  0,  0,  0,  0,  0, ],
[ 0,  0,  0,  0,  0,  0,  0,  0,  0,  0,  0,  0,  0, 13,  1, 13,  0,  0,  0,  0,  0,  0,  0,  0, ],
[ 0,  0,  0,  0,  0,  4,  0,  0,  1,  0,  0,  0,  0,  5,  0,  0,  0,  0,  0,  0,  0,  0,  0,  0, ],
[ 0,  0,  0,  0,  0,  0,  0,  0,  0,  0,  0,  0,  0,  0,  0,  0, 12,  0,  4,  0,  0,  0,  0,  0, ],
[ 0,  0,  0,  0,  1,  0,  0,  0,  0,  0,  0, 10,  0,  0,  0,  0,  0, 11,  0,  0,  0,  0,  0,  0, ],
[ 0,  0,  0,  0,  0,  0,  0,  0,  0,  0,  0,  0,  0, 13, 13,  0,  0,  0,  0,  0,  2,  0,  0,  0, ],
[ 0,  0,  0,  0,  0,  0,  0,  0,  0,  7,  5,  0,  0,  0,  0,  0,  0,  0,  0,  0,  0,  0,  0,  0, ],
[ 0,  0,  0,  0,  0,  0,  9,  0,  0,  0,  0,  0,  0,  0,  0,  0,  0,  0,  0,  0,  0,  0,  0,  0, ],
[ 0,  0,  0,  0,  0,  8,  0,  0,  0,  4,  0,  0,  0,  0,  0,  0,  0,  0,  0,  0,  0,  0,  5,  0, ],
[ 0,  0,  0,  0,  0,  0,  0,  0,  0,  0,  0,  3,  0,  0,  0,  0,  0,  0,  0,  0,  0,  0,  0,  0, ],
[ 0,  0,  0,  0,  0,  0,  0,  0,  0,  0,  0,  0,  0,  0,  0, 14,  0,  0,  0,  0,  0, 14,  0,  0, ],
[10,  0,  0,  0,  0,  0,  0,  0,  0,  0,  0,  0,  9,  0,  0,  0,  0,  0,  0,  0,  0,  0, 11,  0, ],
[ 0,  0,  0,  0,  0,  0,  0,  0, 10,  0,  0,  0,  0,  0,  0,  0,  0,  0,  6,  0,  0,  0,  0,  0, ],
[ 0,  0,  8,  0,  0,  0,  0,  0,  0,  0, 14,  0,  0,  0,  0,  0,  0,  0,  0,  0,  0,  0,  0,  0, ],
[ 0,  0,  0,  0,  0,  0,  0,  9,  0, 11,  0,  0,  0,  0,  0,  0,  0,  0,  0,  0,  0,  0,  8,  0, ],
[ 0,  0,  0,  0,  0,  0, 11,  0,  0,  0,  0,  0, 10,  0,  0,  0,  9,  0,  0,  0,  0,  0,  0,  0, ],
[ 0,  0,  0,  0,  0,  0, 12,  0,  0,  8,  0,  0,  0,  0,  0,  0,  0,  0,  0,  0,  0,  0,  0,  0, ],
[ 0,  0,  0,  0,  1,  0,  0,  0,  0,  0,  0,  0,  0,  0,  0, 10,  0,  0,  0,  0,  0,  0,  0,  0, ],
[ 0,  0,  0,  0,  0,  0,  0,  0, 13,  0,  0,  0,  0,  0,  0, 13,  9,  0,  0,  0,  0,  0,  0,  0, ],
[ 2,  0,  7,  5,  0,  0,  0,  0,  0,  0,  0,  0,  0,  0,  0,  2,  0,  0,  0,  0,  0,  0,  0,  0, ],
[ 8,  0, 14,  0,  0,  0,  0, 12,  0,  0,  0,  0,  0,  0,  0,  0,  0,  0,  0,  0,  0,  0,  0,  0, ],
[ 0,  0,  0,  0,  0,  0,  0,  0,  7,  0,  0,  0,  0,  2,  0,  0,  6,  0,  0,  1,  0,  0,  0,  0, ],
[ 0,  6,  0,  0,  0,  0,  1,  0,  0,  0,  0,  0,  0,  0,  0,  0,  0,  0,  0,  0,  0,  0,  0,  0, ],
[ 4,  0,  0,  0,  0,  0, 13,  0,  0,  0,  0,  0,  0,  0,  0,  1,  0,  0,  0,  0,  0,  0,  0,  0, ],
[ 0,  0,  0,  0,  3,  0,  0,  0,  4,  8,  0,  0,  0,  0,  0,  7,  0,  0,  0,  0,  0,  0,  0,  0, ],
[ 0,  0,  0,  0,  0,  0,  0,  0,  0,  0,  0,  0,  0,  0,  0,  0,  0,  0,  0,  0,  0,  0,  0,  0, ],
[ 0,  0,  0, 13,  0,  0,  0,  0,  0,  0,  0,  0,  0,  0,  0,  0,  0,  0,  0,  0,  0,  0,  0,  8, ],
[ 0,  0,  0,  0,  0,  0,  0,  0,  0,  0,  0,  0,  5,  0,  0,  0,  0,  0,  0,  0,  0,  0,  0,  0, ],
[ 0,  0,  0,  0,  4,  0,  0,  0,  0,  0,  0,  0,  0,  0,  0,  0,  0,  0,  0,  0,  0,  0,  0,  0, ],
[ 0,  0, 14,  0,  0,  0,  0,  0,  0,  0,  0,  0,  0,  0,  0,  0,  0,  0,  0,  0,  0,  0,  0,  0, ],
[10,  1,  0,  0,  0,  0,  0,  0,  0, 12,  0,  0,  0,  0,  0,  6, 13,  0,  0,  0,  0,  0,  0,  0, ],
[ 0,  0,  0,  0,  0,  0,  0,  0,  0, 10,  0,  0,  0,  0,  0,  0,  0,  0,  0,  0,  0,  0,  0,  0, ],
[ 0,  0,  0,  0,  0,  0,  0,  0,  0,  0,  0,  0,  0,  0,  0,  0,  0,  0,  0,  0,  0,  0,  0,  0, ],
[ 0,  0,  0, 13,  0,  0,  0,  0, 14,  0,  0,  0,  0, 10,  0,  0,  0,  0,  0,  0,  0,  0,  0,  0, ],
[ 0,  0,  0,  0,  0,  0,  0,  0,  1, 14,  0,  0,  0,  0,  0,  0,  0,  0,  0,  0,  0,  0,  0,  0, ],
[ 0,  0,  1,  0,  0,  0,  0,  0,  0, 14,  0,  0,  0,  0,  0,  0,  4,  0,  0,  0,  0, 14,  0,  0, ],
[ 0,  9,  0,  0,  0,  0,  0,  0,  0,  0,  0,  0,  0,  6,  0,  0,  0,  2,  0,  0,  2,  0,  0,  0, ],
[ 0,  7,  0,  4,  0,  0,  0,  0,  0,  0,  0,  0,  0,  0,  0,  0,  0,  0,  0,  0, 12,  0,  0,  0, ],
[ 0,  0, 14,  0,  0,  0,  0,  0,  0,  0,  0,  0,  0,  0,  0,  0,  7,  0,  0, 11,  0,  0,  0,  0, ],
[ 0,  0,  0,  0, 14, 14,  0,  0,  0,  8,  0,  0,  0,  0,  0,  0,  0,  0,  0,  0,  0,  0, 11,  0, ],
[ 0,  0,  0,  0,  0,  0,  0,  0,  0,  0,  0,  0,  7,  0,  0,  0,  0,  0,  0,  0, 12,  0,  0,  0, ],
[ 0,  0,  0,  0,  6,  1,  0,  0,  0,  0,  0,  0,  4,  0,  0,  0,  0,  0, 13,  0,  0,  0,  0,  0, ],
[ 0,  0,  0,  0,  0,  0,  0,  0,  0,  0,  0,  0,  0,  0,  0,  0,  0,  0, 12,  0,  0,  0,  0,  9, ],
[ 0,  0,  6,  0,  0,  0,  0,  0, 12,  0,  0,  0,  0,  0,  0,  0,  0,  0,  0,  0,  2,  0,  0,  0, ],
[ 0,  0,  0,  0,  0,  0,  0,  0,  0,  0,  0,  0,  0,  0,  0,  0,  0,  0,  8,  0,  0,  0,  0,  0, ],
[ 0,  0,  0,  0,  0,  0,  0,  0,  0, 14,  0,  0,  0,  2,  0,  0,  0,  0,  0,  9,  0,  0,  0,  0, ],
[ 0,  0,  0,  0,  0,  0,  0,  0,  0,  0,  0,  0,  0,  0,  0, 11,  0,  0,  0,  0,  0,  0,  0,  0, ],
[ 0,  0,  0,  0,  0,  0,  0,  0,  0,  0,  0,  0,  0,  0,  0,  0,  0,  0,  0,  0,  0,  0,  0,  0, ],
[ 0,  6,  0,  0,  0,  0,  0,  0,  0,  0,  0,  0,  0,  0,  0,  0, 12,  0,  0,  0, 11,  0,  0,  0, ],
[ 0,  0,  0,  0,  0,  0,  0,  0,  0,  0,  0,  0,  0,  0,  0,  9,  0,  0, 14,  0,  0,  0,  6,  0, ],
[ 0,  0,  0,  0,  0,  0,  0,  0,  0,  5,  0,  0,  0,  0,  0,  0,  0,  0,  0,  0,  0,  0,  0,  0, ],
[ 0,  0,  0,  0,  0,  0,  0,  0,  0,  0,  0,  0,  0,  0,  0,  0,  0,  0,  0,  0,  0,  8,  0,  0, ],
[ 0,  0,  0,  0,  0,  0,  0,  0,  0,  0,  0,  2,  0,  0,  3,  0,  0,  0,  0,  0,  0,  0,  0,  0, ],
[ 0,  0,  0,  0,  0,  0,  0,  0,  0,  0,  0,  0,  0,  0,  0,  0,  0,  0,  0,  0,  0,  0,  0,  0, ],
[ 0,  0,  0,  0,  4,  0,  0,  0,  0,  0,  8,  0,  0,  0,  0, 12,  0,  0,  0,  0,  5,  0,  0,  0, ],
[ 0,  0,  0,  0,  0,  0,  0,  0,  0,  0,  7,  0,  0,  0,  0,  8,  0,  0,  0,  0,  0,  0,  0,  0, ],
[ 0,  0,  0,  0,  0,  0,  0,  0,  0,  0,  0,  0,  0,  0,  0,  0,  0,  1, 14,  0,  0,  0,  0,  0, ],
[ 0,  0,  0,  0,  0,  0,  0,  0,  0,  0,  0,  0,  0,  8,  4,  0,  0,  0,  0,  9,  0,  0,  0,  0, ],
[ 0,  0, 10,  0,  0,  0,  0,  0,  0,  0,  0,  0,  0,  0,  0,  0,  4,  0,  0,  4,  0,  0,  0,  0, ],
[ 0,  0,  0,  0,  0,  8,  0,  0,  3,  0,  0,  0,  0,  0,  0,  0,  0,  0,  2,  0,  0,  0,  0,  0, ],
[ 0,  0,  0,  0,  0,  0,  0,  0,  0,  0,  0,  1,  0,  0,  0,  0,  0,  0,  0,  0,  0,  0,  0,  0, ],
[ 0,  0,  0,  5,  0,  6,  0,  0,  0,  0,  0,  0,  0,  0,  0,  0,  0,  0,  0,  0, 14,  0,  0,  0, ],
[ 0,  0,  0,  0,  0,  0,  0,  0,  0,  0,  0,  0,  4,  0,  0,  0,  0,  0,  0,  0,  0,  0,  0,  0, ],
[ 0,  0,  1,  0,  0,  0,  0,  0,  0,  0,  0,  0,  0,  0,  0,  0,  0,  0,  0,  0,  0,  0,  0,  0, ],
[ 0,  0,  0,  0,  0,  0,  0,  0,  0,  0,  0,  0,  0,  0,  0,  0,  3,  0,  0,  0,  0,  0,  0,  0, ],
[ 0,  0,  0,  0, 13,  6,  0,  0,  0,  0,  0,  0,  4,  0,  0,  0,  0,  0,  0,  0,  0,  0,  0,  0, ],
[ 0,  0,  0,  0,  5, 12,  0,  0,  0,  0,  9,  0,  0,  0,  0,  0,  0,  0,  0,  0,  0,  0,  0,  0, ],
[ 0,  0,  0,  0,  0,  0,  0,  0,  0,  0,  0,  0,  0,  0,  0,  0,  0,  0,  0,  0,  0,  0,  0,  0, ],
[ 0,  0,  0,  0,  0,  0,  0,  0,  0, 14,  0,  0, 11,  0,  0,  1,  0,  0, 12,  0,  0,  0,  0,  0, ],
[ 0,  0,  0,  0,  0,  0,  0,  0,  0, 14,  0,  0,  0,  3,  0,  0,  0,  0,  0,  0,  0,  0,  0,  0, ],
[ 0,  0,  0,  0,  0,  0,  0,  0,  0,  0,  0,  0,  0,  0,  0,  0,  0,  0,  0, 13,  0,  0,  0,  0, ],
[ 0,  0,  4,  0,  0,  0,  0,  0,  0,  0,  0,  0,  0,  0,  0,  6,  0,  0,  0,  0,  0,  0,  0,  0, ],
[ 0,  0, 13,  0,  0,  0,  0,  0,  0,  0,  0,  0,  0,  0,  0,  0,  0,  0,  0,  0, 14,  0,  0,  0, ],
[ 0,  0,  0,  0,  0,  0,  6,  0,  0,  0,  0,  0,  0,  0,  0,  0,  0,  0,  0,  0,  0,  0,  0,  0, ],
[ 0,  0,  0,  0,  0,  0,  0,  0,  0,  7,  9,  0,  0,  0,  0,  0,  0,  0,  0,  0,  0,  0, 13,  0, ],
[ 0,  0,  0,  0,  0,  0,  0, 14,  0,  0,  0,  0,  0,  0,  0,  0,  0,  0,  0,  0,  0,  0,  0,  5, ],
[ 0,  0,  0,  0,  0,  0,  0,  0,  0,  0,  0,  5,  0,  0,  0,  0, 14,  0,  0,  0,  0,  0, 12,  3, ],
[ 0,  6,  0,  2,  0,  0,  0,  0,  0,  0,  0,  0,  0,  0,  0,  0,  0,  0,  0,  0,  6,  0,  8,  0, ],
[ 0,  0,  0,  0,  0,  0,  0,  0,  0,  0,  0,  3,  0,  0,  5, 11,  0,  0,  0,  0,  0,  0,  0,  0, ],
[ 3,  0, 11,  0,  0,  0,  0,  0,  0,  0,  0, 13,  0,  0,  0,  0,  0,  0,  0,  0,  0,  0,  0,  0, ],
[ 0,  0,  0,  0,  0,  0,  5,  0,  0,  0,  0,  4,  0,  0,  0,  0,  0,  0,  0,  0,  0,  0,  0,  0, ],
[ 0,  0,  0,  0,  0,  0,  0,  0,  0,  0,  0,  0,  0,  0,  4,  0,  0,  0,  0,  0,  0,  0,  0,  0, ],
[ 0,  0,  0,  0,  0,  0,  0,  0,  0,  0,  0,  0,  0,  0,  0,  0,  0,  0,  0,  0,  6, 12,  9, 14, ],
[ 0,  0,  0,  0,  0,  0,  0,  0,  6,  0,  0,  0,  0,  0,  0,  0,  0,  0,  0,  0,  0,  0,  3,  0, ],
[ 0,  0,  0,  0,  4,  0,  0, 12,  7,  0,  0,  0,  0,  0,  0,  0,  0,  0,  0,  0,  0,  0,  0,  0, ],
[ 9,  0,  0,  0,  0, 13,  0,  6,  4,  0, 14,  0,  0,  0,  0,  0,  2,  0,  0,  0,  0,  0,  0,  0, ],
[ 0,  0,  0,  0,  0,  0,  0,  0,  0,  0,  0,  0,  0,  2,  0,  0,  0,  0,  0,  0,  0,  0,  5,  0, ],
[ 0,  9,  0,  0,  0,  0,  0,  0,  9,  0,  0,  0,  0,  0, 11,  0,  0,  0,  0,  0,  2,  0,  0,  0, ],
[ 0,  0,  0,  0,  0,  0,  0,  0,  0,  0,  0,  0,  0,  0,  0,  0,  0,  0,  0,  0,  0,  0,  0,  0, ],
[ 0,  3,  0,  0,  0,  0,  4,  0,  0,  0,  0,  0,  9,  0,  0,  0,  7,  0,  0,  0,  0,  0,  0,  0, ],


[0.7554, -0.0708, ],
[-0.1958, -0.3134, ],
[0.1339, -0.3702, ],
[0.9179, 0.2335, ],
[-0.2120, 0.6324, ],
[0.5075, 0.0319, ],
[-0.6841, 0.3886, ],
[0.0986, 0.1855, ],
[-0.0216, -0.6367, ],
[-0.3770, 0.4511, ],
[-0.9564, -0.2588, ],
[0.0165, -0.3190, ],
[0.3846, -0.1424, ],
[0.8004, 0.2255, ],
[0.4014, 0.6045, ],
[-0.7077, -0.1375, ],
[-0.3687, -0.7363, ],
[-0.2708, 0.8329, ],
[0.5040, 0.4641, ],
[-0.0882, -0.7335, ],
[0.6977, 0.7636, ],
[0.4203, 0.0863, ],
[0.6455, 0.3188, ],
[0.9586, 0.0395, ],
[0.9377, 0.0218, ],
[0.0251, -0.0879, ],
[-1.0000, -0.4217, ],
[0.1359, -0.4795, ],
[0.1451, 0.3094, ],
[-0.5214, -0.5838, ],
[-0.6571, 0.3554, ],
[-0.0150, 0.5525, ],
[0.6537, -0.1230, ],
[0.6229, 0.8094, ],
[0.0133, -0.0932, ],
[0.1148, 0.3097, ],
[-0.7749, 0.3660, ],
[0.4183, -0.2284, ],
[0.6428, 1.0000, ],
[0.1096, 0.6104, ],
[0.5101, 1.0000, ],
[0.0451, 0.2151, ],
[0.7555, 0.5430, ],
[0.3531, -0.7468, ],
[0.1784, -0.2385, ],
[0.2679, 0.9247, ],
[-0.5499, 0.2164, ],
[-0.6384, -0.4691, ],
[-0.9126, -0.7344, ],
[0.8163, 1.0000, ],
[0.5296, -0.3088, ],
[0.1163, -0.4617, ],
[0.1344, -1.0000, ],
[0.0187, -0.6759, ],
[-0.1825, 0.3399, ],
[0.7917, -0.3786, ],
[0.6639, -0.0975, ],
[0.3906, -0.0828, ],
[-0.4967, 0.4126, ],
[0.2591, -0.3484, ],
[0.7945, 0.1435, ],
[-0.4520, 0.0536, ],
[-0.7729, 0.1419, ],
[0.7138, 0.3525, ],
[1.0000, 1.0000, ],
[0.4230, -0.8882, ],
[0.3129, 0.4494, ],
[0.3233, -0.3316, ],
[0.2681, 0.0627, ],
[0.7942, -0.1175, ],
[0.6835, 0.1257, ],
[-0.6611, 0.4304, ],
[-0.2589, 0.2776, ],
[-0.3730, 0.4753, ],
[-0.7082, 0.7807, ],
[-0.9845, -1.0000, ],
[0.1002, 0.4074, ],
[0.2591, 0.9585, ],
[0.0671, 0.0970, ],
[-0.5132, -0.7088, ],
[-0.4060, -0.8713, ],
[-0.1672, 0.4740, ],
[-1.0000, 0.2130, ],
[-0.5506, 0.7178, ],
[-0.4592, -0.0607, ],
[-0.4778, -0.3268, ],
[0.1868, 0.4968, ],
[0.9113, 0.0482, ],
[0.0006, -0.5281, ],
[0.5093, -0.4950, ],
[-0.5405, -0.1663, ],
[0.0502, 0.3747, ],
[0.1851, -0.3908, ],
[0.3581, 0.2818, ],
[-0.5994, 0.0539, ],
[-0.3791, -0.3546, ],
[-0.7111, 0.5193, ],
[0.7287, 0.4801, ],
[1.0000, 0.1518, ],
[0.4228, 0.1449, ],


[6.0000, ],
[4.0000, ],
[16.0000, ],
[6.0000, ],
[6.0000, ],
[15.0000, ],
[8.0000, ],
[7.0000, ],
[7.0000, ],
[5.0000, ],
[5.0000, ],
[9.0000, ],
[5.0000, ],
[6.0000, ],
[9.0000, ],
[9.0000, ],
[5.0000, ],
[3.0000, ],
[7.0000, ],
[2.0000, ],
[8.0000, ],
[11.0000, ],
[7.0000, ],
[7.0000, ],
[10.0000, ],
[11.0000, ],
[7.0000, ],
[5.0000, ],
[11.0000, ],
[7.0000, ],
[11.0000, ],
[8.0000, ],
[4.0000, ],
[7.0000, ],
[10.0000, ],
[0.0000, ],
[7.0000, ],
[2.0000, ],
[2.0000, ],
[4.0000, ],
[16.0000, ],
[4.0000, ],
[0.0000, ],
[12.0000, ],
[5.0000, ],
[11.0000, ],
[8.0000, ],
[9.0000, ],
[11.0000, ],
[15.0000, ],
[7.0000, ],
[10.0000, ],
[7.0000, ],
[8.0000, ],
[3.0000, ],
[8.0000, ],
[4.0000, ],
[0.0000, ],
[11.0000, ],
[10.0000, ],
[2.0000, ],
[3.0000, ],
[3.0000, ],
[0.0000, ],
[11.0000, ],
[6.0000, ],
[5.0000, ],
[8.0000, ],
[8.0000, ],
[6.0000, ],
[1.0000, ],
[9.0000, ],
[2.0000, ],
[1.0000, ],
[2.0000, ],
[9.0000, ],
[9.0000, ],
[0.0000, ],
[13.0000, ],
[6.0000, ],
[4.0000, ],
[5.0000, ],
[8.0000, ],
[3.0000, ],
[10.0000, ],
[6.0000, ],
[12.0000, ],
[10.0000, ],
[8.0000, ],
[10.0000, ],
[4.0000, ],
[2.0000, ],
[14.0000, ],
[5.0000, ],
[9.0000, ],
[17.0000, ],
[3.0000, ],
[11.0000, ],
[0.0000, ],
[10.0000, ],


