[ 0,  0,  0,  0,  0,  0,  0,  0,  0,  0,  9,  0,  0,  0,  0,  0,  0,  0,  0,  2,  0,  0,  0,  8, ],
[ 0,  9,  0, 14,  0,  0,  0,  0,  1,  0,  0,  0,  0,  0, 13,  0,  0,  0,  0,  0,  0,  0,  0,  0, ],
[ 0,  0,  0,  0,  0,  0,  0,  0,  0,  0,  0,  0,  0,  0,  0,  0,  0,  0,  5,  0,  0,  0,  0,  0, ],
[ 0,  0,  0,  0,  0,  0,  1,  3,  0,  0,  0,  0,  0,  0,  0,  0,  4,  2,  0,  0,  0,  0,  0,  0, ],
[ 0,  0,  0,  0,  0,  0,  0,  0,  0,  0,  0,  0,  0,  0,  0,  1,  0,  0,  4,  0,  0,  0,  9,  0, ],
[ 0,  0,  0,  0,  0,  0,  0,  0,  0,  0,  0,  0,  0,  0,  0,  0,  0,  0,  0,  0,  0,  0, 10,  0, ],
[ 0,  0,  0,  0,  0,  0,  0,  0,  0,  0,  0,  0,  0,  0,  0,  0,  0,  0,  5,  0,  0,  0,  0,  0, ],
[ 0,  4,  0,  0,  0,  0,  0,  0,  0,  0,  0,  0,  0,  0,  0,  0,  0,  0,  0,  0,  0,  0, 13,  0, ],
[ 0,  0,  0,  2,  0,  0,  0,  0,  0,  0,  0,  0,  0,  0,  0,  0,  0,  0,  0,  0,  0,  0,  0,  0, ],
[14,  0,  0,  0,  0,  0,  0,  0,  0,  0,  0,  0,  0,  0,  0, 10,  0,  0,  0,  4,  0,  0,  0,  0, ],
[ 0,  2,  0,  0,  0,  0,  0,  0,  0,  8,  0,  0,  0,  0,  0,  0,  0,  0,  0,  0,  0,  0,  0,  0, ],
[ 2,  0,  0,  0,  0,  0,  0,  0,  0,  0,  0,  0,  0,  0,  0,  0,  0,  0,  0,  8,  0,  0,  0,  0, ],
[ 0,  0,  0,  0,  0,  0,  0,  0,  0,  0,  0,  0,  0,  0,  0,  0,  0,  0,  0,  0,  9,  0,  0,  0, ],
[ 0,  0, 10,  0,  0,  0,  2,  0,  0,  0, 10,  0,  0,  0,  0,  0,  0,  0,  0,  0,  0,  0,  0,  0, ],
[ 0,  0,  0,  0,  0,  1,  0,  0,  0,  2,  0,  0,  0,  2,  0,  0,  0,  0,  4,  0,  0,  0, 10,  0, ],
[ 0,  0,  0,  0,  0,  0,  0,  0,  0,  0,  0,  0,  0,  0,  0,  0,  0,  0,  0,  2, 14,  0,  9,  0, ],
[ 1,  0,  0,  0,  0,  0,  0,  0,  0,  0,  0,  0,  0,  0, 14,  0,  6,  0,  0,  0,  0,  0,  0,  0, ],
[ 0,  0,  0,  0,  0,  0,  0,  0,  0,  0,  0,  0,  0,  0,  0,  0,  0,  0,  0,  0,  0,  0,  0,  0, ],
[ 7,  0,  0,  0,  2,  0,  0,  0,  0,  0,  0,  0,  0,  0,  4,  0,  0,  0,  0,  0,  0,  0,  0,  0, ],
[ 0,  0,  0,  2,  0,  0,  0,  0,  0,  0,  0,  0,  0,  0,  0,  0,  0,  0,  0,  0,  0,  0,  0,  0, ],
[ 0,  0,  0,  0,  0,  0,  0,  0,  0,  0,  0,  0,  0,  0,  0,  0,  0,  8,  0,  0,  0,  0,  0,  0, ],
[10,  0,  2,  0,  0,  0,  0,  0,  0,  0,  0,  0,  0,  0,  0,  0,  0, 10,  0,  0,  0,  0,  0,  0, ],
[ 0,  0,  0,  0,  0,  0,  0,  0,  0,  0,  8,  0,  0,  0,  0,  0,  0,  0,  0,  0,  0,  0,  0,  2, ],
[ 0,  0,  0,  0,  0,  0,  0,  0,  0,  0,  0,  0,  0,  0,  0,  0,  2,  0,  0,  0,  0,  0,  0,  0, ],
[ 0,  0,  0,  0,  0,  0,  2,  0,  0,  0,  1,  0,  0,  0,  0,  0,  0,  0,  2,  0,  0,  0,  0,  0, ],
[ 0,  0,  0,  0, 14,  0,  0, 13,  0,  0,  0, 11,  0,  0,  0,  0,  0, 13,  0,  0,  0,  0,  0,  0, ],
[ 0,  0,  0,  6,  0,  0,  6,  0,  0,  0,  0,  0,  0,  0,  0,  0,  0, 10,  0,  0,  0,  0,  0,  0, ],
[ 3,  0,  0,  0,  3,  0,  0,  0,  0,  0,  0,  0,  0,  0,  0,  0,  0,  0,  0,  0,  8,  0,  0,  0, ],
[ 0,  0,  0,  0,  0,  0, 14,  0,  0,  0,  0,  6,  0,  0, 11,  0,  0,  0,  0,  0,  0,  0,  0,  0, ],
[ 0,  0,  0,  0,  0,  0,  0,  0,  0,  0,  0, 13,  0,  0,  0,  0,  0,  0,  0,  0,  0,  0,  0, 14, ],
[ 0,  0,  0,  0,  0,  4,  0,  0,  0,  0,  0,  0,  0,  4,  0,  0,  0,  0,  0,  0,  0,  0,  0,  0, ],
[ 0,  0,  0,  0,  0,  0,  0,  0,  0,  0,  0,  0,  0,  0,  0,  0,  0,  0,  0,  0,  0,  0,  0,  0, ],
[ 0,  0,  0,  0,  0,  0,  0,  0,  0,  0,  0,  0,  0,  2,  0,  0,  0,  0,  0,  0,  0,  0,  0,  0, ],
[ 0,  1,  0,  0,  1,  0,  2,  0,  0,  0,  0,  0,  0,  0,  0,  0,  0,  0,  0,  0,  0,  0,  0,  0, ],
[ 0,  0,  0,  0,  0,  0,  0,  0,  0,  0,  0,  0,  0,  0,  0,  0,  0,  0,  0,  0,  0,  0,  0,  0, ],
[ 0,  0,  0,  0,  0,  0,  0,  0,  5,  0,  0,  0,  0,  0,  0,  0,  0,  0,  0,  0,  0,  0,  0,  0, ],
[ 0,  0,  0,  0,  0,  0,  0,  0,  0,  0,  0,  0,  0,  0,  4,  0,  0,  0,  0,  0,  0,  0,  0,  0, ],
[ 0,  0,  0,  0,  1,  0,  0,  0,  0,  0,  0,  0,  0,  0, 10,  0,  2,  3,  0,  0,  0,  0,  0,  0, ],
[ 0,  0,  0,  0,  0,  0,  0,  0,  0,  0,  0,  0,  0,  0,  0,  0,  0,  0,  4,  0,  6,  0,  0,  0, ],
[ 0,  0,  0,  0,  0,  0,  0,  0,  0,  0,  0,  0,  0,  0,  0,  0,  0,  0,  0,  0,  5,  0,  0,  0, ],
[ 8,  0,  0,  0,  0,  0,  0,  0,  0,  0,  0,  0,  0,  0,  0,  0,  0,  0,  0,  0, 11,  0,  0,  0, ],
[ 0,  6,  5, 12, 13,  0,  0,  0,  0,  0,  0,  0,  0,  0, 12,  0,  0,  0,  0,  0,  0,  2,  0,  0, ],
[ 0,  0,  0,  0,  0,  0,  0,  0,  0,  0,  0,  0,  0,  0,  0,  0,  0,  0,  1,  0,  0,  0,  0,  0, ],
[ 1,  0,  0,  0,  0,  0,  0,  0,  0,  0,  1,  0,  0,  0,  0,  0,  0,  0,  0,  0,  0,  4,  0,  0, ],
[ 0,  0,  4,  0,  0,  0,  0,  0,  0,  0,  0,  0,  0,  0,  2,  0,  0,  1,  0, 10,  0,  5,  0,  0, ],
[ 0,  0,  0,  0,  0,  0,  0,  0,  0,  0,  0,  0,  0,  0,  0,  6,  7,  0,  0,  0,  0,  0,  0,  0, ],
[ 0,  0,  0,  0,  7,  0, 10,  0,  0,  0,  0,  0,  0, 10,  0,  0,  0,  0,  3,  0,  0,  0,  0,  0, ],
[ 0,  0,  0,  0,  0,  0,  0,  0,  0,  0,  0,  9,  0,  0,  0,  0,  0,  0,  0,  0,  0,  0,  4,  8, ],
[ 0,  0,  0,  0,  0,  0,  0,  0,  0,  0,  0,  7,  0,  0,  0,  0,  7,  0,  0,  0,  0,  0,  0,  0, ],
[ 0,  0,  0,  0,  0,  0,  0,  0,  0,  0,  0,  0,  0,  0,  0,  0,  0,  0,  0,  0,  0,  0,  0,  0, ],
[ 0,  0,  0,  0,  0,  0,  0,  0,  0,  0,  0,  0,  3,  0,  0,  0,  0,  0,  0,  0,  0,  0,  0,  0, ],
[ 0,  0,  0,  0,  0,  0,  0,  0,  0,  0,  8,  0,  0,  0,  0,  0,  0,  0,  0,  0,  6,  0,  0,  0, ],
[ 8,  0,  0,  0,  0,  0,  0,  0,  0,  0,  0,  0,  0,  0,  0,  0, 12,  0,  0,  0,  0,  0,  0,  0, ],
[ 0,  0,  0,  0,  0,  0,  0,  0,  0,  0,  0,  0,  0,  0,  0,  0,  0,  0,  0,  0,  2,  0, 11,  0, ],
[ 0,  0,  6,  0,  0,  0,  0,  0,  0,  0,  0,  0,  0,  0,  6,  0,  0,  0,  0,  0,  0,  0,  0,  0, ],
[ 0,  0,  0,  0,  0,  0,  9,  0,  7,  0,  0,  6,  0,  0,  0,  0,  0,  0,  0,  0,  0,  0,  0, 10, ],
[ 0,  0,  0,  0,  7,  0,  0,  5,  0,  0, 10,  0,  0,  0,  0,  0,  0,  0,  0,  1,  0,  0,  0,  0, ],
[ 8,  0,  0,  0,  0,  0,  0,  0,  0,  0,  0, 11,  0,  0,  0,  0,  0,  0,  0, 11,  0,  0,  0,  0, ],
[ 0,  0,  0, 10,  0,  0,  0,  0,  0,  0,  0,  0,  0,  0,  0,  0,  0,  7,  0,  1,  0,  0,  0,  0, ],
[ 0,  7,  0,  0,  0,  0,  0,  0,  0,  0,  0,  0,  0,  0,  0,  0,  9,  0,  0,  0,  0,  0,  0,  0, ],
[ 0,  0,  0,  0,  0,  0,  0,  0,  0,  0,  0,  0,  0,  0,  0,  0,  0,  0,  7,  0,  0,  0,  0,  0, ],
[ 0,  0,  0,  0,  0,  0,  0,  0,  0,  0,  0,  0,  0,  0,  0,  0,  0,  0,  0,  0,  0,  0,  0,  0, ],
[ 0,  0,  0,  0,  0,  0,  0,  0,  0,  0,  0,  0,  0,  0,  0,  0,  0,  0,  0,  0,  0,  0,  0,  0, ],
[ 0,  0,  0,  0,  0,  0, 14,  0,  0,  0,  0,  0,  3,  0,  0,  0,  0, 12,  0,  0,  0,  0,  0,  0, ],
[ 0,  0,  0,  0,  0,  0,  0,  0,  0,  0,  0,  0,  0,  0,  0,  0,  0,  0,  0,  0,  0,  4,  0,  0, ],
[ 0,  0,  0,  0,  0,  0,  0,  0,  0,  0,  0,  0,  0,  0,  0,  0,  0,  0,  0,  0,  0,  0,  0,  6, ],
[ 0,  0,  0,  0,  0,  0,  7,  0,  0,  0,  0,  0,  0,  0,  0,  0, 10,  0,  0,  0,  0,  0,  0,  0, ],
[ 0,  0,  0,  0,  0,  0,  0,  0,  0,  0,  0,  0,  0,  0,  0,  0,  0,  0,  0,  0,  0,  0,  0, 12, ],
[ 0,  0,  0,  0,  0,  0,  5,  0,  0,  0,  9,  0, 13,  0,  0,  0,  6,  0,  0,  0,  0,  0,  0,  0, ],
[ 0,  0, 13,  0,  0,  0,  0,  0,  0,  0,  0,  0,  0,  0,  0,  0,  0,  0,  9,  0,  0,  0,  0,  0, ],
[11,  0,  0,  0,  0,  0,  0,  0,  0,  0,  0,  0,  0,  0,  0,  0,  0,  8,  0,  0,  0, 12,  0,  0, ],
[ 0,  0,  0,  0,  0,  0,  0,  0,  0, 14,  0,  0,  0,  0,  0,  0,  0,  0,  0,  0,  0,  0, 14,  0, ],
[ 0,  0,  7,  0,  0,  3,  0,  0,  0,  5,  0,  0,  9,  0,  0,  0,  0,  0,  0,  3,  0,  0,  0,  0, ],
[ 0,  0,  0,  0,  0,  0,  0,  0,  0,  0,  0,  0,  0,  0,  0,  0,  0,  0,  0,  0,  0,  0,  8,  0, ],
[ 0,  0,  0,  0,  0,  0,  4,  0,  0,  0,  0,  0,  0,  0,  0,  0,  0,  0,  0,  0, 11,  0,  0,  0, ],
[ 0,  1,  0,  0,  0,  0,  4,  0,  0, 14,  0,  0,  0,  0,  0,  6,  0,  0,  0,  0,  0,  0,  0,  0, ],
[ 0,  0,  0,  0, 14,  0,  0,  0,  0,  0,  0,  0,  0,  0,  0,  0,  0,  0,  0,  0,  0, 11,  0,  0, ],
[ 0,  0,  0,  0,  0,  0,  0,  0,  0,  0,  0,  0,  0,  0,  0,  0,  0,  0,  0,  0,  1,  0,  0, 11, ],
[ 0,  0,  0,  0,  0,  5,  0,  0,  0,  0,  0,  0,  0,  0,  0,  0,  0,  0,  0,  0,  0,  0,  0,  0, ],
[14,  0,  0,  0,  0,  0,  0,  5,  0,  0,  0,  0,  0,  0,  0,  0, 13,  0,  0,  0,  0,  0,  0,  0, ],
[ 0,  0,  0,  0,  0,  0,  6,  0,  0,  0,  0,  0,  0, 12,  0,  0,  0,  0,  0,  0,  0,  0,  0,  0, ],
[ 0,  0,  0,  0,  0,  0,  0,  0,  0,  0,  0,  0,  0,  0,  0, 12,  0,  0,  0,  0,  0,  0,  0,  0, ],
[ 0,  0,  0,  0,  0,  0,  0,  0,  0,  0,  0,  0,  0,  0,  0,  0,  0,  9,  0,  0,  0,  0,  0,  0, ],
[ 0,  0,  0,  0,  0,  0,  0,  0,  0,  0,  0,  0,  0,  0,  5,  0,  0,  0,  0,  0,  0,  0,  0,  0, ],
[ 0,  0,  0,  6,  0,  0,  0,  0,  0,  0,  0,  0,  0, 14,  0,  0,  0,  0,  0,  0,  0,  2,  0,  0, ],
[ 0,  0,  0,  0,  0,  0,  0,  0,  0,  0,  0,  0,  0,  0,  0,  0,  0,  0,  0,  3,  0,  0,  0,  0, ],
[ 0,  0,  0,  0,  0,  0,  0,  0,  0,  0,  0,  0,  0,  0,  0,  0,  0,  0,  0,  0,  0,  0,  0,  0, ],
[ 0,  0,  0, 11,  7,  0,  0,  0,  0,  0,  2,  0,  0,  0,  0,  0,  0,  0,  0,  8,  0,  0,  0,  4, ],
[ 0,  0,  0,  0,  0,  0,  0,  0,  0,  0,  0,  0,  0,  0,  0,  0,  0,  0,  4,  0,  0,  0,  0,  0, ],
[ 0,  0,  0,  0,  0,  0,  0,  0,  0,  0,  0,  0,  0,  0,  0,  0,  0,  0,  0,  0,  8,  4,  0,  0, ],
[ 0,  0,  0,  0,  0,  0,  0,  0,  0,  0,  0,  0,  0,  7,  0,  0,  0,  0,  0,  0,  0,  5,  0,  1, ],
[ 0,  0,  0,  0,  0,  0,  0,  0,  1,  0,  0,  0,  0,  0,  0,  0,  0,  0,  0,  0,  0,  0,  0,  0, ],
[ 0,  0,  0,  0,  0,  0, 10,  5,  0,  0,  0,  0,  0,  0,  0,  0,  0,  0,  0,  0,  3,  0,  0,  0, ],
[ 0,  0,  0,  0,  0,  0,  0,  0,  0,  0,  0,  0,  0,  0,  0,  0,  0,  7,  0,  0,  0,  4,  0,  0, ],
[ 0,  0,  0,  0,  0,  0,  0,  0,  0,  0,  0,  0, 14,  0,  0,  0,  0,  0,  0,  0,  0,  0,  0,  0, ],
[ 0,  0,  0,  0,  0,  0,  0,  0,  0,  0,  0,  1,  0,  0,  1,  2,  0,  1,  0,  0,  0,  0,  0,  0, ],
[ 0,  0,  0,  0,  0,  0,  0,  0,  0,  0,  0,  8,  0,  0,  0,  0,  0,  0,  0,  0,  0,  0,  1,  0, ],
[ 6,  0,  0,  0,  0,  8,  0,  0,  0,  0,  0,  0,  0,  0,  0,  0,  0,  0,  0,  0,  0,  0,  0,  0, ],
[ 0,  0,  0,  0,  0,  0,  0, 11,  0,  0,  0,  0,  0,  0,  0,  0,  0,  0,  0,  0,  0,  0,  0,  0, ],
[ 8,  0,  0,  0,  0,  4,  0,  0,  0, 14,  0,  0,  0, 13,  0,  0,  0,  0,  0,  0,  0,  0,  0,  0, ],


[-0.7137, 0.9277, ],
[0.7201, -0.3228, ],
[0.1007, 0.7556, ],
[-0.9226, 0.5607, ],
[-0.6461, 0.1987, ],
[0.1581, 0.2492, ],
[-0.8037, -0.7027, ],
[0.1635, 0.5220, ],
[-0.1264, 0.3737, ],
[0.9952, -0.9583, ],
[-0.4373, 0.1563, ],
[-0.2941, -0.7698, ],
[-0.3878, 0.8472, ],
[-0.0362, -0.4766, ],
[-0.3263, -0.3794, ],
[0.9260, -0.7242, ],
[-0.8998, -0.5363, ],
[-0.3139, -0.5190, ],
[0.3071, 0.5179, ],
[0.0982, 0.8709, ],
[0.3062, 0.5943, ],
[-0.7303, -0.2771, ],
[-0.0789, 1.0000, ],
[0.6396, 0.4770, ],
[-0.4821, 0.5315, ],
[0.3513, -0.0418, ],
[-0.3918, -0.1051, ],
[0.0450, -0.0387, ],
[0.1541, -0.2154, ],
[0.5559, -0.8848, ],
[-0.7044, -0.7817, ],
[0.0795, -0.4780, ],
[0.6299, -0.3012, ],
[0.2814, -0.3761, ],
[0.1747, -0.2560, ],
[-0.6407, -0.8463, ],
[-0.7081, -0.6707, ],
[-0.7723, 0.8571, ],
[0.3413, 0.9095, ],
[0.4193, 0.8025, ],
[-0.9559, 0.2934, ],
[-0.1596, 0.1386, ],
[-0.6984, 0.0249, ],
[0.4029, 0.2653, ],
[0.3025, 0.5378, ],
[0.0688, 0.4164, ],
[0.7879, 0.2698, ],
[-0.7474, 0.5100, ],
[0.6284, -0.3425, ],
[-0.7535, -0.3046, ],
[0.8846, 0.0253, ],
[0.2369, -0.9698, ],
[0.2403, -0.9652, ],
[-0.7903, 0.3165, ],
[0.1199, 0.2229, ],
[0.4577, 0.4168, ],
[0.9945, -0.3131, ],
[0.2154, -0.3862, ],
[-0.9166, 0.9647, ],
[0.1304, -0.7210, ],
[-0.2961, 0.0483, ],
[-0.7993, 0.1444, ],
[0.8303, 0.5113, ],
[-0.2733, -1.0000, ],
[-0.8872, -0.8377, ],
[0.5127, 0.0002, ],
[0.7224, 0.8231, ],
[-0.3576, -0.5872, ],
[-0.4515, -0.4360, ],
[-0.8035, -0.2528, ],
[0.0139, -0.9027, ],
[0.5575, -0.8842, ],
[-0.1562, -0.4784, ],
[-0.7401, 0.5732, ],
[-0.4720, 0.6241, ],
[-0.9555, 0.3966, ],
[0.4863, -0.0756, ],
[0.9824, -0.8846, ],
[0.6033, 0.7328, ],
[-0.4517, 0.2945, ],
[-0.0037, -0.4776, ],
[-0.5935, -0.9345, ],
[-0.6933, 0.1272, ],
[-0.0757, 0.7744, ],
[-0.1039, 0.7735, ],
[0.8917, 0.4472, ],
[0.2057, 0.2786, ],
[-0.0659, -0.2858, ],
[0.8987, -0.1022, ],
[0.1620, -0.3428, ],
[0.4385, 0.4460, ],
[-0.4784, -0.1213, ],
[-0.8112, -0.4430, ],
[-0.1229, -0.5883, ],
[-0.5510, 0.3551, ],
[-0.4138, 0.3241, ],
[-0.6136, 0.8507, ],
[-0.1882, 0.7267, ],
[-0.6999, 0.3095, ],
[0.8116, 0.8480, ],


[7.0000, ],
[12.0000, ],
[2.0000, ],
[6.0000, ],
[6.0000, ],
[4.0000, ],
[2.0000, ],
[6.0000, ],
[1.0000, ],
[10.0000, ],
[4.0000, ],
[4.0000, ],
[3.0000, ],
[9.0000, ],
[9.0000, ],
[8.0000, ],
[8.0000, ],
[0.0000, ],
[6.0000, ],
[1.0000, ],
[3.0000, ],
[9.0000, ],
[4.0000, ],
[1.0000, ],
[3.0000, ],
[16.0000, ],
[10.0000, ],
[7.0000, ],
[11.0000, ],
[8.0000, ],
[4.0000, ],
[0.0000, ],
[1.0000, ],
[3.0000, ],
[0.0000, ],
[2.0000, ],
[2.0000, ],
[8.0000, ],
[5.0000, ],
[2.0000, ],
[7.0000, ],
[18.0000, ],
[1.0000, ],
[4.0000, ],
[10.0000, ],
[6.0000, ],
[13.0000, ],
[8.0000, ],
[6.0000, ],
[0.0000, ],
[2.0000, ],
[6.0000, ],
[7.0000, ],
[5.0000, ],
[6.0000, ],
[13.0000, ],
[10.0000, ],
[11.0000, ],
[8.0000, ],
[6.0000, ],
[3.0000, ],
[0.0000, ],
[0.0000, ],
[10.0000, ],
[2.0000, ],
[3.0000, ],
[7.0000, ],
[4.0000, ],
[12.0000, ],
[7.0000, ],
[11.0000, ],
[8.0000, ],
[12.0000, ],
[3.0000, ],
[6.0000, ],
[10.0000, ],
[8.0000, ],
[5.0000, ],
[2.0000, ],
[10.0000, ],
[7.0000, ],
[4.0000, ],
[3.0000, ],
[2.0000, ],
[8.0000, ],
[2.0000, ],
[0.0000, ],
[13.0000, ],
[2.0000, ],
[5.0000, ],
[6.0000, ],
[1.0000, ],
[8.0000, ],
[5.0000, ],
[4.0000, ],
[4.0000, ],
[4.0000, ],
[6.0000, ],
[4.0000, ],
[13.0000, ],


