[ 0,  0,  0,  1,  0,  0,  0,  0,  0,  0,  0,  0,  2,  0,  0,  0,  0,  0,  0,  0,  0,  0,  0,  0, ],
[ 0,  0, 13,  0,  0,  0,  0,  0,  0,  0,  0,  0,  2,  0,  0,  0,  0,  2,  0,  0,  0,  0,  0,  0, ],
[ 0,  2,  0,  0,  0,  0,  0,  0,  0,  0,  0,  0,  0,  0,  0,  0,  0,  2,  0,  8,  0,  0,  0,  0, ],
[ 0,  7,  2,  0,  0,  2,  0,  0,  0,  0,  0,  0,  0,  0,  0,  0,  0,  0,  0,  0,  0,  0,  0,  0, ],
[ 0,  0,  0,  4,  0,  0,  0,  0,  0,  0,  0,  0,  1,  0,  1,  0,  0,  0,  0,  0,  0,  0,  0,  0, ],
[ 2,  0,  0,  0,  0,  0,  0,  0,  0,  0,  0,  0,  0,  0,  0,  0,  0,  2,  0,  0,  0,  0,  0,  0, ],
[ 0,  0,  0,  0,  0,  0,  7,  0,  0,  0,  0,  0,  0,  2,  0,  0,  0,  0,  0,  0,  0,  4,  0,  0, ],
[ 0,  0,  2,  2,  0,  0,  0,  0,  0,  0,  0,  0,  0,  0,  0,  1,  0,  0,  0,  0,  0,  0,  0,  0, ],
[ 0,  0,  0,  0,  0,  0,  0,  0,  0,  0,  0,  0,  8,  0,  0,  0,  0,  0,  0,  0,  0,  0,  0,  0, ],
[ 0, 11,  0,  0,  0,  0,  0,  2,  0,  0,  0,  0,  0,  0,  0,  0,  0,  0,  0,  2,  0,  0,  0,  0, ],
[ 0,  0,  0,  4,  2,  0,  0,  0,  0,  0,  0,  0,  0,  0,  0,  0,  0,  2,  0,  0,  0,  0,  0,  0, ],
[ 0,  0,  0,  0,  0,  0,  0,  0,  0,  0,  0,  0,  0,  0,  0,  0,  0,  0,  8,  0,  0,  4,  0,  0, ],
[ 0,  0,  0,  0,  0,  0,  0,  0,  0,  0,  0,  0,  0,  2,  7,  0,  0,  0,  0,  0,  0,  0,  0,  0, ],
[ 0,  0,  0,  0,  0,  0,  0,  0,  0,  0,  0,  0,  0,  0,  8,  0,  0,  0,  7,  2,  0,  0,  0,  0, ],
[ 0,  0,  0,  0,  0,  0,  0,  0,  0,  0,  0,  0,  0,  4,  4,  0,  0,  0,  0,  0,  0,  0,  0,  0, ],
[ 0,  0,  0, 13,  0,  0,  0,  0,  0,  0,  0,  0,  2,  2,  0,  0,  0,  0,  0,  0,  0,  0,  0,  0, ],
[ 1,  0,  0,  2,  0,  0,  0,  0,  0,  0,  0,  0,  0,  0,  0,  0,  0,  1,  0,  0,  0,  0,  0,  0, ],
[ 0,  0,  0,  0,  0,  0,  0,  0,  0,  0,  0,  0,  0,  0,  0,  0,  0,  0,  2,  0,  0,  0,  0,  2, ],
[ 0,  0,  2,  0,  0,  0,  0,  0,  0,  0,  0,  0,  0,  0,  4,  0,  0,  0,  8,  0,  0,  0,  0,  0, ],
[ 0,  0,  0,  0,  0,  0,  0,  2,  0,  0,  0,  0,  0,  0,  4,  0,  0,  7,  0,  0,  0,  0,  0,  0, ],
[ 0,  0,  0,  0,  0,  0,  0,  0,  0,  0,  2,  0,  0,  0,  8,  2,  0,  0,  0,  0,  0,  0,  0,  0, ],
[ 0,  4,  0,  0,  0,  0, 13,  0,  0,  0,  0,  0,  0,  0,  0,  0,  0,  0,  0,  0,  0,  0,  0,  0, ],
[ 0,  0,  0,  0,  0,  0,  0,  0,  0,  0,  0,  0,  0,  0,  0,  0,  0,  8,  0, 13,  0,  0,  0,  0, ],
[ 0,  2,  0,  0,  0,  0,  0,  0,  0,  0,  0,  0,  0,  0,  0,  0,  2,  2,  0,  0,  0,  0,  0,  0, ],
[ 8,  0,  0,  0,  0,  0,  0,  0,  0,  0,  0,  0,  0,  0,  0,  0,  0,  0,  7,  0,  0,  0,  0,  0, ],
[ 0,  0, 13,  0,  0,  0,  0,  0,  0,  0,  0,  0,  0,  0,  2,  2,  0,  0,  0,  0,  0,  0,  0,  0, ],
[ 0,  0,  0,  0,  0,  7,  0,  0,  0,  0,  0,  0,  0,  0,  0,  2,  0,  1,  0,  0,  0,  0,  0,  0, ],
[ 0,  2,  0,  0,  0,  0,  0,  0,  0,  0,  0,  0,  0,  0,  0,  0,  0,  0,  0,  2,  0,  0,  0,  0, ],
[ 0,  0,  0,  0,  0,  0,  0,  0,  0,  0,  0,  0,  8,  0,  0,  0,  0,  7,  0,  8,  0,  0,  0,  0, ],
[ 0,  0,  8,  0,  0,  0,  0,  0,  0,  0,  0,  0,  8,  2,  0,  0,  0,  0,  0,  0,  0,  0,  0,  0, ],
[ 0,  0,  0,  0,  0,  0,  0,  0,  0,  0,  0,  0,  0,  0,  0, 13,  0,  7,  0,  0,  0,  0,  0,  0, ],
[ 2,  0,  0,  2,  0,  0,  0,  0,  0,  0,  0,  0,  0,  0,  0,  0,  0,  2,  0,  0,  0,  0,  0,  0, ],
[ 2,  0,  0,  0,  2,  1,  0,  0,  0,  0,  0,  0,  0,  0,  0,  0,  0,  0,  0,  0,  0,  0,  0,  0, ],
[ 0,  0,  0,  0,  0,  7,  0,  0,  0,  0,  0,  0,  8,  0,  0,  4,  0,  0,  0,  0,  0,  0,  0,  0, ],
[ 0,  2,  0,  0,  0,  0,  0,  0,  0,  0,  0,  0,  0,  0,  0,  0,  0, 13,  0,  0,  0,  0,  0,  0, ],
[ 0,  0,  0,  0,  0,  1,  2,  2,  0,  0,  0,  0,  0,  0,  0,  0,  0,  0,  0,  0,  0,  0,  0,  0, ],
[ 0,  8,  0,  0,  0,  0,  0,  0,  0,  0,  0,  0,  0,  0,  2,  0,  0,  0,  0,  0,  0,  0,  0,  0, ],
[ 0,  0,  0,  0,  7,  0,  0,  0,  0,  0,  0,  0,  2,  2,  0,  0,  0,  0,  0,  0,  0,  0,  0,  0, ],
[ 0,  0,  0,  2,  0,  1,  0,  0,  0,  0,  0,  0,  0,  0,  2,  0,  0,  0,  0,  0,  0,  0,  0,  0, ],
[ 0,  0,  0,  0,  0,  0,  8,  0,  0,  0,  0,  0,  2,  0,  0,  0,  0,  0,  0,  0,  0,  0,  0,  0, ],
[ 0,  0,  0,  0,  0,  0,  0,  8,  0,  0,  0,  0, 13,  0,  0,  2,  0,  0,  0,  0,  0,  0,  0,  0, ],
[ 0,  0,  0, 13,  0,  0,  0,  0,  0,  0,  0,  0,  0,  0,  0,  4,  0,  0,  1,  0,  0,  0,  0,  0, ],
[ 0,  0,  2,  0,  0,  0,  0,  0,  0,  0,  0,  0,  0,  0,  0,  0,  1,  0,  0,  0,  0,  4,  0,  0, ],
[ 0,  0,  2,  0,  0,  0,  0,  0,  0,  0,  0,  0,  0,  0,  4,  0,  0,  0,  0,  2,  0,  0,  0,  0, ],
[ 0,  0,  0,  0,  0,  0,  7,  2,  0,  0,  0,  0,  0,  0,  0,  0,  0,  0,  0,  0,  0,  0,  0,  0, ],
[ 2,  8,  0,  0,  0,  0,  0,  0,  0,  0,  0,  0,  0,  0,  0,  0,  0,  0,  0,  0,  0,  0,  0,  0, ],
[ 0,  0,  0,  0,  0,  0,  1,  0,  0,  0,  0,  0,  0,  0,  0,  0,  8,  2,  0,  0,  0,  0,  0,  0, ],
[ 2,  0,  0,  0,  1,  0,  0,  0,  0,  0,  0,  0,  0,  0,  0,  0,  0,  7,  0,  0,  0,  0,  0,  0, ],
[ 8,  0,  0,  0,  0,  0,  1,  0,  0,  0,  0,  0,  0, 13,  0,  0,  0,  0,  0,  0,  0,  0,  0,  0, ],
[ 0,  0,  2,  0,  0,  0,  0,  0,  0,  0,  0,  0,  0,  0,  0,  0,  0,  0,  2,  0,  0,  0,  0,  0, ],
[ 0,  0,  0,  0,  0,  0,  0,  0,  7,  0,  0,  0,  0,  0,  0,  0,  0,  0,  0,  0,  2,  0,  0,  0, ],
[ 0,  0,  0,  0,  0,  0,  6,  0,  0, 13,  0, 14,  0,  0,  0,  0,  0,  0,  0,  0,  0,  0,  0,  0, ],
[ 0,  0,  0,  5,  0,  0,  0, 14,  0,  0,  0,  0,  0,  0, 10,  0,  0,  0,  0, 10,  6,  0,  0,  0, ],
[ 0,  0,  0,  0,  0,  0,  0,  0,  0,  0,  0,  0,  0,  0,  0,  0,  0,  0,  0,  0,  0,  0,  0,  0, ],
[ 0,  9,  0,  0,  7,  0,  0,  0,  0,  0,  0, 10,  0,  0,  0, 11,  0,  0,  0, 14,  0,  0,  0,  0, ],
[ 0,  0, 11,  0,  0, 12,  0,  0,  0,  0,  0,  0,  0,  0,  0,  0,  0,  0,  0,  0,  0,  0,  0,  0, ],
[ 0,  0,  0,  0,  0,  0,  0,  0,  0,  0,  0,  0,  0,  0,  0,  0,  0,  0,  0,  0,  0,  0,  0,  0, ],
[ 4,  0,  0,  0,  0,  0,  0,  0,  0,  4,  0,  0,  0,  0,  0,  2,  0,  0,  0,  0,  0,  0,  0,  0, ],
[ 0,  0,  0,  0,  0,  0,  0,  0,  0,  0,  0,  0,  0,  0,  0,  0,  0,  0,  0,  6,  0,  0,  0,  0, ],
[ 0,  0,  0,  0,  5,  3,  0,  0,  0,  0,  0,  0,  0,  0,  0,  0,  0,  0,  0,  0,  0,  0,  0,  0, ],
[ 0,  0,  0,  0,  0,  0,  0,  0,  0,  0,  0,  0,  0,  0,  0,  0,  0,  0,  0,  0,  0,  0,  0,  0, ],
[ 0,  0,  0,  0,  0,  0,  0,  1,  0,  0,  0,  0,  0,  0,  0,  0,  0,  0,  0,  0,  0,  0,  0,  0, ],
[ 0,  0, 14,  0,  0,  0, 14,  0,  0,  0,  0,  0,  0,  8,  0,  0,  0,  0,  0,  0,  0,  0, 10,  0, ],
[ 0,  0,  0,  0,  0,  0,  0,  0,  0,  5,  0,  0,  0,  0,  0,  0,  0,  0,  0,  0,  0,  0,  0,  0, ],
[ 0,  0,  0,  0,  6,  0,  0,  0,  0,  0,  3,  0,  6,  0,  0,  0,  0,  0,  0,  0,  0,  0,  0,  0, ],
[ 0,  0,  0,  0,  0,  1,  0,  5,  0, 12,  0,  0,  0,  0,  0,  0,  0,  0,  0,  0,  0,  0,  0,  0, ],
[ 0,  0,  0,  0,  0,  0,  0,  0,  0,  5,  0,  0,  0,  0,  0,  0,  0,  0,  0,  7,  0,  0,  0,  0, ],
[ 0,  0,  0,  0,  0,  0,  0,  0,  7,  0,  0,  0,  0,  0,  0,  0,  0,  0,  3,  0,  0,  0,  0,  0, ],
[ 0,  0,  0,  0,  0,  0,  0,  0, 10,  0,  0,  0,  0,  0,  0,  4,  0,  0,  0,  0,  0,  0,  0,  0, ],
[ 0,  0,  0,  0,  0,  0,  0,  0,  0,  0,  0,  0,  0,  0,  6,  0,  0,  0,  0,  0,  0,  0,  0,  0, ],
[ 0,  0,  0,  0,  0,  0,  0,  0,  2,  0,  0,  0,  0,  8,  8,  0,  0,  0,  0,  0,  0,  0,  0,  0, ],
[ 0,  0,  0,  0,  0,  0,  0,  0,  0,  2,  0,  0,  0,  0, 13,  0,  0,  0,  0,  0,  0,  0,  0,  0, ],
[ 0,  0,  0,  0,  5,  0,  0,  0,  0,  0,  0,  0,  0,  0,  0,  7,  0,  0,  0,  0, 14,  0,  0,  0, ],
[ 0,  0,  5,  0,  0,  0,  0,  0,  0,  0,  0,  0,  3,  0,  7,  0,  0,  0,  8,  0,  0,  0,  9,  0, ],
[ 0,  0,  0,  0,  0, 14,  0,  0,  0,  4,  9,  0,  0,  0, 10,  0,  0,  0,  0,  0, 10,  0,  0,  0, ],
[ 0,  0,  0,  0,  0,  0,  0,  0,  0,  0,  0,  5,  0,  7,  0,  0,  0, 14,  0,  0,  0,  0,  0,  0, ],
[ 0,  0,  0,  0,  0,  0,  0,  0,  0,  0,  0,  0,  0,  0,  0,  0,  0,  0,  0,  0,  0,  0,  0,  0, ],
[ 0,  6,  0, 12,  0,  0,  0,  0,  0,  0,  0,  0,  0,  0,  0,  0, 10,  0,  0,  0,  0,  0,  0,  0, ],
[ 0,  0,  0,  0,  0,  0,  0,  0,  0,  2,  0,  0,  0,  0,  0,  0,  0,  0,  0,  0,  0,  0,  0,  0, ],
[ 0,  0,  0,  9,  6,  0,  0,  0,  0,  0,  0,  0,  0,  0,  0,  0,  0,  0,  0,  0,  1,  0,  0,  0, ],
[ 0,  0,  0,  0,  0,  0,  0,  0,  9,  0,  0,  0,  0,  0,  0,  0,  0,  0,  0,  0,  0,  0,  0,  0, ],
[ 0,  0,  0,  0,  0,  0,  0,  0,  0,  0,  0,  0,  0,  0,  0,  0,  0,  0,  0,  0,  0,  0,  0,  0, ],
[ 0,  0,  0,  0,  0,  0,  0,  5,  0,  0,  0,  2,  0,  0,  0,  0,  0,  0,  0,  0,  0,  0,  0,  0, ],
[ 0,  0,  0,  0,  0,  0,  0,  0,  4,  0,  0,  0,  0,  0,  0,  0,  0,  0,  0,  0,  0,  0,  0,  0, ],
[ 0,  0,  1,  0,  0,  0,  0,  0,  0,  0,  0,  0,  0,  0,  0,  0,  0,  0,  6,  0,  0,  0,  0,  0, ],
[ 0,  0,  0,  0,  0,  0,  0,  0, 13,  0, 14,  0,  0,  0,  0,  0,  0,  0,  0,  0,  0,  0,  0,  0, ],
[ 0,  6,  0,  0,  0,  0,  0,  0,  0,  0,  0,  9,  0,  0,  0,  3,  0,  0,  0,  0,  0,  0,  0,  0, ],
[ 0,  0,  0,  0,  0,  0,  0,  0,  0,  0,  6,  0,  0,  0,  0,  0,  0,  0,  0,  0,  0,  0,  0,  0, ],
[ 0,  0,  0,  0,  0,  0,  0,  0,  0,  0,  0,  0,  0,  5, 13,  5,  0,  0,  0,  0,  0,  0,  3,  0, ],
[ 0,  0,  0,  0,  0,  0,  0,  0,  0, 11,  0,  0,  0,  0,  1,  0,  6,  0,  0,  0,  0,  0,  0,  0, ],
[ 0,  0,  0,  0,  0,  0,  0,  0,  0,  0,  3,  0,  0,  8,  0,  0,  0,  0,  0,  0,  0,  0,  4,  0, ],
[ 0,  0,  0,  0,  0,  0,  0,  0,  0,  0,  0,  3,  0,  0,  0,  0,  9,  0,  0,  8,  0,  0,  0,  7, ],
[ 0,  0,  0,  0,  0,  0,  0,  0,  0,  0,  0,  0,  0,  0,  0,  0,  0,  0,  0,  0,  0,  0,  0,  0, ],
[ 0,  0,  0,  0,  0,  0,  0,  0,  0,  0,  0,  0,  0,  0, 11,  0,  0,  6,  0,  0,  0,  0,  0,  0, ],
[ 0,  0,  0,  0,  0,  0,  0,  0,  0,  0,  0,  0,  0,  0,  0,  0,  0,  0,  0,  0,  0,  0,  0,  4, ],
[ 0,  0,  0,  0,  0,  0,  0,  0,  0,  0,  0, 11,  0,  0,  0,  0,  0,  0,  0,  0,  0,  0,  0,  0, ],
[ 0,  0,  9,  0,  0,  6,  0,  0,  0,  8,  0,  0, 10,  0,  0,  0,  0,  0,  0,  0,  0,  0,  0,  0, ],
[10,  0,  0,  0,  0,  0,  0,  0,  0,  0,  0, 14,  0,  0,  0,  0,  0,  0,  0,  1,  0, 13,  0,  0, ],
[ 0,  0,  0,  0,  0,  0,  0,  0,  0,  0, 14,  0,  0,  0,  0,  0,  0,  0,  0,  0,  0,  0,  0,  0, ],
[ 0,  0,  0,  0,  0,  0,  0,  0,  0,  0,  0,  0,  0,  0,  0,  0,  0,  0,  0,  0,  0,  0,  0,  9, ],


[0.4377, 0.1732, ],
[0.1167, 1.0000, ],
[0.2920, -0.0165, ],
[-0.3297, 0.3786, ],
[0.3177, 0.2237, ],
[0.4936, -0.2720, ],
[0.4326, 0.7103, ],
[0.2767, -0.2181, ],
[0.2468, 0.6616, ],
[-0.5323, -0.3259, ],
[-1.0000, 0.9056, ],
[0.2135, 0.2217, ],
[0.0382, 0.7947, ],
[0.0670, 0.3520, ],
[-0.6019, 0.0945, ],
[-0.4867, 0.3803, ],
[-0.0008, -0.2176, ],
[-0.3725, -0.5269, ],
[-0.4369, 0.7586, ],
[0.8502, 0.4314, ],
[1.0000, 0.3335, ],
[-0.5637, 0.7600, ],
[0.0862, 0.6351, ],
[1.0000, 0.8389, ],
[1.0000, -1.0000, ],
[0.4157, -0.8581, ],
[-0.5343, 0.2658, ],
[-0.5412, 0.7506, ],
[0.0091, 0.2109, ],
[-0.0198, 0.3182, ],
[-0.5855, 1.0000, ],
[-0.3146, 0.3086, ],
[0.4264, 0.5681, ],
[0.7625, 0.7757, ],
[-0.9213, 0.4075, ],
[0.7843, 0.4520, ],
[0.8084, -0.2415, ],
[0.0815, 0.9620, ],
[0.0818, 0.7987, ],
[1.0000, -0.5661, ],
[-0.1569, -0.2176, ],
[1.0000, 0.3407, ],
[1.0000, -0.6016, ],
[0.4021, 0.0437, ],
[1.0000, 0.2374, ],
[0.4875, 0.6733, ],
[-0.6648, 1.0000, ],
[-0.6288, 0.7399, ],
[-0.3191, 0.7694, ],
[0.7972, 0.4660, ],
[-0.8328, 0.9839, ],
[0.2811, -0.6441, ],
[0.2168, 0.9375, ],
[0.1243, -0.2559, ],
[0.8189, 0.6960, ],
[0.3413, 0.8541, ],
[0.7171, 0.6250, ],
[0.1471, 0.1120, ],
[-0.1548, 0.3608, ],
[0.8144, 0.4413, ],
[-0.5928, 0.5205, ],
[0.1143, -0.3115, ],
[-0.4185, -0.9732, ],
[0.1520, -0.6283, ],
[0.7191, 0.7637, ],
[0.4295, 0.1894, ],
[0.2463, -0.5930, ],
[-0.1178, -0.9669, ],
[-0.0981, 0.8862, ],
[0.2638, 0.4782, ],
[-0.0680, -0.4581, ],
[-0.5862, -0.3086, ],
[0.6256, -0.9835, ],
[0.2245, 0.4173, ],
[0.6202, 0.2880, ],
[0.5613, 0.5616, ],
[0.4591, 0.5119, ],
[0.6543, -0.4479, ],
[-0.9244, -0.0888, ],
[-0.5455, -0.5057, ],
[0.4314, 0.6764, ],
[0.6680, -0.4109, ],
[-0.8300, -0.1373, ],
[0.7342, -0.5822, ],
[0.5429, -0.0630, ],
[-0.5523, 0.3978, ],
[-0.2000, -0.3802, ],
[0.3924, -0.0706, ],
[-0.7593, -0.2027, ],
[0.7878, -0.8317, ],
[-0.8589, 0.0238, ],
[-0.7482, -0.3761, ],
[0.5757, -0.9211, ],
[-0.4300, 0.5227, ],
[-0.4753, 0.8860, ],
[0.8036, 0.4377, ],
[-0.0168, 0.9503, ],
[0.7772, -0.8638, ],
[0.6201, -0.6452, ],
[0.6371, 0.7274, ],


[2.0000, ],
[6.0000, ],
[5.0000, ],
[5.0000, ],
[4.0000, ],
[2.0000, ],
[6.0000, ],
[3.0000, ],
[3.0000, ],
[6.0000, ],
[4.0000, ],
[5.0000, ],
[4.0000, ],
[7.0000, ],
[4.0000, ],
[6.0000, ],
[3.0000, ],
[2.0000, ],
[6.0000, ],
[6.0000, ],
[5.0000, ],
[6.0000, ],
[7.0000, ],
[3.0000, ],
[6.0000, ],
[6.0000, ],
[5.0000, ],
[2.0000, ],
[9.0000, ],
[7.0000, ],
[7.0000, ],
[3.0000, ],
[3.0000, ],
[8.0000, ],
[5.0000, ],
[3.0000, ],
[4.0000, ],
[5.0000, ],
[3.0000, ],
[4.0000, ],
[8.0000, ],
[7.0000, ],
[4.0000, ],
[4.0000, ],
[4.0000, ],
[4.0000, ],
[5.0000, ],
[5.0000, ],
[8.0000, ],
[2.0000, ],
[4.0000, ],
[11.0000, ],
[17.0000, ],
[0.0000, ],
[18.0000, ],
[8.0000, ],
[0.0000, ],
[5.0000, ],
[3.0000, ],
[4.0000, ],
[0.0000, ],
[1.0000, ],
[15.0000, ],
[2.0000, ],
[8.0000, ],
[7.0000, ],
[5.0000, ],
[5.0000, ],
[6.0000, ],
[3.0000, ],
[7.0000, ],
[5.0000, ],
[9.0000, ],
[13.0000, ],
[17.0000, ],
[9.0000, ],
[0.0000, ],
[11.0000, ],
[1.0000, ],
[7.0000, ],
[3.0000, ],
[0.0000, ],
[3.0000, ],
[2.0000, ],
[4.0000, ],
[8.0000, ],
[8.0000, ],
[3.0000, ],
[10.0000, ],
[8.0000, ],
[7.0000, ],
[11.0000, ],
[0.0000, ],
[7.0000, ],
[2.0000, ],
[4.0000, ],
[13.0000, ],
[13.0000, ],
[4.0000, ],
[3.0000, ],


