[ 0,  0,  0,  0,  0,  0,  0,  0,  0,  0,  0,  0,  9,  0,  0,  0,  0, 10,  0,  2,  0,  0,  0,  0, ],
[ 0,  0,  0,  0,  0,  0,  0,  0,  0,  0,  0, 10,  0, 11,  6,  0,  0,  0,  7,  0,  0,  0,  0,  0, ],
[ 0,  2,  0,  0,  0,  0,  0,  0,  0,  0,  0,  0,  0,  0,  0,  0,  0,  0,  0,  0,  0,  0,  1,  0, ],
[ 0,  0,  0,  0,  0,  0,  0,  0,  0,  0,  0,  0,  0,  8,  0,  0,  0,  0,  2,  0,  0,  0,  0,  0, ],
[ 0,  0,  0,  0,  0,  0,  0,  0,  0,  0,  0,  0,  0,  1, 11,  0,  0,  0,  0,  0,  0,  0,  0,  0, ],
[ 0,  0,  0,  0,  0,  0,  0,  0, 10,  4,  0,  0,  0,  0,  0,  0,  0,  0,  0,  0,  0,  0,  0,  2, ],
[ 0,  0,  0,  0, 11,  0,  0,  0,  0,  0,  0,  0,  0,  0,  0,  0,  0,  3,  0,  0,  0,  0,  0,  0, ],
[ 0,  0,  0,  2,  0,  0,  0,  0,  0,  0,  0,  0,  0,  0,  0,  0,  0,  0,  0,  0,  0,  0,  0,  0, ],
[ 0,  3,  0,  0,  0,  0,  0,  0,  0,  0,  0,  0,  0,  8,  0,  0,  0,  0,  0,  0,  0,  0,  0,  0, ],
[ 0,  0,  0,  0,  0,  0,  0,  0,  0,  0,  0,  0,  0,  0,  5,  0,  0,  0,  0,  0,  0,  4,  5,  4, ],
[ 0,  0,  0,  0,  0,  0,  0,  0,  0, 13,  0,  0,  2,  0,  0,  0,  0,  0,  6,  0,  0,  0,  0,  0, ],
[ 0,  0,  0,  0,  0,  0,  0,  0,  6,  0,  0,  0,  0,  0,  0,  0,  0,  0,  0,  8,  0,  0,  0,  0, ],
[ 0,  0,  0,  0,  0,  0,  0,  0,  0,  0,  0,  0,  0,  0,  0,  0,  0,  0,  0,  0,  0,  0,  0,  0, ],
[13,  0,  0,  0,  1,  3,  7,  6,  0,  0,  0,  0,  0,  0,  0,  0,  0,  5,  0,  0,  0,  0,  0,  0, ],
[ 0,  0,  0,  0,  0,  0,  0,  0,  0,  0,  0,  0,  0,  0,  0,  0,  0,  0,  0,  0,  0,  0,  0,  0, ],
[ 0,  0,  0,  0,  0,  0,  0,  0,  0,  8,  0,  0,  0,  0,  0,  5,  0,  0,  1,  0,  0,  0,  0,  0, ],
[ 0,  1,  0,  0,  0,  5,  0,  1,  0,  0,  0,  0,  0,  0,  2,  9,  0,  0,  0,  0,  0,  0,  0,  0, ],
[ 0,  0,  0,  0,  0,  0,  0,  0,  0,  0,  0,  0,  0,  0,  0,  2,  0,  1,  0,  0,  0,  0,  0,  0, ],
[ 0,  0, 11,  0,  0, 10,  7,  0,  0,  0,  0,  0,  0,  0,  0,  2,  3,  0,  0,  0,  0,  0,  0,  0, ],
[ 0, 14,  2,  0,  0,  0,  0,  0,  0,  0, 11,  0,  0, 13,  0,  0,  0,  0,  0,  0,  0,  0,  0,  0, ],
[ 0,  0,  0,  0, 13,  0,  4,  0,  0,  0,  0,  0,  0,  0,  0,  4,  0,  0,  0,  0,  0,  0,  0,  0, ],
[ 0,  0,  0,  0,  0,  0,  0,  0,  0,  0,  0,  0,  0,  0,  0,  0,  0,  0,  9,  0,  0,  0,  0,  0, ],
[ 0,  0,  0,  0,  0,  0,  3,  2,  6, 12,  0,  0,  6,  0,  0,  0,  0,  0,  6,  0,  0,  0,  4,  0, ],
[ 0,  0, 12,  0,  4,  0,  0,  0,  0,  0,  0,  0,  0,  0,  0,  0,  0,  6,  0,  0,  0,  0,  0,  4, ],
[ 0,  0,  0,  0,  9,  0,  0,  0,  0,  0,  0,  0,  0,  0, 10,  0,  0,  7,  0,  0,  3,  0,  0,  0, ],
[ 0,  0,  0,  0,  2,  0,  0,  1,  0,  0,  0, 14,  0,  0,  0,  0,  0,  0,  0,  0,  7,  0,  0,  0, ],
[ 0,  0,  0,  0,  0,  0, 11,  0,  0,  0,  0,  0,  0,  0,  0,  0,  0, 10,  0,  0,  4,  7,  0,  0, ],
[ 0,  0,  0,  0,  0,  0,  0,  0,  0,  0,  0,  0,  0,  0,  0,  0,  0,  0,  0,  0,  0,  0,  0,  0, ],
[ 0,  0,  0,  0,  0,  0,  0,  0,  0,  0,  0,  0,  0,  0,  0,  0,  0,  0,  5,  0,  0,  6,  0,  0, ],
[ 0,  0,  0,  0,  0,  0,  0,  0,  0,  0,  2,  0,  0,  0,  0,  0,  0,  0,  0,  0,  0,  0,  0,  0, ],
[ 0,  0,  0,  0,  0,  0,  0,  0,  0,  0,  0,  0,  0,  0,  0,  0,  0,  0,  0,  0,  0,  2,  0,  0, ],
[ 0,  0,  0,  0,  0,  0,  0,  5,  0,  0,  0,  1,  9,  0,  0,  0,  0,  0,  0,  0,  0,  0,  0,  0, ],
[ 0,  0,  0,  0,  0,  0,  0,  0,  0,  0,  7,  0, 13,  0,  0,  0,  0,  0,  0,  0,  0,  0,  0,  0, ],
[ 0,  0,  0,  0,  0,  0,  0,  0,  0,  0,  0,  0,  0,  0,  0,  1,  0,  0,  0,  0,  0,  0,  0,  0, ],
[ 0,  0,  0,  0,  1,  0,  0,  0,  0,  0,  0,  0,  0,  5,  7,  0,  0,  0,  2,  0,  0,  1,  0,  0, ],
[ 0,  0,  0,  0,  0,  0,  8,  0,  0,  0,  1,  0,  0,  0,  0,  0,  0,  2,  0,  0,  0,  0,  0, 14, ],
[ 0,  0,  0,  0,  0,  0,  0,  0,  0,  0,  0,  0,  0,  0,  0,  0,  0,  0, 11,  0,  0,  0,  0,  0, ],
[ 0,  0,  0,  0,  6,  0,  0,  0,  0,  0,  0,  0,  0,  0,  0,  1,  0,  0,  0,  0,  4,  0,  0,  0, ],
[ 0,  0,  0,  0,  0,  0,  0,  0,  0,  0,  0,  0,  0,  0,  0,  0,  2,  0,  0,  9,  0,  0,  0,  0, ],
[ 0,  0,  0,  0,  0,  0, 14,  0,  0,  0,  0,  0,  0,  0,  0,  0,  0,  0,  0,  0,  0,  0,  0,  0, ],
[ 0,  0,  0,  0,  0,  0,  0,  0,  0,  0,  0,  0,  0,  0,  0,  0,  0,  0,  0,  0,  0,  0,  0,  0, ],
[ 0,  0,  0,  0,  0,  0,  0,  0,  0, 10,  0,  0,  0,  0,  0,  0,  0,  0,  0,  0, 10,  0,  0,  0, ],
[ 0,  0,  0,  0,  0,  0,  0,  0,  0,  0,  0,  0,  0, 13,  0,  0,  0,  0,  0,  0,  0,  8,  0,  0, ],
[ 0,  0,  0,  0,  2,  0,  0,  0,  0,  0,  0,  0,  0,  0,  0,  0,  0,  0,  0,  0,  0,  0,  0,  0, ],
[ 0,  0,  0,  0,  0,  0,  0, 10,  0,  0,  0,  0,  0,  0,  0,  0,  0,  0,  0,  0,  0,  0,  0,  0, ],
[ 0,  0,  0,  0,  0,  0,  0,  0, 13,  0,  0,  0,  0,  0,  0,  0,  0,  0,  0,  0,  0,  0, 12,  0, ],
[ 0,  0,  0,  0,  0,  0,  0,  0,  0,  0,  0,  4,  0,  0,  0,  0,  0, 10,  0,  2,  0,  0,  4,  0, ],
[ 0,  0,  0,  0,  0,  0,  0,  6,  0,  0,  0,  0,  0,  0,  0, 10,  0,  0,  0,  0,  0,  0,  0,  4, ],
[ 0,  0,  5,  0,  0,  0,  0,  0,  0,  0,  0,  0,  0,  0,  0,  0,  0,  0,  7,  0,  0,  0,  6,  1, ],
[ 0,  0,  0,  8,  0,  0,  0,  0,  0,  0,  0,  0,  0,  0,  0,  0,  0, 11,  0,  0,  0,  0,  0,  0, ],
[ 0,  0,  0,  0,  0,  0,  0,  8,  0,  7,  0,  0,  0,  0,  0,  0,  0,  0,  4,  0,  0,  0,  0,  6, ],
[ 0,  0,  0,  0,  0,  0,  0,  0,  0,  0,  0,  0,  0,  0,  0,  0,  0,  0,  0,  0,  0,  0,  0,  0, ],
[13,  0,  0,  0,  0, 10,  0,  0,  0,  0,  0,  0,  0,  0,  0,  0,  0, 10, 14,  0,  0,  0,  0,  0, ],
[ 0,  0,  0,  0,  0,  0,  0,  0,  2,  0,  0,  0,  0,  0,  0,  0,  0,  0,  3,  8,  0,  0,  0,  0, ],
[ 0,  0,  0,  0,  0,  0,  0,  0,  0,  0,  0,  0,  0,  0, 14,  0,  0,  0,  0,  0,  0,  0,  0,  0, ],
[ 0,  0,  0,  0,  0,  0,  0,  0,  0,  0,  0, 14,  0, 11,  0,  0,  0,  0,  0,  0,  0,  0,  0,  0, ],
[ 7,  0,  7,  0, 13,  0,  0,  0,  0,  0,  0,  0,  0,  0,  0,  0,  0,  0,  0,  0,  0,  0,  0, 11, ],
[ 0,  0,  0,  0,  0,  0,  0,  0,  0,  0,  0,  0,  0,  0,  0,  0,  0,  0,  0,  0,  0,  0,  0,  0, ],
[ 0,  0,  0,  0,  0,  0,  0,  0,  0,  0,  0,  0,  0,  0,  0, 12,  0,  0,  0,  0,  0,  0,  0,  0, ],
[ 0,  0,  0,  0, 12,  0,  0,  0,  0,  2,  0,  0,  0, 12,  0,  0,  0,  0,  0,  0,  0,  0,  0,  0, ],
[ 0,  0,  0,  0,  0,  0,  0,  0, 10,  0,  0,  0,  0,  0,  0,  0,  0,  0,  0,  0,  0,  0,  0,  0, ],
[ 0, 14,  0,  0,  0,  0,  0,  0,  0,  0, 10,  0,  0,  0,  0,  7,  0,  0,  0,  0,  0,  0,  0,  0, ],
[ 0,  0,  0,  0,  0,  0,  0,  0,  0,  0,  0,  0,  0,  0,  0,  0,  0, 10,  0,  0, 12,  0,  0,  0, ],
[ 0,  0,  0,  0,  0,  0,  0,  0,  0,  0,  0,  0,  0, 12,  0,  0,  0,  0,  0,  0,  3,  0,  0,  0, ],
[ 0,  0,  0,  0,  0,  0,  0,  0,  0,  8,  0,  0,  0,  0,  4,  0,  0,  0,  0,  0,  0,  0,  0,  0, ],
[ 0,  0,  0,  0,  0,  0,  0,  0,  0,  0,  0,  0,  9,  0,  0, 10,  0,  0,  3,  0,  0,  0,  0, 14, ],
[ 0,  0,  0,  0,  0,  0,  0,  0,  0,  0,  0,  0,  0,  0,  0,  0,  0,  0,  0,  0, 10,  0,  0,  0, ],
[ 0,  0,  0,  0,  0,  0,  0,  0,  0,  3,  0,  0,  4,  0,  0,  3,  0, 14,  0,  0,  0,  0,  0,  0, ],
[ 0,  0,  0,  0,  0,  0,  0,  0,  0,  0,  1,  0,  0,  0,  0,  0,  0,  0, 10,  0,  0,  0,  0,  0, ],
[ 0,  0,  0,  0,  0,  0,  0,  0,  0,  0,  0,  0,  0,  0,  0,  0,  0,  0, 11,  0,  6,  0,  0,  0, ],
[ 0,  0,  0,  0,  0,  0,  0,  0,  0,  0,  0,  0,  0,  0,  0,  0,  0,  0,  0,  0,  0,  0,  0,  0, ],
[ 0,  0,  0,  0,  0,  0,  0,  0,  0,  0,  0, 10,  0,  0,  0,  0,  0,  0,  6,  0,  0,  0,  0,  0, ],
[ 0,  0,  0,  0,  0,  8,  0,  0,  0,  0,  0,  0,  0,  0,  8,  0,  0,  0,  0,  0,  0,  0,  7,  0, ],
[ 0,  0,  0,  8,  0, 13,  0,  0,  0,  0,  0,  0,  0,  0,  0,  0,  0,  0,  0,  0,  0,  0,  0,  0, ],
[ 0,  0,  0,  0,  0,  0,  0,  0,  0,  0,  0,  0,  0,  0,  0,  0,  0,  0,  0, 12,  0,  0,  0,  0, ],
[ 0,  0,  0,  0,  0,  1,  0,  1,  0, 14,  0,  0, 11,  0,  0,  0,  0,  0,  0,  0,  0,  0,  0,  0, ],
[ 0,  0,  2,  0,  0,  0,  0,  0,  0,  6,  0,  0,  0,  2,  0,  0,  0,  0,  0,  0,  0,  0,  0,  1, ],
[ 0,  0,  0,  0,  0,  0,  0, 11,  0,  2,  0,  0,  0,  0, 14, 12,  0,  0,  0,  0,  0,  0,  0,  0, ],
[ 0,  0,  0,  0,  0,  0,  0,  0,  0,  0,  0,  0,  0,  0,  0,  0,  0,  0,  0,  0,  0,  0,  0,  0, ],
[ 0,  4,  0,  0,  0,  4,  0,  0,  0,  0,  0,  0,  0,  0,  0,  0,  0,  0,  0,  0,  0,  0,  0,  0, ],
[ 0,  0,  0,  0,  0,  0,  0,  0,  0,  0, 11,  0,  0,  0,  0,  0,  0,  0,  0,  0,  0,  0,  0,  0, ],
[ 0,  0,  0,  0,  0,  0,  0,  0,  0,  0,  0,  2,  0,  0,  0,  0,  0,  0,  0,  0,  0,  0, 12,  0, ],
[ 0,  0,  0,  0,  0,  0,  0,  0,  0,  0,  0,  0,  0,  0,  0,  0,  0,  0,  0,  0,  0,  0,  0,  0, ],
[ 0,  0,  0,  0,  0, 14,  0,  0,  8,  0,  0,  0,  0,  0,  0,  0,  0,  0,  0,  0,  0,  0,  0,  4, ],
[ 7,  2,  0,  0,  0,  0,  0,  0,  0,  3,  0,  0,  0,  1,  0,  0,  0,  0,  0,  0,  0,  0,  0,  0, ],
[ 0,  0,  0,  0,  0,  0,  0,  0,  0, 13,  0,  0,  0,  0,  0,  0,  0,  0,  0,  0,  0,  0,  0,  0, ],
[12,  0,  0,  0,  0,  0,  0,  0,  0,  0,  0,  0,  6,  0,  0,  0,  4,  0,  0,  0,  0,  0,  0,  0, ],
[ 0,  0,  0,  0,  0,  0,  0,  0,  0,  0,  0,  0,  0, 13,  0,  0,  0,  0,  0,  0,  0,  2,  0,  0, ],
[ 0,  0,  0,  0,  0,  0,  0,  0,  0,  0,  9,  0,  0,  0,  0,  0,  0,  0,  0,  0,  3,  0,  0,  0, ],
[ 0,  0,  0,  0,  0,  0,  0,  0,  0,  0,  0,  0,  0,  0,  0,  7,  0, 14,  0,  4, 13,  0,  0,  0, ],
[ 0,  0,  0,  0,  0,  0,  0,  0,  0,  0,  0, 13,  0,  0,  0,  0,  0,  0,  0,  0,  0,  8,  0,  0, ],
[ 0,  7,  0,  0,  0,  0,  0,  0,  0,  0,  4,  0,  0,  0,  0,  0,  0,  8,  0,  0,  0,  0,  0,  0, ],
[ 0,  0,  0,  0,  0,  0,  0,  0,  0,  2,  0,  0,  0,  0,  0, 13,  0,  3,  0,  0,  0,  0,  0,  0, ],
[ 0,  0,  0,  0,  0,  0,  0,  0,  0,  0,  0,  1,  0,  0,  0,  6,  0,  0,  0,  0,  0,  0,  0,  0, ],
[ 0,  9,  0,  0,  0,  0,  0,  0,  0,  3,  3,  0,  0,  0,  0,  8,  6,  9,  0,  0,  0,  0,  0,  0, ],
[ 0,  0,  0,  0,  0,  3,  3,  0,  0,  0,  0,  0,  0,  0, 12,  0,  0,  0,  0,  0,  0,  0,  0,  0, ],
[ 0,  0,  0,  0,  0,  0,  0,  0,  0,  0,  0,  0,  0,  0,  0,  0,  0,  0,  0,  0,  0,  0,  0,  0, ],
[ 0,  0,  0,  8,  0,  0,  0,  0,  0,  0,  0,  0,  0,  0,  0,  0,  4,  0,  0,  0,  0,  0,  0,  0, ],
[ 0,  0,  0,  0,  0,  0,  0,  0,  0,  0,  0,  0,  0,  0,  0,  0,  0,  0,  8,  0,  0, 10,  0,  0, ],
[ 0,  0,  0,  0,  0,  0,  0,  0,  0,  0,  0,  0,  0,  0,  0,  0,  0,  0,  0,  0,  0,  0,  0,  0, ],


[0.0341, 0.9735, ],
[-0.2514, 0.0957, ],
[0.1049, 0.5114, ],
[-0.9226, 0.7423, ],
[0.4665, 0.9414, ],
[0.6319, -0.9342, ],
[-0.7717, 0.3750, ],
[0.5487, -0.0700, ],
[-0.0606, 0.6345, ],
[-0.2495, -0.9093, ],
[-0.0286, -0.0996, ],
[0.0176, -0.4529, ],
[0.2355, 0.7341, ],
[0.5528, 0.4470, ],
[0.4751, -0.6180, ],
[-0.5195, 0.0551, ],
[0.9981, 0.9399, ],
[0.0296, 0.6715, ],
[0.6602, -0.4255, ],
[-0.5616, -0.8145, ],
[0.6114, 0.8067, ],
[0.4884, -0.3632, ],
[0.4336, 0.0811, ],
[-0.6463, -0.5905, ],
[0.8457, 0.4361, ],
[-0.6249, 0.4289, ],
[-0.3080, -0.3657, ],
[-0.0775, 0.9002, ],
[0.4973, 0.0909, ],
[0.6359, -0.4613, ],
[-0.4790, 0.3463, ],
[0.5172, 0.6676, ],
[0.7543, -0.1874, ],
[0.2417, 0.7810, ],
[-0.6240, 0.1560, ],
[-0.8660, 0.7610, ],
[0.4002, 0.1642, ],
[-0.2890, -0.3201, ],
[-0.2790, -0.4119, ],
[0.5116, -0.6255, ],
[-0.7274, -0.9778, ],
[0.0428, 0.1284, ],
[1.0000, 0.0249, ],
[0.2783, -0.8872, ],
[-0.1534, -0.2032, ],
[0.7533, -0.2279, ],
[-0.0625, 0.2164, ],
[-0.5134, -0.9911, ],
[0.8782, -0.7393, ],
[0.8534, -0.2949, ],
[-0.2481, -0.0591, ],
[0.4795, -0.1568, ],
[0.4195, -0.7753, ],
[-0.3197, 0.0729, ],
[-0.4424, 0.7249, ],
[0.4310, 0.7980, ],
[0.0319, -0.0427, ],
[-0.1996, 0.2953, ],
[-0.5008, 0.3597, ],
[0.1383, 0.8293, ],
[0.5673, 0.1864, ],
[-0.4046, -0.1055, ],
[0.8041, -0.4558, ],
[-0.0234, 0.5090, ],
[0.1113, 0.1370, ],
[0.3400, -0.7995, ],
[0.6705, -0.6045, ],
[0.9134, -0.3122, ],
[0.0742, -0.7908, ],
[0.0592, 0.0127, ],
[-0.0080, -0.1123, ],
[0.1206, 0.1328, ],
[0.1986, 0.3864, ],
[-0.0571, 0.7900, ],
[-0.4042, 0.7956, ],
[-0.9539, -0.1754, ],
[-0.9777, 0.4841, ],
[1.0000, -0.3879, ],
[0.1905, 0.1772, ],
[-0.2014, -0.1582, ],
[-0.3575, 0.2649, ],
[0.0770, 0.7189, ],
[-0.8201, 0.8084, ],
[-0.5096, 0.8290, ],
[-0.6580, 0.0818, ],
[-0.2469, -0.9204, ],
[-0.4896, 0.4984, ],
[1.0000, 0.5518, ],
[-0.8760, -0.1030, ],
[0.1620, -0.3845, ],
[-0.4310, 0.0546, ],
[0.6838, 0.7635, ],
[-0.3043, -1.0000, ],
[-0.2134, -0.1375, ],
[-0.5722, -0.9472, ],
[0.5116, -0.3936, ],
[0.0493, 0.0864, ],
[-0.0142, -0.4488, ],
[-0.0532, -0.0065, ],
[0.3531, 0.5391, ],


[8.0000, ],
[14.0000, ],
[2.0000, ],
[4.0000, ],
[5.0000, ],
[7.0000, ],
[6.0000, ],
[1.0000, ],
[5.0000, ],
[8.0000, ],
[8.0000, ],
[6.0000, ],
[0.0000, ],
[15.0000, ],
[0.0000, ],
[6.0000, ],
[8.0000, ],
[2.0000, ],
[14.0000, ],
[13.0000, ],
[8.0000, ],
[3.0000, ],
[18.0000, ],
[11.0000, ],
[12.0000, ],
[9.0000, ],
[13.0000, ],
[0.0000, ],
[5.0000, ],
[1.0000, ],
[1.0000, ],
[6.0000, ],
[7.0000, ],
[1.0000, ],
[8.0000, ],
[9.0000, ],
[4.0000, ],
[6.0000, ],
[4.0000, ],
[4.0000, ],
[0.0000, ],
[8.0000, ],
[7.0000, ],
[1.0000, ],
[4.0000, ],
[8.0000, ],
[9.0000, ],
[9.0000, ],
[9.0000, ],
[7.0000, ],
[11.0000, ],
[0.0000, ],
[16.0000, ],
[6.0000, ],
[4.0000, ],
[8.0000, ],
[14.0000, ],
[0.0000, ],
[4.0000, ],
[9.0000, ],
[4.0000, ],
[11.0000, ],
[8.0000, ],
[6.0000, ],
[5.0000, ],
[13.0000, ],
[4.0000, ],
[10.0000, ],
[5.0000, ],
[7.0000, ],
[0.0000, ],
[7.0000, ],
[9.0000, ],
[7.0000, ],
[4.0000, ],
[10.0000, ],
[6.0000, ],
[13.0000, ],
[0.0000, ],
[4.0000, ],
[4.0000, ],
[5.0000, ],
[0.0000, ],
[9.0000, ],
[7.0000, ],
[4.0000, ],
[9.0000, ],
[5.0000, ],
[5.0000, ],
[13.0000, ],
[7.0000, ],
[8.0000, ],
[7.0000, ],
[4.0000, ],
[16.0000, ],
[8.0000, ],
[0.0000, ],
[5.0000, ],
[7.0000, ],
[0.0000, ],


