[ 0,  0,  0,  0,  0, 12,  0,  4,  0,  0,  0,  0,  1,  0,  2,  2,  5, 11,  0,  0,  0,  0,  0,  0, ],
[ 0,  0,  0,  0,  0,  0,  0,  0,  0,  0,  0,  0,  0,  0,  0,  0,  1,  0,  0,  0,  0,  0,  0,  0, ],
[ 0,  0, 10,  0,  0,  0,  0,  0,  0,  0,  0,  0,  0, 14,  0,  0,  0,  0,  0,  0,  0,  0,  0,  0, ],
[ 0,  0,  0,  0,  0,  0,  0,  0,  0,  0,  0,  0,  0,  0,  0,  0,  0,  0,  0,  0,  0,  0,  0,  0, ],
[ 0,  0,  9,  0,  0, 12,  0,  0,  0,  0,  0, 11,  0, 11,  0,  0,  0,  0,  0,  0,  0, 14,  0,  0, ],
[ 0,  0,  0,  8,  0,  0,  0,  0,  0,  0,  0,  0,  0,  8, 11,  0,  0,  0,  0,  0,  0,  0,  0,  2, ],
[ 0,  0,  0,  0,  0,  0,  0,  1,  5,  0,  0,  0,  1,  0,  0,  0,  0,  0,  0,  0,  0,  0,  0,  0, ],
[ 0,  0,  0,  0,  0,  0,  0,  0,  6,  0, 10,  0,  0,  0,  0,  0,  0,  0,  0,  0,  0,  0,  0,  0, ],
[ 0,  0,  0,  0,  0,  0,  3,  0,  0,  0,  0,  0,  0,  0,  0,  0,  0,  0,  0,  0,  0,  0,  0,  0, ],
[ 0,  0,  0,  0,  0,  0, 12,  0,  0,  0,  0,  0,  0,  0,  0,  0,  0,  0, 11,  0, 13,  2,  0,  0, ],
[ 0,  0,  0,  0,  0,  0,  0,  0,  5,  0,  7,  2,  1,  0,  0,  0,  0,  0,  0,  0, 12,  0,  0,  7, ],
[ 0,  0,  0,  0,  0,  0,  0,  0,  0,  0,  0,  0,  0, 13,  0, 13,  0,  0,  0,  0,  0,  0,  0,  0, ],
[ 0,  0,  0,  0,  0,  4,  0,  0,  0,  0,  0,  0,  0,  0,  0,  0,  0,  0,  0,  0,  0,  0,  0,  0, ],
[ 0,  8,  0,  0,  0,  0,  0,  2,  0,  0,  0,  0,  0,  0,  0,  0, 12,  0,  0,  0,  0,  0,  0,  0, ],
[ 0,  0,  0,  0,  0,  0,  0,  0,  0,  0,  0,  0,  0,  0,  0,  0,  0, 11,  0,  0,  0,  1,  0,  0, ],
[ 0,  0,  5,  0,  0,  0,  0,  0,  0,  0,  0,  0,  0, 13,  0,  0,  0,  0,  0,  0,  0,  0,  0,  0, ],
[ 0,  0,  0,  0,  0,  0,  4,  0,  0,  4,  0,  0,  7,  0,  0,  0,  0,  0,  0,  0,  0,  0, 12,  0, ],
[ 0,  0,  0,  0,  0,  0,  0,  0,  0,  0,  0,  0,  0,  0,  0,  0,  0,  0, 14,  0,  0,  0,  0,  0, ],
[ 0,  0,  0,  0,  0,  0,  0,  0,  0,  0,  0,  0,  0,  8,  6,  0,  0,  0,  0,  0, 13,  0,  5,  0, ],
[ 0,  0,  0,  0,  4,  0,  0,  0,  0,  0,  0,  0,  0,  0,  0,  0,  0,  5, 10,  0,  8,  0,  1,  0, ],
[ 0,  0,  0,  0,  0,  0,  0,  0,  0,  0,  0,  0,  0,  0,  0,  0,  0,  0,  0,  4,  0,  0,  0,  0, ],
[ 0,  0,  0,  0,  0,  0,  0,  0,  0,  0,  0,  0,  0,  0,  0,  0,  0,  0,  0,  0,  0,  0,  0,  0, ],
[ 0,  0,  0,  0,  0,  0,  0,  0, 10,  0,  0,  0,  0,  0,  0,  0,  0,  0,  0,  0,  0,  0,  0,  0, ],
[ 0,  0,  0,  0,  0, 11,  0,  0,  0,  0,  0,  0,  0,  0,  0,  0,  4,  0,  4,  0,  0,  0,  0,  0, ],
[ 0,  0,  0,  0,  0,  0,  0,  2,  8,  0,  0,  0,  0,  0,  0,  0,  6,  0,  0,  0,  0,  0,  0,  0, ],
[ 0,  0,  0,  0,  0,  0,  0,  6,  0,  0,  0,  0,  0,  0,  0,  0,  0,  0,  0,  0,  0,  0,  0,  0, ],
[ 0,  0,  0,  0,  0,  0,  8,  0,  0,  8,  0,  0,  0,  2,  1,  0,  0,  0, 12,  0,  0,  0,  0,  0, ],
[ 0,  0,  0,  0,  9,  0,  0,  0,  0,  0,  0,  0,  0,  0, 14,  0,  0,  0,  6,  0,  0,  0,  0,  0, ],
[ 0,  0,  0,  0,  0,  0,  0,  0, 13,  0,  0,  0,  0,  0,  0,  0,  0,  0,  9,  0,  0,  0,  0,  0, ],
[ 0,  0,  0,  2,  0,  0,  0, 11,  0,  0,  0,  0,  0,  9,  0,  0,  0,  0,  0,  0,  0,  0,  0,  0, ],
[ 0,  0,  0,  0,  0,  0,  5,  0,  0,  0,  0,  0,  0,  0,  0,  0,  0,  0,  0,  0,  0,  0,  0, 13, ],
[ 0,  0,  0,  0,  0,  0,  0,  0,  0,  0, 14,  0,  0,  0,  0,  0,  0,  0,  0,  0,  0,  0,  0,  0, ],
[ 0,  0,  0,  0,  0, 13,  4,  0,  0,  0,  0,  0,  0,  0, 10,  0,  0,  0,  0,  0,  0,  0,  4,  0, ],
[ 0,  0,  0,  0,  0,  0,  0,  0,  0,  0,  0,  0,  0,  0,  0,  0,  0,  2,  0,  0,  4,  0,  0,  0, ],
[ 0,  0,  0,  6,  2,  0,  0,  0,  0,  0,  0,  0,  0,  0,  0,  0,  0,  0,  0,  0,  0,  0,  0,  0, ],
[ 0,  0,  0,  0,  0,  0,  0,  7,  0,  0,  0,  0,  0,  0, 11,  0,  0,  0,  0,  0, 11,  0,  0,  0, ],
[ 0,  0,  0,  0,  0,  0,  0,  0,  0,  0,  0,  0,  0,  0,  0,  0,  0,  0,  0,  0,  0,  0,  0,  0, ],
[12,  0,  0,  0,  0,  0,  0,  0,  0,  0,  0,  0,  0,  0,  0,  0,  0,  0,  0,  0,  0,  0,  0,  0, ],
[ 0,  0,  0,  0,  0,  0,  0,  0, 14,  0,  0,  0,  0,  0,  0,  0,  0,  0,  0,  0,  4,  0,  0,  0, ],
[ 0,  0,  0,  0,  0,  0,  0,  0,  0,  0,  0,  0,  0,  0,  0,  0,  0,  0,  0,  0,  0,  0,  4,  0, ],
[ 0,  0,  0,  0,  0,  0,  0,  0,  0,  0,  0,  0,  0,  0,  0,  0,  0,  0,  0,  0,  2,  0,  0,  0, ],
[ 0,  0,  0,  0,  0,  0,  0,  0,  0, 10,  0, 10,  0,  0,  0,  0,  0,  0,  0,  0,  0,  0,  0,  0, ],
[ 0,  0,  0,  0,  3,  0,  0,  0,  0,  0,  0,  0,  0,  0,  0,  0,  8,  0,  0,  0,  0,  0,  0,  0, ],
[ 0,  0,  0, 13,  0,  0,  0,  0,  0,  0,  0,  0,  2,  0,  0,  0,  0,  0,  0,  0,  0,  0,  0,  0, ],
[ 8,  0,  0,  0,  0,  0,  0,  0,  0,  3,  0,  2,  0,  0,  0,  0,  0,  0,  0,  0,  0,  1,  0,  0, ],
[ 0,  0,  0,  0,  2,  0,  0,  0,  0,  0,  0,  0,  9,  0,  0,  0,  0,  0,  0,  9,  0,  0,  0,  0, ],
[ 0, 11,  0,  0,  0,  1,  0,  9,  5,  0,  0,  0,  0,  0,  0,  0,  5,  2,  0,  0,  0,  3,  0, 14, ],
[ 0,  0,  0,  0,  0,  0,  0,  0,  0,  0,  0,  0,  0,  0,  0,  0,  8, 10,  0,  0,  0,  0,  0,  0, ],
[ 0,  0,  0,  0,  5,  0,  3,  0,  0,  0,  0,  0,  0,  0,  0,  0, 12,  8,  0,  0,  0,  0,  0,  0, ],
[ 0,  0,  0,  0,  0,  0,  5,  0,  0,  0,  0,  1,  0,  0, 11,  0,  0,  0,  0,  0,  0,  0,  0,  7, ],
[ 0,  0,  0, 12,  0,  6,  0,  0,  0,  0,  0,  0,  8,  0,  0,  0,  0,  0,  0,  0,  0,  0,  0,  0, ],
[ 0,  0,  0,  0,  0,  0,  0,  0,  0,  3,  0,  0,  0,  0,  0,  0,  0,  0,  0,  0,  0,  0,  0,  0, ],
[ 0,  0,  0,  0,  0,  0,  0,  0,  0,  8,  0,  0,  0,  0,  0,  0,  0,  0,  0,  0,  1,  0,  0,  0, ],
[ 0,  0,  6,  0,  0,  0,  0,  0,  0,  0,  0,  0,  0,  0, 13,  0,  8,  0, 13,  0,  0,  0,  0,  0, ],
[ 2,  0,  0,  0,  0,  0,  0,  0,  0,  0,  0,  0,  0,  0,  2,  0,  0,  0,  0,  0,  0,  0,  0,  0, ],
[ 0,  0,  0, 12,  0,  0,  0,  0,  0,  0,  0,  0, 10,  0,  0,  0,  0,  0,  0,  0,  0,  0,  0,  0, ],
[ 0,  0,  0, 11, 11,  0,  0,  0,  0,  0,  0,  2,  0,  0,  0,  0,  0,  0,  0,  0,  0,  0,  0,  3, ],
[ 0,  0,  0,  0,  0,  0,  0,  0,  0,  0,  0,  7,  0,  0,  0,  0,  0,  0,  0,  0,  0,  0,  0,  0, ],
[ 0,  6,  0,  0,  0,  0,  0,  0,  0,  0,  0,  0,  0,  0,  0,  0,  0,  0,  0,  0, 11,  0,  0,  0, ],
[ 0,  4,  0,  0,  0,  0,  0,  9,  0,  0,  0,  0,  0,  0,  0,  9,  0, 13,  2,  0,  0, 12,  0,  0, ],
[ 0,  0,  0, 14,  0,  0,  0,  0,  0,  0,  0,  0,  0,  0,  0,  0,  6,  0,  0,  0,  0,  0,  0,  0, ],
[ 0,  0,  0,  0,  0,  0,  0,  0,  0,  0,  0,  0,  0,  0,  7,  0,  0,  0,  0,  0,  0,  0,  0,  0, ],
[ 0,  0,  0,  0,  0,  0,  0,  0,  0,  0,  0,  0,  0,  0,  0, 10,  0,  0,  0,  0,  0,  0,  0,  0, ],
[ 0,  0,  0,  0,  0,  0,  0,  0,  0,  0,  0,  0, 13,  6,  0,  0,  0,  0,  0,  0,  3,  0,  0,  0, ],
[ 0,  9,  0,  0,  0,  0,  0,  0,  0,  0,  8,  0,  0,  0,  0,  0,  0,  0,  0,  0,  0,  0,  0,  0, ],
[ 0,  0,  0,  0,  0,  0, 12,  0,  0,  0,  0,  0,  0,  0,  1,  0,  0,  0,  0,  0,  0,  0,  0,  5, ],
[ 0,  0,  0,  0,  0,  0,  0,  0,  0,  0,  0,  0,  0,  0,  0,  0,  0,  0,  0,  0,  0,  0,  0,  0, ],
[ 0,  0,  0,  0,  0,  0,  0,  0,  2,  0,  0,  0,  0,  0,  4,  0,  0,  0,  0,  0,  0,  0,  0,  2, ],
[ 0,  0,  0,  0,  0,  0,  0, 13,  0,  8,  0,  0,  0,  0,  0,  0,  0,  0,  0, 12,  0,  0,  0,  0, ],
[ 0,  0,  5,  0,  0,  0,  0,  0,  0,  0,  0,  0,  0,  0,  0,  0,  0,  0,  0,  0,  0,  0,  0,  0, ],
[10,  0,  0,  0,  0,  0,  0,  0,  0,  0,  0,  0,  0,  0,  0,  4,  0,  0,  0,  0,  0,  0,  0,  0, ],
[ 0,  0, 12,  5,  0,  0,  0,  0,  0,  0,  0,  0,  0,  0,  0,  0,  0,  0,  0,  0,  0,  9,  0,  0, ],
[ 0,  0, 12,  0,  0,  0,  0,  0,  0,  0,  0,  0,  0,  0,  0,  0,  5,  0,  0,  0,  0, 13,  0,  9, ],
[ 0,  0,  0,  0,  0,  0, 11,  0,  0,  7,  0,  0, 12,  0,  0,  0,  0,  0,  0,  0,  0,  0,  0,  0, ],
[ 0,  0,  0,  0,  0,  0,  0,  0,  9,  0,  0,  0,  0,  0,  0,  0,  0,  0,  0,  0,  0,  0,  0,  3, ],
[ 0,  0,  0,  0,  0,  0,  0,  0,  0,  0,  0,  0,  0,  0,  0,  0,  0,  0,  0,  0,  8,  0,  0,  0, ],
[ 0,  0,  0,  0,  0,  0,  0,  0,  8,  4,  9,  0,  3,  0,  0,  0,  0,  0,  0,  0,  0,  0,  0,  0, ],
[ 0,  2,  0,  0,  0,  0,  0,  0,  0, 13,  0,  0,  0,  0,  0,  0,  0,  8,  0,  0,  0,  0,  0,  0, ],
[ 6,  0,  0,  0,  0,  0,  0,  0,  0,  0,  0,  0,  0,  3,  0,  1,  0,  0,  3,  0,  0,  0,  0,  0, ],
[ 9,  8,  0,  0,  0,  0,  4,  0,  0,  0,  0,  0,  0,  0,  0, 11,  1,  0,  0,  0,  0,  0,  0, 14, ],
[ 0,  0,  0,  0,  0,  0,  0,  0,  0,  0,  0,  0,  0,  0,  0,  0,  0, 10,  0,  5,  0,  0,  0,  0, ],
[ 0,  0,  4,  0,  0,  0,  0,  0,  0,  0,  0,  0,  0,  0,  0,  0,  0,  0,  2,  0,  0,  0,  0,  0, ],
[ 0,  0,  0,  0,  0,  0,  0,  0,  0,  0,  0,  0, 10,  0,  0,  0,  0,  0,  9,  0,  0,  0,  0,  0, ],
[ 0,  0,  0,  0,  0,  3,  0,  0,  0,  0,  0,  0,  0,  0,  0,  0,  0,  0,  0,  0,  0,  0,  0,  0, ],
[ 8,  0,  0,  0,  0,  0,  0,  0,  0,  0,  0,  0,  0,  0,  0,  0,  0,  4,  0,  0,  0,  0,  0,  0, ],
[ 0,  0,  0,  0, 12,  0,  0,  0,  0,  0,  0,  0,  0,  0,  8,  0,  0,  0,  0,  0,  0,  0,  0,  0, ],
[ 0,  0,  0,  0,  4,  0,  0,  0,  0,  0,  0,  0,  0,  0,  0,  0,  0,  0,  0,  0,  0,  0,  0, 13, ],
[ 0,  0,  0,  0,  0,  0,  0,  0,  0,  0, 12,  2,  0, 12,  2,  0,  0,  0,  0,  0,  6,  0,  0,  0, ],
[ 0,  0,  0,  0,  0,  0,  0,  0,  0,  0,  0,  3,  5,  0,  0,  0,  0,  0,  0,  0,  0,  0,  0,  0, ],
[ 0,  0,  0,  0,  0,  0,  0, 13,  0,  0,  0,  0,  0,  0,  0,  6,  0,  0,  0,  0,  0,  5, 13,  0, ],
[ 0,  0,  0,  0,  0, 12,  0,  0,  0,  0,  0,  0,  0,  0,  0,  0,  0,  0,  0,  0,  0,  0,  0,  0, ],
[ 0,  0,  0,  0,  0,  0,  0,  0,  0,  0,  0,  0,  0,  0,  0, 10,  0,  0,  0,  0,  0,  0,  2,  0, ],
[ 0,  0,  0,  0,  0,  0,  0,  0,  0,  0,  0,  0,  0,  0,  5,  0,  0,  0,  0,  0,  0,  8,  0,  0, ],
[ 0,  0,  0,  0,  0,  0,  8,  0,  0,  0,  0,  0,  5,  0,  0,  0,  0,  0,  0,  0,  0,  0,  0,  9, ],
[ 0,  0,  0,  0,  0,  0,  0,  0,  7,  0,  0,  0,  0,  0,  0,  0,  0,  0, 11,  0,  0,  0,  9,  0, ],
[ 0,  0,  0,  0,  0,  0,  0,  0,  0,  0,  0,  0,  0,  0,  0,  0,  0,  0,  0,  0,  0,  0,  0,  0, ],
[ 0,  0,  0,  0,  0,  0,  0,  0,  0,  0,  0,  0,  0,  0,  0,  0,  0,  0,  0,  0,  0,  2,  0,  0, ],
[ 0,  0,  0,  0,  0,  0,  0,  0,  9,  0,  0,  0,  0,  0,  0,  0,  0,  0,  0,  0,  0,  0,  5,  0, ],
[ 0,  0,  0,  0,  0,  0,  0,  0,  0, 14,  0,  0,  0, 14,  0,  0,  0,  0,  0,  0,  0,  0,  0,  0, ],
[ 0,  0,  0,  0,  0,  3,  0,  0,  0,  0,  0,  0,  0,  0,  0,  0, 12,  0,  0,  0,  0,  0,  0,  0, ],


[0.8692, -0.1989, ],
[-0.1796, -0.2687, ],
[-0.0349, -0.4578, ],
[0.9945, 0.2335, ],
[0.6505, 0.5575, ],
[0.5350, -0.1107, ],
[-0.3781, 0.4139, ],
[0.2625, 0.4144, ],
[-0.1719, -0.6367, ],
[-0.7056, 0.1647, ],
[-0.9564, -0.0541, ],
[-0.0702, -0.3023, ],
[-0.7763, -0.7938, ],
[0.3726, 0.5796, ],
[0.3095, 0.5290, ],
[-0.5998, -0.1375, ],
[0.6563, -0.7363, ],
[-0.0164, 0.8329, ],
[0.7482, 0.1523, ],
[0.3889, -0.5533, ],
[0.7215, 0.6812, ],
[0.1431, 0.0661, ],
[0.6455, -0.1767, ],
[0.4586, 0.0595, ],
[0.8949, 0.1251, ],
[0.2180, 0.0003, ],
[-1.0000, -0.4030, ],
[0.1567, -0.4795, ],
[0.1265, 0.3133, ],
[-0.6089, -0.6162, ],
[-0.5565, -0.2444, ],
[-0.0150, 0.4954, ],
[0.6718, -0.0903, ],
[0.4102, 0.7810, ],
[0.1747, 0.6085, ],
[-0.7254, 0.1971, ],
[-0.7567, -0.1614, ],
[-0.5056, -0.3138, ],
[0.5913, 0.9702, ],
[1.0000, 0.5131, ],
[0.5101, -1.0000, ],
[0.0250, 0.2151, ],
[0.2170, 0.2195, ],
[0.4819, -0.6923, ],
[0.9960, -0.2216, ],
[0.2136, -0.1697, ],
[0.2130, -0.2728, ],
[-0.7566, -0.4421, ],
[-0.1440, -0.7385, ],
[0.6989, 1.0000, ],
[0.5736, -0.1825, ],
[0.1712, 0.1182, ],
[0.1344, -0.7793, ],
[-0.3137, -0.6102, ],
[-0.3224, 0.4078, ],
[0.6116, -0.3786, ],
[0.7069, -0.1929, ],
[-0.8719, 0.1649, ],
[-0.3678, 0.3924, ],
[0.3231, -0.3484, ],
[0.6613, 0.0401, ],
[-0.5625, 0.2023, ],
[-0.6715, 0.0601, ],
[0.4407, 0.4329, ],
[1.0000, 0.0141, ],
[0.4571, -0.8109, ],
[0.2930, 0.4623, ],
[0.3649, -0.7539, ],
[0.2723, 0.1330, ],
[0.7419, -0.0665, ],
[0.9327, 0.4648, ],
[-0.1907, 0.3853, ],
[-0.1938, 0.2313, ],
[-0.2030, -0.5170, ],
[-0.7082, 0.6110, ],
[-1.0000, -0.3240, ],
[0.7378, 0.4074, ],
[0.9785, 0.7426, ],
[-0.1591, 0.1000, ],
[1.0000, 0.1769, ],
[-0.4410, -1.0000, ],
[-0.0307, 0.6455, ],
[0.1487, 0.9234, ],
[-0.5694, 0.6510, ],
[-0.6865, 0.0184, ],
[-0.4562, -0.4152, ],
[0.1967, 0.5627, ],
[0.9307, 0.4645, ],
[-0.1857, -0.6787, ],
[0.3678, -0.9088, ],
[-0.5697, -0.1726, ],
[-0.0998, 0.9866, ],
[0.1851, -0.4762, ],
[0.3581, 0.2818, ],
[-0.8655, -1.0000, ],
[0.0713, 0.1535, ],
[-0.7111, 0.1487, ],
[0.7287, -0.5417, ],
[0.5574, 0.4626, ],
[0.3846, 0.4876, ],


[15.0000, ],
[1.0000, ],
[8.0000, ],
[0.0000, ],
[19.0000, ],
[11.0000, ],
[4.0000, ],
[7.0000, ],
[2.0000, ],
[13.0000, ],
[14.0000, ],
[8.0000, ],
[2.0000, ],
[8.0000, ],
[5.0000, ],
[6.0000, ],
[11.0000, ],
[4.0000, ],
[12.0000, ],
[12.0000, ],
[2.0000, ],
[0.0000, ],
[4.0000, ],
[8.0000, ],
[7.0000, ],
[3.0000, ],
[12.0000, ],
[10.0000, ],
[7.0000, ],
[8.0000, ],
[6.0000, ],
[4.0000, ],
[12.0000, ],
[3.0000, ],
[4.0000, ],
[11.0000, ],
[0.0000, ],
[4.0000, ],
[6.0000, ],
[2.0000, ],
[1.0000, ],
[8.0000, ],
[5.0000, ],
[5.0000, ],
[7.0000, ],
[7.0000, ],
[19.0000, ],
[7.0000, ],
[11.0000, ],
[10.0000, ],
[10.0000, ],
[2.0000, ],
[4.0000, ],
[14.0000, ],
[2.0000, ],
[8.0000, ],
[11.0000, ],
[3.0000, ],
[7.0000, ],
[17.0000, ],
[7.0000, ],
[3.0000, ],
[4.0000, ],
[9.0000, ],
[6.0000, ],
[7.0000, ],
[0.0000, ],
[4.0000, ],
[11.0000, ],
[2.0000, ],
[6.0000, ],
[9.0000, ],
[13.0000, ],
[11.0000, ],
[5.0000, ],
[3.0000, ],
[10.0000, ],
[8.0000, ],
[8.0000, ],
[17.0000, ],
[6.0000, ],
[3.0000, ],
[7.0000, ],
[2.0000, ],
[5.0000, ],
[7.0000, ],
[6.0000, ],
[13.0000, ],
[4.0000, ],
[13.0000, ],
[4.0000, ],
[5.0000, ],
[5.0000, ],
[8.0000, ],
[10.0000, ],
[0.0000, ],
[1.0000, ],
[5.0000, ],
[8.0000, ],
[6.0000, ],


