[ 4,  0,  0,  0,  0, 12, 13,  0,  0,  0,  0,  0,  0,  0,  0,  0,  0,  0,  0,  0,  0,  0,  7,  0, ],
[ 0,  0,  0,  0,  0,  0,  0,  0,  0,  0, 10,  0,  0,  0,  0,  0,  0,  0,  0,  0,  0,  0,  0,  0, ],
[ 0,  0,  0,  3,  0,  0,  0,  0,  0,  3,  0,  0,  0,  8,  0,  0, 12,  4,  0,  0,  0,  0,  0,  0, ],
[ 0,  0,  0,  0,  0,  0,  0,  0,  0,  0,  0, 12,  0,  0,  0,  1, 10,  0,  0,  0,  0,  0,  0,  0, ],
[ 0,  0,  0,  0,  0,  8,  0,  0,  0,  0,  6,  0,  0,  0,  7,  0,  0,  0,  0,  0,  0,  0,  0,  0, ],
[ 0,  0,  0,  0,  0,  0,  7,  0,  0,  0,  0,  0,  0,  0,  9,  6,  0,  0,  0,  0,  0,  0,  0,  0, ],
[ 0,  0,  0,  0,  0, 13,  0,  1,  0,  0,  0,  0,  1,  0,  0,  4,  0,  0,  0,  0,  0,  0,  0,  0, ],
[ 0,  0,  0,  0,  0,  0,  0,  0,  6,  0, 10,  0,  0,  0,  0,  0,  0,  0,  0,  0,  0,  0,  0,  0, ],
[ 0,  0,  0,  0,  0,  0,  0,  0,  0,  0,  0,  0,  0,  0,  0,  0,  0,  0,  0,  0,  0,  0, 14,  0, ],
[ 0,  0,  0,  0,  0,  0,  0,  0,  0,  0,  0,  0,  0,  0,  0,  0,  0,  0,  0,  0,  0,  5,  0,  0, ],
[ 0,  0,  0,  0,  0,  6,  0,  0,  5,  0,  0,  0,  0,  0,  0,  8,  0, 11,  0,  0,  0,  0,  0,  8, ],
[ 0,  0,  0,  0,  0,  0,  0,  0,  0,  0,  0,  0,  0,  0,  0,  0,  0,  0,  0,  0,  0,  0,  0,  0, ],
[ 0,  0,  0,  0,  0,  0,  0,  0,  0,  3,  0,  0,  0,  2,  0,  0,  0,  0,  0,  0,  0,  0,  0,  0, ],
[ 0,  0,  0,  0,  0,  0,  0,  0,  0,  0,  0,  0,  0,  0,  0,  0, 12,  0,  0,  0,  0,  0,  0,  0, ],
[ 0,  0,  0,  0,  0,  0,  0,  0,  0,  0,  0,  9,  0,  0,  0,  0,  0,  0,  0, 11,  0,  0,  0,  0, ],
[ 0,  0,  0,  0,  0,  0,  0,  0,  0,  0,  0,  0,  0, 13,  0,  0,  0,  0,  0,  0,  0,  0,  0,  0, ],
[ 0,  8,  0,  0,  0,  0,  0,  0,  0,  0,  0,  8,  0,  0,  0,  0,  0,  0,  0,  0,  0,  8,  9,  0, ],
[ 0,  0,  0,  0,  3,  0,  0,  0,  0,  0,  0,  9,  0,  0,  0,  0,  0,  0,  0,  0,  0,  0,  0,  0, ],
[ 0,  0,  0,  0,  0,  0,  0,  0,  0,  0,  0,  0,  0,  0,  0,  0,  0,  0,  0,  0,  0,  0,  0,  0, ],
[ 0,  0,  0,  0,  0,  0,  1,  0,  0,  0,  0,  0,  0,  0,  0,  0,  0,  0,  0,  7,  0,  0,  0,  0, ],
[ 0,  0,  0, 13,  0,  0,  0,  0,  0,  0,  0,  0,  0,  0,  0,  0,  0,  0,  0,  0,  0,  8,  0,  0, ],
[ 0,  0, 14,  0,  0,  0,  0,  0,  0,  0,  0,  0,  0,  0,  0,  0,  0, 13, 13,  0,  0,  0,  0,  0, ],
[ 0,  0,  0,  0,  0,  0,  0,  0, 10,  0,  0,  0,  0,  0,  0,  0, 11,  0,  0,  0,  8,  0,  0,  0, ],
[ 0,  0,  0,  0,  0,  0,  0,  0,  0,  0,  0,  0,  0,  0,  0,  0,  0,  0,  0,  0,  0,  0,  0,  0, ],
[ 0,  0,  0,  0,  0,  0,  0,  0,  0,  0,  0,  0,  0,  0,  0,  0,  0,  0,  0,  0,  0,  0,  0,  0, ],
[ 0,  0,  0,  0,  0,  0,  0,  0,  0,  0,  0,  0,  0,  0,  0,  2,  0,  0,  0,  0,  0,  0,  0,  0, ],
[ 0,  0,  0,  0,  0,  0,  0,  0,  0,  0, 14,  0,  0,  0,  0,  0,  0,  0,  0,  0,  0,  0,  0,  0, ],
[ 0,  0,  0,  0,  0,  0,  0,  0,  0,  0,  0,  0,  0,  0,  0,  0,  0,  0,  0, 10,  0,  0,  0,  0, ],
[ 0,  0,  0,  0,  0,  0,  0,  0,  0,  0, 12,  0,  3,  0,  0,  0,  0,  0,  0,  0,  0,  0,  0, 10, ],
[14,  0,  0,  0,  0,  0,  0,  0,  1,  0,  0,  0,  2,  0,  0,  0,  0,  1,  0,  0,  0,  3,  0,  0, ],
[ 0,  0,  0,  0,  0,  3,  0,  0,  0,  0,  0,  0,  0,  0,  0,  0,  8,  0,  0,  0,  0,  0,  0,  0, ],
[ 0,  0,  0,  0,  0,  0,  0,  0,  0,  0,  0,  0,  0,  2,  0,  0,  0,  0,  0,  0,  0,  0,  0,  0, ],
[11,  0,  0,  0,  0,  0,  0,  0,  0,  2,  0,  0,  0,  0,  0,  0,  0,  0,  0,  0,  1,  0,  0,  0, ],
[ 0,  0,  7,  0,  0,  0,  0,  0,  0,  0,  0,  0,  0,  0,  0,  0,  0, 10,  0,  0,  0,  0,  0,  0, ],
[ 0,  0, 14,  0,  0,  0,  0,  0,  4,  0,  0, 14,  0,  0,  0,  0,  0,  0,  0,  0,  0,  0,  0,  0, ],
[ 0,  0,  0,  0,  0,  0,  0,  0,  0,  0,  0,  0,  0,  0,  0,  0,  2,  0,  0,  0, 12,  0,  0,  0, ],
[ 0,  0,  0,  0,  0,  2,  0,  0,  0,  0,  0,  0,  3,  0,  0,  0,  0,  0,  0,  0,  0,  0,  0,  0, ],
[ 0,  0,  0,  0,  0,  0,  0,  0,  0,  0,  0,  0,  0,  0, 13,  0,  0,  0,  0,  0,  0,  0,  0,  0, ],
[ 0,  9,  5,  0,  0,  0,  0,  0,  0,  0,  0,  0,  0,  0,  0,  0,  0,  3,  0,  0,  0,  0,  0,  0, ],
[ 0,  0,  0,  9,  0,  0, 14,  0,  0, 13,  0,  0,  0,  0,  0,  0,  0,  0,  0,  0,  0,  0,  0,  0, ],
[ 0,  0,  0,  0,  7,  0,  0,  0,  0,  0,  0,  0,  0,  0,  0,  0,  0,  0,  0,  0,  0, 12,  0,  0, ],
[ 0,  0,  0,  0,  0,  0,  0,  0,  0, 10,  0, 10,  0,  0,  0,  0,  0,  0,  0,  0,  0,  0,  0,  0, ],
[ 0,  0,  0,  0,  2,  0,  0,  0,  0,  2,  0,  0,  0,  0,  0,  0,  0,  0,  0,  0,  0,  0,  0, 12, ],
[ 0,  0,  0,  0,  0,  0,  0,  0,  0,  0,  0,  0,  0,  0,  0,  0,  0,  0,  0,  0,  9,  0,  0,  0, ],
[ 0,  0,  0,  0,  0,  8,  0, 10,  0,  0, 12,  0,  0,  0,  0,  2,  0,  0,  0,  0,  0,  0,  0,  0, ],
[ 0,  0,  1,  4,  0,  0,  3,  0,  0,  0,  0,  0,  0,  0,  0,  0,  0,  0,  0,  6,  0,  0,  0,  0, ],
[14,  0,  0,  0,  0,  0,  0,  0,  0,  0,  0,  0,  0,  0,  0,  0,  0,  0,  5,  0,  0,  0,  0, 14, ],
[ 0,  0, 13,  0,  0,  0,  0,  0,  1,  0,  0, 14,  0,  0,  0,  0,  0, 10,  0,  0,  0,  0,  0,  0, ],
[ 0,  0,  0,  0,  0,  0,  0,  0,  0,  0,  0,  0,  0,  3,  0,  0,  0,  0,  0,  0,  0,  0,  0,  0, ],
[ 0,  0,  0,  0,  0,  0,  0,  0,  0,  0,  0,  0,  0,  0,  0,  0,  0,  0,  0,  0,  0,  0,  0,  0, ],
[ 0,  0,  0, 14,  0,  0,  0,  0,  0,  0,  0,  0,  8,  0,  0,  0,  0,  9,  0,  0,  0,  0,  0,  0, ],
[ 0,  9,  9,  0,  0, 10,  0,  0,  0,  0,  0,  0,  3,  0,  0,  0,  0,  0, 13,  0,  0,  0,  0,  0, ],
[ 0,  0,  0,  0,  0,  5,  0,  0,  0,  0,  0,  0,  0,  0,  0,  0,  0,  0,  0,  0,  0,  0,  0,  6, ],
[ 0, 12,  0,  0,  0,  0,  6,  0,  0,  0,  0,  0,  0,  0,  0,  0,  0,  0,  0,  0,  0,  0,  0,  0, ],
[ 0,  0,  0,  0,  0,  0,  0,  0,  0,  0,  0,  0,  0, 14,  0,  0,  5,  0,  0,  0,  0,  0,  0,  0, ],
[ 0,  7,  0,  0,  0,  0,  0,  6, 12,  0,  0,  0, 10,  0,  0,  0,  0,  0,  6,  0,  0,  0,  0,  0, ],
[ 0,  0,  0,  0,  0,  0,  0,  0, 10,  0,  0,  0,  0,  0,  0,  0,  0,  0,  0,  0,  0,  0,  0,  0, ],
[ 0,  0,  0,  0,  2,  0,  0,  0, 13,  0,  0,  0,  0,  0,  0,  0,  0,  0,  0,  0,  0,  0,  0,  0, ],
[ 0,  0,  0,  0,  0,  0,  0,  0,  0,  0,  0,  0, 10,  0,  0,  0,  0,  0,  0,  0, 11,  0,  0,  0, ],
[ 0,  0,  0,  0,  0,  0,  0,  0,  0,  0,  0,  0,  0,  0,  0,  0,  0,  0,  0,  0,  0,  0,  0,  0, ],
[13,  0,  0,  0,  0,  0,  2,  0,  0,  0,  0,  0,  0, 11,  0,  0,  0,  0,  0,  0,  0,  0,  0,  0, ],
[ 0,  0,  0,  0,  0,  0,  0,  4,  0,  0,  0,  0,  0,  0,  0,  0,  0,  0,  0,  0,  0,  0,  0,  0, ],
[ 0,  0,  5,  0,  0,  9,  7,  0,  0,  0, 12,  0,  0,  0,  0,  0,  0, 14,  0,  0,  0,  0,  0,  0, ],
[ 0,  0,  0,  0,  0,  0,  0,  0,  0,  0,  0,  0,  0,  0,  0,  0,  0,  0,  0,  0,  0,  0,  0,  0, ],
[ 0,  0,  0,  0,  0,  7,  0,  0,  0,  1,  0,  0,  0,  6,  0,  0,  0,  0,  0,  0,  0,  0,  0,  0, ],
[ 0,  0,  0,  0,  0,  0,  0,  0,  0,  0,  7,  0,  0,  0,  4,  0, 11,  0,  0,  0,  0,  0,  0,  0, ],
[ 0,  0,  0,  0,  0,  0,  0,  0,  0,  0,  0,  0,  0,  0,  0,  0,  0,  0,  0,  0,  0,  0,  0, 13, ],
[ 3, 10,  0,  0,  0,  0,  2,  0,  0,  0,  0,  0,  0,  0,  0,  0,  0,  0,  0,  0,  0,  0,  0,  0, ],
[ 0,  0,  0,  0,  0,  0,  0,  0,  0,  0,  0,  0,  0,  0,  0,  0,  0,  0,  0,  0,  0, 13,  0,  0, ],
[ 0,  0,  0,  0,  0,  0,  0,  0,  0,  0,  0,  0,  0,  0,  8,  0,  0,  0,  2,  0,  0,  0,  0,  0, ],
[ 0,  0,  0,  0,  0,  0,  0,  3,  0,  0,  0,  0,  0,  0,  0,  0,  0,  0,  0,  0,  0,  0,  0,  0, ],
[ 0,  0,  0,  0,  0,  0,  2,  0,  0,  0,  2,  0,  0,  0,  0,  0,  0,  0,  0,  0,  0,  0,  0,  0, ],
[ 0,  0, 12,  0,  0,  0,  0,  0,  0,  0,  0,  0, 14,  0,  0,  0,  0,  0,  0, 14,  2,  0,  0,  0, ],
[ 0,  0,  0,  0,  0,  0,  0,  0,  0,  0,  0,  0,  0,  8,  0,  0,  0,  0,  0,  0,  0,  0,  0,  0, ],
[ 0,  0,  0,  0,  0,  0,  0, 13,  0,  0,  0,  0,  0,  0,  0,  0,  0,  0,  0,  0,  0,  0,  0,  0, ],
[ 4, 11,  0,  5,  0,  0,  0,  0,  0,  0,  0,  0,  0,  0,  0,  0,  0,  0,  0,  0, 12, 13,  0,  0, ],
[ 0, 14,  0,  0,  2,  0,  0,  0,  8,  0,  0,  0,  0,  0,  0,  0,  0,  0,  0,  9,  3,  0,  0, 12, ],
[ 0,  5,  0,  0,  0,  0,  0,  0,  0,  0,  2,  0,  0,  0,  0, 14,  0,  0,  0,  0,  0,  0,  0,  0, ],
[ 0,  0,  0,  0,  4,  0,  2,  0,  0,  0,  0,  0,  0,  0,  0,  0,  0,  0,  0,  0,  0,  0,  0,  0, ],
[ 9,  2,  0,  0,  0,  0,  0,  0,  0,  0,  0,  0,  0,  0,  0,  0,  0,  0,  0,  0,  0,  0,  0,  0, ],
[ 0,  0,  0,  0,  0,  0, 14,  0,  0,  0,  0,  0,  0,  0,  0,  0,  0,  0,  0,  0,  0,  0,  0,  0, ],
[ 0,  0,  4,  0,  0,  9,  0,  0,  0,  0,  0,  0,  0,  0,  0,  0,  0,  0,  0,  0,  0,  0,  0,  0, ],
[ 5,  0,  0,  0,  0,  9,  0, 11,  0,  0,  0,  0,  0,  0,  0,  0,  0,  0,  8, 11,  0,  0,  0,  0, ],
[ 0,  0,  0,  0,  0,  0,  0,  0,  0,  0,  0,  0,  0,  0, 14,  0,  0,  0,  0,  0,  0,  0,  0,  0, ],
[ 0,  0,  3,  0,  0,  0,  0,  4,  0,  0,  0,  0,  0,  0,  0,  0,  0,  0,  0,  0,  0,  0,  0,  0, ],
[ 0,  0,  0, 14,  0,  9,  0,  0,  0,  0,  0,  0,  0,  0,  0,  0,  0,  0,  0,  0,  0,  0,  0,  0, ],
[ 0,  0,  0,  0,  1,  0,  0,  0,  0,  0,  0,  0,  0,  0,  0,  0,  0,  0,  0,  0,  0,  0, 12,  3, ],
[ 0, 14,  0,  0,  0,  0,  0,  0,  0,  0,  0,  0,  0,  0,  2,  0,  2,  0,  0,  0,  0,  0,  6,  0, ],
[ 0,  0,  0,  0, 11,  0,  0,  0,  0,  6,  0,  0,  3,  0,  0,  0,  0,  0,  0,  0,  0,  0,  0, 13, ],
[ 0,  0, 11,  0,  0,  0,  0,  0,  0,  0,  0,  0,  0,  0,  0,  0,  0,  0,  0,  7,  0,  0,  0,  0, ],
[ 0,  0,  0,  0,  0,  0,  0, 10,  0,  0,  0,  0,  0,  0,  0,  0,  0,  0,  0,  0,  0,  0,  0,  0, ],
[ 0, 14,  0,  0,  0,  0,  0,  0,  0,  0,  0,  0,  0,  0,  0,  0,  0,  0,  0,  0,  0,  0,  0,  0, ],
[ 8,  0,  0,  0,  0,  0,  0,  0,  0,  0,  0,  0,  0,  3,  0,  0,  0,  0,  0,  0,  0,  0,  0, 13, ],
[ 0,  0,  0,  0,  0,  0,  0,  9,  0,  0,  0,  0,  0,  1,  0,  0,  0,  0,  0,  0,  0,  0,  0,  0, ],
[ 0,  0,  0,  0,  0,  0,  0,  0,  0,  0,  2,  0, 11,  7,  0,  0,  0,  0,  0,  0,  0,  0,  0,  0, ],
[ 0,  0,  0,  0,  0,  0,  0, 10,  0,  0,  0,  0,  0,  0,  0,  0,  0,  0,  0,  0,  0,  0,  0,  0, ],
[ 0,  0,  0,  0,  0,  0,  0,  0,  0,  0,  0,  5,  0,  0,  0,  0,  0,  0,  0,  0,  0,  0,  0,  0, ],
[ 0,  0,  0,  0,  0,  0, 10,  0,  0,  0,  0,  0,  0,  0,  0,  0,  0,  0,  0,  0,  0,  0,  0,  0, ],
[ 0,  0,  0,  0,  0,  0,  0,  0,  0,  0,  0,  0,  0,  0,  0,  0,  0,  0,  0,  0,  7,  0,  0,  0, ],
[ 0,  0,  0,  0,  0,  0,  0,  0,  0,  0,  0,  0,  0,  0, 11,  0,  0,  0,  7,  0,  0,  0,  0,  0, ],


[0.9334, -0.9825, ],
[-0.2103, -0.2687, ],
[-0.1793, -0.4578, ],
[-0.1020, 0.2335, ],
[0.6505, -0.2778, ],
[0.6444, -0.0777, ],
[-0.6841, 0.4824, ],
[0.1491, 0.1855, ],
[-0.2500, -0.6418, ],
[-0.3888, 0.2588, ],
[-0.9956, -0.2588, ],
[-0.0975, -0.4763, ],
[-0.3984, -0.3329, ],
[0.5945, 0.2255, ],
[0.7668, 0.5442, ],
[-0.6144, -0.1375, ],
[-0.3817, -0.6124, ],
[-0.1632, 0.9962, ],
[0.3837, -0.0547, ],
[-0.1299, -0.7430, ],
[0.6977, 0.7855, ],
[0.3044, 0.1430, ],
[0.7474, -0.1323, ],
[-1.0000, 0.0029, ],
[0.5010, 0.2006, ],
[-0.0781, 0.0003, ],
[-1.0000, 0.6547, ],
[0.2083, -0.2263, ],
[0.5996, 0.2409, ],
[0.8367, 0.2283, ],
[-0.2313, 0.3850, ],
[-0.0791, 0.5525, ],
[0.6780, -0.2819, ],
[0.3643, 0.6969, ],
[0.1120, -0.2996, ],
[-0.6478, 0.1971, ],
[-0.7624, -0.2111, ],
[0.5667, -0.3835, ],
[0.3283, 0.7752, ],
[0.1225, 0.5131, ],
[0.2845, -0.8049, ],
[0.0428, 0.2151, ],
[0.2410, 0.4153, ],
[0.3784, -0.7468, ],
[0.7450, -0.0509, ],
[0.2016, 0.9330, ],
[0.1970, 0.5568, ],
[-0.3132, -0.0075, ],
[-0.1486, -0.8849, ],
[1.0000, 0.8791, ],
[0.5296, -0.0024, ],
[0.5214, -0.4706, ],
[0.1344, -0.6809, ],
[-0.3143, -0.6045, ],
[-0.1904, 0.3399, ],
[0.6200, -0.1055, ],
[0.6425, -0.0121, ],
[-0.9179, 0.0020, ],
[-0.7515, 0.4390, ],
[-0.0364, -0.3484, ],
[0.6453, 0.1864, ],
[-0.5625, 0.1834, ],
[-0.6715, 0.0601, ],
[0.4407, 0.3403, ],
[0.7900, 0.7034, ],
[-0.0193, 0.5584, ],
[0.2435, 0.2936, ],
[0.2805, -0.9123, ],
[0.4826, 0.1253, ],
[0.7419, 0.0052, ],
[0.7643, 0.5133, ],
[-0.6794, 0.5670, ],
[0.0035, 0.2776, ],
[-0.2169, -0.4195, ],
[-0.6903, 0.7256, ],
[-1.0000, -0.2594, ],
[0.1409, 0.3432, ],
[0.4419, -0.0138, ],
[-0.0651, 0.1335, ],
[-0.5455, -0.2558, ],
[-0.3094, -0.9298, ],
[-0.0929, 0.6455, ],
[0.1487, 0.9696, ],
[-0.2078, 0.7362, ],
[-0.3805, 0.1693, ],
[-0.2016, -0.4152, ],
[0.3415, 0.4785, ],
[0.7370, 0.4965, ],
[-0.1857, -0.6313, ],
[0.5189, -0.9493, ],
[-0.5697, -0.4046, ],
[-0.1178, 1.0000, ],
[0.1033, -0.3908, ],
[1.0000, 0.3308, ],
[-0.7679, -0.9472, ],
[-0.4523, 0.0496, ],
[-0.6995, 0.0358, ],
[0.6380, -0.5713, ],
[0.9630, 0.4626, ],
[0.3392, 0.8196, ],


[13.0000, ],
[4.0000, ],
[13.0000, ],
[9.0000, ],
[9.0000, ],
[9.0000, ],
[8.0000, ],
[7.0000, ],
[4.0000, ],
[2.0000, ],
[15.0000, ],
[0.0000, ],
[3.0000, ],
[4.0000, ],
[7.0000, ],
[4.0000, ],
[12.0000, ],
[5.0000, ],
[0.0000, ],
[4.0000, ],
[7.0000, ],
[12.0000, ],
[11.0000, ],
[0.0000, ],
[0.0000, ],
[1.0000, ],
[4.0000, ],
[4.0000, ],
[10.0000, ],
[9.0000, ],
[5.0000, ],
[1.0000, ],
[6.0000, ],
[7.0000, ],
[10.0000, ],
[5.0000, ],
[3.0000, ],
[4.0000, ],
[7.0000, ],
[11.0000, ],
[7.0000, ],
[8.0000, ],
[6.0000, ],
[3.0000, ],
[12.0000, ],
[8.0000, ],
[10.0000, ],
[13.0000, ],
[2.0000, ],
[0.0000, ],
[10.0000, ],
[16.0000, ],
[5.0000, ],
[7.0000, ],
[6.0000, ],
[17.0000, ],
[4.0000, ],
[5.0000, ],
[8.0000, ],
[0.0000, ],
[9.0000, ],
[2.0000, ],
[16.0000, ],
[0.0000, ],
[7.0000, ],
[9.0000, ],
[4.0000, ],
[7.0000, ],
[4.0000, ],
[4.0000, ],
[2.0000, ],
[2.0000, ],
[13.0000, ],
[3.0000, ],
[4.0000, ],
[16.0000, ],
[17.0000, ],
[7.0000, ],
[3.0000, ],
[4.0000, ],
[4.0000, ],
[5.0000, ],
[16.0000, ],
[4.0000, ],
[4.0000, ],
[7.0000, ],
[7.0000, ],
[9.0000, ],
[13.0000, ],
[7.0000, ],
[4.0000, ],
[4.0000, ],
[9.0000, ],
[4.0000, ],
[8.0000, ],
[4.0000, ],
[2.0000, ],
[4.0000, ],
[3.0000, ],
[7.0000, ],


