[ 4,  0,  0,  0,  3,  0,  0,  0,  0, 10,  0,  0,  0,  0,  0,  0,  0,  9,  0,  0,  0,  0,  0,  0, ],
[ 0,  0,  0,  0,  0,  0,  0,  0,  0,  0,  0,  0,  0,  0,  0,  0,  0,  0,  0,  6,  0,  0,  0,  0, ],
[ 0,  0,  0,  0,  0,  0,  9,  0,  0,  0,  6,  0,  0,  8,  0,  0, 13,  0,  0,  0,  0,  2,  0,  0, ],
[ 0,  0,  0, 13,  0,  0,  0,  0,  0,  0,  0,  0,  0,  0,  0, 10, 10,  0,  0,  9,  0,  0,  0,  0, ],
[ 0,  0,  0,  0,  0,  0,  0,  0,  0,  9,  0,  0,  0,  0,  7,  0,  0,  0,  0,  0,  0,  0,  6,  0, ],
[ 0,  0,  0,  0,  0,  0,  0,  0,  0,  1,  0,  0,  0,  0,  9,  0,  0,  0,  0,  0,  0,  0,  0,  2, ],
[ 0,  0,  0,  0, 11, 13,  0,  0,  0,  0,  0,  0,  1,  0,  0,  4,  0,  0,  0,  0,  0,  0,  0,  0, ],
[ 0,  0,  0,  0,  0,  0,  0,  0,  6,  0, 10,  0,  0,  0,  0,  0,  0,  0,  0,  0,  0,  0,  0,  0, ],
[ 0,  0,  0,  0,  0,  0,  0,  0,  0, 13,  0,  0,  0,  0,  0,  0,  0,  0,  0,  2,  0,  0, 14,  0, ],
[ 0,  0,  3,  0,  0,  0,  0,  0,  0,  0,  0,  0,  0,  0,  0,  0,  0,  9,  0,  0,  0,  0,  0,  0, ],
[ 0,  0,  0,  0,  0,  0,  0,  0,  5,  0,  0,  0,  0,  0,  0,  0,  0,  0,  3,  0,  0,  0,  0,  8, ],
[ 0,  0,  0,  0,  0,  0,  5,  0,  0,  0,  0,  0,  0, 14,  1, 13,  0,  0,  0,  0,  0,  0,  0,  0, ],
[ 0,  0,  0,  0,  0,  0,  0,  0,  1,  0,  0,  0,  0,  0,  0,  0,  0,  0,  0,  0,  3,  0,  0,  0, ],
[ 3,  0,  0,  0,  0,  0,  0,  5,  0,  0,  0,  0,  0,  0,  0,  0, 12,  0,  0,  0,  0,  0,  0,  0, ],
[ 0,  0,  0,  0,  0,  0,  0,  0,  0,  0,  0,  0,  0,  0,  0,  0,  0,  0,  0,  0,  0,  0,  0,  0, ],
[ 9,  0,  0,  0,  0,  0,  0,  0,  0,  0,  0,  0,  0,  0,  0,  0, 12,  0,  0,  0,  0,  0,  0,  0, ],
[ 0,  8,  0,  0,  0,  9,  0,  0,  0,  0,  0,  0,  7, 13,  0,  0,  0,  0,  0,  0,  0,  0,  0, 13, ],
[ 0,  0,  0,  0,  0,  0,  0,  0,  0,  0,  0,  6,  0,  0,  0,  0,  0,  0,  0,  0,  0,  0,  0,  0, ],
[ 0,  0,  0,  0,  0,  0,  0,  0,  0,  0,  0,  0,  0,  0,  0,  2,  0,  0,  0,  0,  0,  0,  0,  0, ],
[ 0,  0,  0,  0,  0,  0,  0,  0,  0,  0,  0,  0,  0,  0,  0,  0,  0,  0,  0,  0,  0,  0,  0,  0, ],
[ 0,  0,  0,  0,  0,  0,  0,  0,  0,  4,  0,  0,  0,  0,  0,  0,  0,  0,  0,  0,  0,  0,  0,  0, ],
[ 0,  0,  0,  0,  0,  0,  0,  0,  0,  0,  0,  0,  0,  0,  0,  0,  0,  2,  0,  0,  0,  0,  0,  0, ],
[ 0,  0,  0,  0,  0,  0,  0,  0, 10,  0,  0,  0,  0,  0,  0,  0,  0,  0,  0,  0,  0,  0,  0,  0, ],
[ 0,  0,  0,  0,  0,  0,  0,  0,  0,  0,  0,  0,  0,  0,  0,  0,  4,  0, 12,  0,  0,  0,  0,  0, ],
[ 0,  0,  0,  0,  0,  0,  0,  0,  8,  0,  0,  0,  0,  0,  0,  0,  0,  0,  0,  0,  0,  0,  0,  0, ],
[ 0,  0,  0,  0,  0,  0,  0,  0,  0,  0,  0,  0,  0,  0,  0,  0,  0,  0,  0,  6,  0,  0,  0,  0, ],
[ 0,  0,  0,  3,  0,  0,  8,  0,  0,  8,  0,  0,  0,  0,  0, 14,  0,  0,  0,  0,  0,  0,  0,  0, ],
[ 0,  0,  0,  0,  0,  0,  0,  0,  0,  0,  0,  7,  0,  0,  0,  0,  0,  0,  0, 10,  0,  0,  0, 13, ],
[ 0,  0,  0,  8,  0,  0,  0,  0, 13,  0, 12,  0,  0,  0, 14,  0,  0,  0,  0,  0,  0,  0,  0,  0, ],
[ 0,  0,  0,  0,  0,  0,  0,  0,  0,  0,  0,  0,  0,  0,  0,  0,  0,  0,  0,  0,  0,  0,  0,  0, ],
[ 0,  0,  0,  0,  0,  0,  0,  0,  0,  0,  0,  0,  0,  0,  0,  0,  0,  0,  0,  0,  0,  0,  0,  0, ],
[ 0,  0,  0,  0,  0,  0,  0,  0,  0,  0,  0,  0,  0,  0,  0,  0,  0,  0,  0,  0,  0,  0,  0,  0, ],
[ 0,  0,  0,  0,  0,  0,  0,  0,  0,  0,  0,  0,  0,  0, 10,  0,  0,  0,  0,  0,  0,  0,  0,  0, ],
[ 0,  0,  0, 11,  6,  0,  0,  5,  0,  0,  0,  0,  0,  0,  0,  0,  0,  0,  0,  0,  0,  0,  0,  0, ],
[ 0,  0,  0,  0,  0,  0,  0,  0,  0,  0,  0,  0,  0,  0,  0,  7,  0,  0,  0,  0,  0,  0,  0,  0, ],
[ 0,  0,  0,  0,  0,  0,  0,  0,  0,  0,  0,  0,  0,  0,  0,  0,  0,  0,  0,  0, 11,  0,  0,  6, ],
[ 0,  0,  0,  0,  0,  0,  0,  0,  0,  0,  0,  0,  0,  0,  0, 13,  0,  0,  0,  0,  0,  0,  0,  0, ],
[ 0,  0,  0,  0,  0,  0,  0,  0,  0,  0,  0,  0,  0,  0,  0,  0,  0,  0,  0,  0,  8,  0,  0,  0, ],
[ 0,  0,  0,  0,  0,  0,  0,  0,  0,  0,  0,  0,  6,  0,  0,  0,  0,  0,  0,  0,  0,  0,  0,  0, ],
[ 4,  0,  0,  0, 14,  0,  0,  0,  0,  0,  0,  0,  0,  0,  0,  0,  0,  0,  0,  0,  0,  9,  0,  0, ],
[ 0,  7,  0,  0,  0,  0,  0,  0,  0,  0,  0,  0,  0,  0,  0,  0,  4,  0,  0,  0,  0,  0,  0,  0, ],
[ 0,  0,  0,  0,  0,  0,  0,  0,  0, 10,  0, 10,  0,  0,  0,  0,  0,  0,  0,  0,  0,  0,  0,  0, ],
[12,  0,  0,  0,  0,  0,  0,  0,  0,  0,  6, 12,  0,  0,  0,  8,  6,  0,  0,  0,  0,  0,  0,  0, ],
[ 0,  0,  0,  0,  0,  0,  0, 11,  0,  0,  0,  0,  0,  0,  0,  0,  0,  0,  0,  0,  9,  8,  0,  7, ],
[ 0,  0,  0,  0,  0,  0,  0, 10,  0,  6,  0,  0,  0,  0,  0,  0,  0,  0,  7,  0,  5,  0,  0,  0, ],
[ 0,  0,  0,  0,  0,  0,  0,  0,  0,  0,  0,  0,  0,  0,  0,  0,  0,  0,  0,  2,  0,  0,  3,  0, ],
[ 0,  0,  0,  0,  0,  0,  0,  0,  5,  0,  0,  0,  0,  0,  2,  0,  0,  0,  2,  0,  0,  6,  0,  0, ],
[ 0,  0,  0,  0,  0,  0,  0,  0,  8,  0,  0,  0,  0,  0,  4, 10,  0, 10,  0,  0,  0,  0,  0,  0, ],
[ 0,  0,  0,  0,  0,  0,  3,  0,  0,  0,  0,  0, 11,  0,  0,  0,  7,  0,  0,  0,  0,  0,  0,  0, ],
[ 0,  0,  0,  0,  0,  0,  5,  0,  0,  0,  0,  1,  0,  0,  0,  0,  0,  0,  0,  0,  0,  0,  0,  0, ],
[ 0,  0,  0,  0,  0,  0,  0,  1,  0,  0,  0,  0,  0,  0,  0,  0,  0,  0,  0,  0,  0,  0,  0,  0, ],
[ 0,  0,  0,  0,  0,  0,  0,  0,  0,  0,  0,  0,  0,  0,  0,  0,  0,  7, 12,  0,  0,  0,  0,  0, ],
[ 0,  0,  0,  0,  0,  0,  0,  0, 11,  0,  0,  0,  0,  0,  0,  0,  0,  0,  0,  0,  0,  0, 14,  0, ],
[ 0,  0,  0,  0,  0,  0,  0,  0,  0,  0,  0,  0,  0,  0,  0,  0,  8,  0,  0,  0,  0,  0,  0,  0, ],
[ 5,  0,  0,  0,  0,  0,  0,  0,  0,  0,  0,  0,  0, 14,  2,  0,  9,  0,  0,  0,  0, 14,  0,  3, ],
[ 0,  0,  0,  0,  0,  0,  0,  0, 12,  0,  0,  0, 10,  0,  0,  0,  0,  0,  0,  0,  0,  0,  0,  0, ],
[ 0,  0,  0,  0,  0,  0,  0,  0, 10,  0,  0,  2,  0,  0,  0,  0,  0,  0,  0,  0,  0,  0,  7,  0, ],
[ 0,  0,  0,  0,  0,  0,  0,  0,  0,  0,  0,  0,  0,  0,  0,  0,  0,  7,  0,  0,  0,  0,  0,  0, ],
[ 0,  6,  0,  0,  0,  0,  0,  0,  0,  5,  0,  0,  8,  0,  0,  0,  3,  0,  0,  0,  0,  0,  0,  0, ],
[ 3,  0,  0,  0,  0,  0,  0,  0, 13,  0,  0,  0,  0,  0,  0,  0,  0,  0,  0,  0,  0,  0, 11,  0, ],
[12,  0,  0, 14,  0,  0,  0,  0,  0,  0,  0,  0,  0, 11,  0,  0,  0,  0,  0,  8,  0,  0,  0,  0, ],
[ 0,  0,  0,  0,  0,  0,  0,  0,  0,  0,  0,  0,  0,  0,  0,  0,  0,  5,  0,  0,  0,  0,  0,  0, ],
[ 0,  0,  0,  0,  0,  0,  0, 11,  0,  9,  0,  0,  0,  0,  0,  0,  0, 14,  0,  0,  0,  0, 10,  0, ],
[ 0,  0,  0,  0,  0,  0,  0,  0,  0,  0,  4,  0,  0,  0,  0,  0,  0,  0,  0,  0,  0,  0,  0,  0, ],
[ 0,  9,  0,  0,  0,  7,  0,  0,  0,  0,  0,  0,  0,  0,  0, 12,  0,  0,  0,  0,  0,  0,  0,  0, ],
[ 0,  0,  0,  0,  0,  0, 11,  0,  0,  0,  0,  0,  0,  0,  0,  0,  2,  0,  0,  0,  0,  8,  0,  0, ],
[ 0,  0,  0,  0,  0,  0,  0,  0,  0,  0,  0,  0,  0,  0,  0,  0,  0,  0,  0,  0,  0,  0,  0, 13, ],
[ 0,  0,  0,  0,  0,  0,  0,  0,  2,  0,  0,  0,  0,  0,  0,  8,  0,  0,  0,  0,  0,  0,  0,  2, ],
[ 0,  0,  0,  0,  0,  0, 12,  0,  0,  0,  0,  0,  0,  0,  0,  4,  0, 11,  0,  0,  0,  0,  0,  0, ],
[ 0,  0,  0,  0,  0,  0,  0,  0,  0,  0,  0,  0,  8,  0,  0,  0,  0,  8,  0,  0,  0,  0,  0,  0, ],
[ 0,  0,  0,  0, 11,  0,  0,  0,  0,  0,  0,  1,  0,  0,  0,  0,  0,  0,  2,  0,  3,  0,  0,  0, ],
[ 0,  0, 10,  0,  0,  0,  0,  0,  0,  1,  0,  0,  0,  0,  0,  8,  0,  0,  0,  0,  0, 13,  0,  0, ],
[ 0, 11,  0, 12,  0,  0,  0,  0,  0,  0,  0,  0,  0,  0,  0,  0,  9,  0,  0, 14,  8,  0,  0,  0, ],
[ 0,  0,  0,  0,  0,  0,  0,  0,  0,  0,  0,  0,  0,  0,  0,  0,  6,  0,  0,  0,  9,  0,  0,  0, ],
[ 0,  7,  0,  0,  0,  0,  0,  0,  0,  0,  0,  0,  0,  0,  0,  7,  0,  0,  0,  0,  0,  0,  0,  0, ],
[ 0,  0,  0,  0,  0,  0,  0,  0,  0,  0,  0,  0,  0,  7,  0,  0,  0,  0,  0,  0,  0,  0,  0,  0, ],
[ 0, 14,  0,  0,  0,  0,  0,  0,  8,  8,  9,  0,  0,  0,  0,  0,  0,  0,  0,  0,  0,  7,  0,  0, ],
[ 5, 10,  0,  0,  0,  0,  0,  0,  0,  0,  0,  0,  0,  0,  0,  0,  0,  0,  0,  0,  0,  0,  0,  0, ],
[ 0,  0,  0,  0,  0,  7,  2,  0,  0,  0,  0,  0,  0,  0,  0,  1,  0,  0,  0,  5,  0,  0,  0,  0, ],
[ 0,  0,  0,  0,  0,  0,  0,  0,  0,  0,  0,  0,  0,  0,  0,  0,  1,  0,  0,  0,  0,  0,  0,  0, ],
[ 0,  0,  0,  0,  0,  0,  0,  0,  8,  0,  0,  0,  0,  0,  1,  0,  0,  0,  0,  0,  0,  0,  0,  0, ],
[ 0,  0,  4,  0,  0, 14,  0,  0,  0,  0,  0,  0,  0,  0,  0,  0,  0,  0,  0,  0,  0,  0,  0,  6, ],
[ 0,  0,  0,  0,  0,  9,  0, 11,  0,  0,  0,  0,  0,  0,  0,  1,  0,  0,  8,  0,  0,  0,  0,  0, ],
[ 0,  0,  9,  0,  0,  0,  0,  0,  0,  0,  0,  0,  0,  0,  0,  0,  0,  0,  0,  0,  0,  0,  0,  0, ],
[ 0,  0,  0,  0,  0,  0,  0,  0,  0,  0,  0,  0,  0,  0,  0,  0,  0,  0,  0,  0,  0,  0,  0,  0, ],
[ 0,  0,  0,  0,  0,  0,  0,  0,  0,  0,  0,  0,  0,  0,  0,  0,  0,  0,  0,  0,  0,  0,  0, 10, ],
[ 0,  0,  0,  0,  1,  0,  7,  0,  0,  0,  0,  0,  0,  0,  0,  0,  0,  0,  0,  0,  0,  0,  0,  3, ],
[ 0,  0,  0,  0,  0,  0,  0,  0,  0,  0,  0,  0,  0,  0,  2,  0,  0,  0, 14,  0,  7,  0,  0,  0, ],
[ 0,  0,  0,  0,  0,  0,  0,  7,  0,  0,  0,  0,  0,  0,  0,  0,  0,  0,  0,  0,  0,  0,  0,  0, ],
[ 0,  0, 11,  0,  7,  0,  0,  0,  0,  0,  0,  0,  0,  0,  0,  0,  0,  0,  0,  0,  8,  5,  0,  0, ],
[ 0,  0,  6,  0,  0,  0,  0,  0,  0,  0,  0,  0,  0,  0,  0, 11,  0,  0,  0,  0,  0,  0,  0,  0, ],
[ 0,  0,  0,  0,  0,  0,  0, 11,  0,  0,  0,  0,  0,  0,  0,  0,  0,  0,  0,  0,  0,  0,  2,  0, ],
[ 0,  0,  0,  0,  0,  0,  0,  0,  0,  0,  0,  0,  0,  0,  0,  0,  8,  0,  0,  0,  0,  0,  0,  0, ],
[ 0,  0,  0,  0,  0,  0,  0,  0,  0,  0,  0,  0,  0,  0,  0,  0,  0,  0,  0,  0,  0,  0,  0,  0, ],
[ 0,  0,  0,  0,  0,  0,  0,  0,  0,  0,  0,  0,  0,  7,  0,  0,  3,  0,  0,  0,  0,  0,  0,  0, ],
[ 0,  0,  0,  0,  0,  0,  0,  0,  0,  0,  0,  0,  0, 12,  0,  0,  0, 14,  0,  0,  0,  0,  0,  0, ],
[ 0,  5,  0,  0,  0,  0,  0,  0,  0,  0,  0,  5,  0,  0,  0,  0,  0,  0,  0,  0,  9,  0,  0,  0, ],
[ 0, 12,  0,  0,  0,  0,  0,  0,  0,  0,  0, 13,  0,  0,  0,  0,  0,  0,  0,  0,  0,  0,  7,  0, ],
[ 0,  0,  1, 10,  0,  0,  0,  0,  0,  0,  0,  0,  0,  0,  0,  0,  0,  0,  8,  0,  0,  8,  0,  6, ],
[ 0,  0,  0,  0,  0,  0,  0,  0,  0,  0,  0, 11,  9,  0,  0,  0,  0,  0,  0,  0,  0,  0,  0,  0, ],


[0.9334, -0.9825, ],
[-0.1796, -0.3868, ],
[-0.0932, -0.6432, ],
[0.0110, 0.0413, ],
[0.9667, 1.0000, ],
[0.6356, 0.1122, ],
[-0.6841, 0.3886, ],
[0.1491, 0.3203, ],
[-0.1719, -0.6367, ],
[-0.4142, 0.2671, ],
[0.5222, -0.2853, ],
[-0.0702, -0.4763, ],
[-0.6496, -0.7918, ],
[0.3960, 0.2542, ],
[0.5584, 0.4590, ],
[-0.6361, -0.0279, ],
[-0.2006, -0.5500, ],
[-0.3073, 0.9750, ],
[0.4634, -0.0547, ],
[-0.0624, -0.8517, ],
[0.7180, 0.1218, ],
[0.2961, 0.0863, ],
[0.6455, -0.1775, ],
[0.9756, -0.1321, ],
[0.7690, 0.0218, ],
[-0.7037, 0.4015, ],
[-1.0000, -0.3652, ],
[0.1396, -0.4795, ],
[0.2484, 0.2793, ],
[-0.4029, 0.4905, ],
[-0.6174, -0.3692, ],
[0.0418, 0.5733, ],
[0.6549, -0.2752, ],
[0.3643, 0.7706, ],
[0.1747, -0.1683, ],
[0.0334, 0.1971, ],
[0.5075, -0.2111, ],
[0.2929, -0.3138, ],
[0.3283, 0.9702, ],
[0.7824, 0.4709, ],
[0.5101, -1.0000, ],
[0.0250, 0.2151, ],
[0.3102, 0.4153, ],
[0.3784, -0.7468, ],
[0.8402, -0.2164, ],
[0.2136, 0.8498, ],
[0.2130, -0.3296, ],
[-0.5838, -0.6199, ],
[-0.1486, -0.6441, ],
[0.5018, 0.8791, ],
[0.5944, -0.0024, ],
[0.0885, -0.4706, ],
[0.1344, -0.7894, ],
[-0.5947, -0.6759, ],
[-0.3224, 0.4517, ],
[0.6900, -0.4283, ],
[0.3537, -0.0177, ],
[-0.9515, 0.1412, ],
[-0.6714, 0.4505, ],
[0.2624, -0.5871, ],
[0.2343, 0.0938, ],
[-0.5620, 0.2344, ],
[-0.6715, 0.2063, ],
[0.4357, -0.0294, ],
[1.0000, 0.0141, ],
[0.4571, -1.0000, ],
[0.2930, 0.2936, ],
[0.3649, -0.5500, ],
[0.3206, 0.1008, ],
[0.7419, 0.0273, ],
[0.7492, 0.5346, ],
[0.3286, 0.3534, ],
[-0.4822, 0.0910, ],
[-0.2030, -0.3212, ],
[-0.8968, 0.6899, ],
[-0.9096, -0.2645, ],
[1.0000, -0.4425, ],
[1.0000, -0.0138, ],
[0.2186, 0.1335, ],
[-0.5580, -0.2717, ],
[-0.3575, -0.8855, ],
[-0.0929, 0.4983, ],
[0.1487, 0.9696, ],
[-0.1479, 0.7659, ],
[-0.1465, 0.1552, ],
[-0.2925, -0.4797, ],
[0.1868, 0.4968, ],
[0.6914, 0.4965, ],
[-0.1857, -0.6653, ],
[0.4963, -0.1680, ],
[-0.4619, -0.4663, ],
[0.1419, 0.9150, ],
[0.0519, 0.6049, ],
[0.3581, 0.1007, ],
[-0.7679, -0.9472, ],
[0.0562, 0.0332, ],
[-0.7111, 0.0358, ],
[0.6380, 0.4118, ],
[0.6302, 0.3552, ],
[0.3947, 0.4856, ],


[11.0000, ],
[3.0000, ],
[14.0000, ],
[15.0000, ],
[9.0000, ],
[5.0000, ],
[11.0000, ],
[7.0000, ],
[9.0000, ],
[5.0000, ],
[7.0000, ],
[11.0000, ],
[3.0000, ],
[8.0000, ],
[0.0000, ],
[7.0000, ],
[17.0000, ],
[3.0000, ],
[1.0000, ],
[0.0000, ],
[2.0000, ],
[1.0000, ],
[4.0000, ],
[6.0000, ],
[3.0000, ],
[3.0000, ],
[12.0000, ],
[11.0000, ],
[15.0000, ],
[0.0000, ],
[0.0000, ],
[0.0000, ],
[4.0000, ],
[9.0000, ],
[3.0000, ],
[7.0000, ],
[4.0000, ],
[3.0000, ],
[3.0000, ],
[9.0000, ],
[5.0000, ],
[8.0000, ],
[17.0000, ],
[13.0000, ],
[12.0000, ],
[3.0000, ],
[7.0000, ],
[13.0000, ],
[9.0000, ],
[3.0000, ],
[1.0000, ],
[7.0000, ],
[8.0000, ],
[3.0000, ],
[16.0000, ],
[8.0000, ],
[8.0000, ],
[3.0000, ],
[10.0000, ],
[10.0000, ],
[15.0000, ],
[2.0000, ],
[15.0000, ],
[2.0000, ],
[10.0000, ],
[8.0000, ],
[4.0000, ],
[5.0000, ],
[10.0000, ],
[6.0000, ],
[8.0000, ],
[12.0000, ],
[18.0000, ],
[6.0000, ],
[6.0000, ],
[3.0000, ],
[16.0000, ],
[6.0000, ],
[7.0000, ],
[1.0000, ],
[4.0000, ],
[9.0000, ],
[11.0000, ],
[3.0000, ],
[0.0000, ],
[4.0000, ],
[6.0000, ],
[8.0000, ],
[3.0000, ],
[12.0000, ],
[7.0000, ],
[5.0000, ],
[3.0000, ],
[0.0000, ],
[5.0000, ],
[8.0000, ],
[7.0000, ],
[11.0000, ],
[14.0000, ],
[7.0000, ],


