[ 4,  0,  0,  6,  0,  0,  0,  0,  0,  0,  9,  0,  4, 13,  0,  0,  0,  0,  0,  2,  0,  0,  0,  8, ],
[ 0,  9,  0, 14,  0,  0,  1,  0,  1,  0,  0,  0,  0,  0, 13,  0,  0,  0,  0,  0,  0,  0,  0,  0, ],
[ 0,  0,  0,  0,  0,  0,  0,  0,  0,  0,  0,  0,  0,  0,  0,  0,  0,  0,  0,  0,  0,  0,  0,  0, ],
[ 0,  0,  0,  0,  1,  0,  0,  0,  0,  0,  0,  0,  0,  0,  0,  0,  0,  0,  0,  0,  0,  0,  0,  0, ],
[ 3,  0,  0,  0,  0,  7, 13,  0,  0,  0,  0,  0,  0,  0,  0,  0,  0,  0,  4,  0,  0,  0,  0,  0, ],
[ 0,  0,  0,  0,  0,  0,  0,  0,  0,  0,  0,  0,  0,  0,  0,  0,  0,  0,  0,  0,  0,  0, 10,  0, ],
[ 0,  0,  0,  0,  0,  0,  0,  0,  0,  0,  0,  0,  0,  0,  0,  0,  0,  0,  5,  0,  0,  0,  0,  0, ],
[ 0,  0,  0,  8,  0,  0,  0,  0,  5,  0,  0,  0,  0,  0,  0,  0,  0,  0,  9,  0,  0,  0, 13,  0, ],
[ 0,  0,  0,  0,  0,  0,  0,  0,  0,  0,  0,  0,  0,  0,  0,  0,  0,  0,  0,  0,  0,  0,  0,  0, ],
[14,  1,  0,  0,  3,  0,  0,  0,  0,  0,  0,  0,  0,  0,  0, 10,  0,  0,  0,  4,  0,  0,  0,  0, ],
[ 0,  2,  0,  0,  0,  0,  0,  0,  0,  8,  0,  0,  0,  0,  0,  0,  0,  0,  0,  0,  0,  0,  0, 10, ],
[ 0,  0,  0,  0,  0,  0,  0,  0,  0,  0,  0,  0,  0,  0,  0,  0,  0,  0,  0,  8,  0,  0,  0,  0, ],
[ 0,  0,  0,  0,  0,  0,  0,  0,  0,  0,  0,  0,  0,  0,  0,  0,  0,  0,  0,  0,  0,  0,  0,  0, ],
[ 0,  0, 10,  0,  0,  0,  2,  0,  0,  0, 10,  0,  2,  0,  9,  0,  0,  0,  0,  0,  0,  0,  0,  0, ],
[ 0,  0,  0,  0,  0,  1,  0,  0,  0,  2,  0,  0,  0,  2,  0,  0,  0, 10,  8,  0,  0,  0, 10,  0, ],
[ 0,  0,  0,  0,  0,  0,  0,  0,  0,  0,  0,  0,  0,  0,  0,  0,  0,  0,  0,  0,  0,  0,  9,  1, ],
[ 0,  0,  0,  0,  0,  0,  0,  0,  0,  0,  0,  0,  0, 11, 14,  0,  6,  0,  0,  0,  0,  0,  0,  0, ],
[ 0,  0,  0,  0,  0,  0,  0,  0,  0,  0,  0,  0,  0,  0,  0,  0,  0,  0,  0,  0,  0,  0,  0,  0, ],
[ 7,  0,  0,  0,  0,  0,  0,  0,  0,  0,  0,  0,  0,  0,  4,  0,  0,  0,  0,  0,  0,  0,  0,  0, ],
[ 0,  0,  0,  2,  2,  0,  0,  0,  0,  0,  0,  0,  0,  0,  0,  0,  0,  0,  0,  0,  0,  0,  0,  0, ],
[ 0,  0,  0,  0,  0,  0,  0,  0,  0,  1,  0,  0,  0,  0,  0,  0,  0,  0,  0,  0,  0,  0,  2,  0, ],
[ 0,  0,  0, 13,  0,  5,  0,  0,  0,  0,  0,  0,  0,  0,  0,  0,  0, 10,  0,  0,  0,  0,  0,  0, ],
[ 0,  0,  0,  0,  0,  0,  0,  0,  0,  0,  0,  0,  0,  0,  0,  0,  0,  0,  0,  0,  0,  0,  0,  2, ],
[ 0,  0,  0,  2,  0,  0,  0,  0,  0,  0,  0,  0,  0,  0,  0,  0,  0,  0,  0,  0,  0,  0,  0,  0, ],
[ 0,  0,  0,  0,  0,  0,  0,  0,  0,  0,  0,  0,  0,  8, 14,  0,  0,  0,  0,  0,  0,  0,  0,  0, ],
[ 0,  0,  0,  0, 14,  0,  0, 13,  0,  0,  0,  0,  0,  0,  0,  0,  0, 13,  0,  0,  0,  0,  0,  0, ],
[ 0,  0,  0,  6,  9,  0,  6,  0,  0,  0,  1,  0,  0,  0,  0,  0,  0,  0,  0,  0,  0,  0,  0,  0, ],
[ 3,  0,  0,  0,  0,  0,  0,  0,  0,  0,  0,  0,  0,  0,  0,  0,  0,  0,  0,  0,  8,  0,  0,  0, ],
[ 0,  0,  0,  0,  0,  0,  0,  0, 12,  0,  0,  6,  0,  0,  0,  0,  0,  0,  0,  0,  0,  0,  0,  0, ],
[ 0,  0,  0,  0,  0,  0,  0,  0,  0,  0,  0, 13,  0,  0,  0,  0,  0,  0,  0,  0,  0,  0,  0,  4, ],
[ 2, 11,  0,  0,  0,  4,  0,  0,  0,  0,  0,  0,  0,  0,  0,  0,  0,  0,  0,  0,  0,  0,  0,  0, ],
[ 0,  0,  0,  0,  0,  0,  0,  0,  0,  0,  0,  0,  0,  0,  0,  0,  0,  0,  0,  5, 14,  0,  0,  0, ],
[ 0,  0,  2,  0,  0,  0,  0,  0,  0,  0,  0,  0,  0,  0,  0,  0,  0,  0,  0,  0,  0,  0,  0,  0, ],
[ 0,  0,  0,  0,  0,  0,  0,  0,  0,  0,  0,  0,  0,  0,  0,  0,  0,  0,  0,  0,  0,  0,  0,  0, ],
[ 0,  0,  0,  0,  0,  0,  0,  0,  0,  0,  0,  0,  0,  0,  0, 13,  0,  0,  0,  0,  0,  0,  0,  2, ],
[ 0,  0,  0,  0,  0,  0,  0,  0,  0,  0,  0,  0,  0,  0,  2,  0,  0,  0,  0,  0,  0,  0,  0,  0, ],
[ 0,  0,  0,  0,  0,  0,  0,  9,  3,  0,  2,  0,  0,  0,  0,  0,  0,  0,  0,  0,  0,  0,  0,  0, ],
[ 0,  0,  0,  0,  1,  0,  0,  0,  0,  0,  0,  1,  0,  0, 10,  0,  0,  3,  0,  0,  0,  0,  0,  0, ],
[ 0,  6,  0,  0,  0,  0,  0,  0,  0,  0,  0,  0,  0,  0,  0,  0,  0,  0,  4,  0,  6,  0,  0,  0, ],
[ 0,  0,  0,  0,  0,  3,  0,  0,  0,  0,  0,  0,  0,  0,  0,  0,  0,  0,  0,  0,  5,  0,  0,  0, ],
[ 8,  0,  0,  0,  0,  0,  0,  0,  0,  0,  0,  0,  0,  0,  0,  0,  0,  0,  0,  0,  0,  0,  0,  0, ],
[ 0,  6,  5, 12, 13,  0,  0,  0,  4,  0,  0,  0,  0,  0, 12,  0,  0,  0,  0,  0,  0,  0,  0,  0, ],
[ 0,  0,  0,  0,  0,  0,  0,  0,  0,  0,  0,  0,  0,  0,  0,  0,  0,  0,  1,  0,  0,  0,  0,  0, ],
[ 0,  0,  0,  0,  0,  0,  0,  0,  0,  0,  1,  0,  0,  0,  0,  0,  8,  0,  0,  0,  0,  4,  0, 12, ],
[ 0,  0,  0,  0,  0,  0,  0,  0,  0,  0,  0,  0,  0,  0,  0,  0,  0,  0,  0, 10,  0,  0,  0,  0, ],
[ 0,  0,  0,  7,  0,  0,  0,  0,  0,  0,  0,  0,  0,  0,  3,  6,  0,  0,  0,  0,  2,  0,  0,  0, ],
[ 0,  0,  0,  0,  0,  0, 10,  0,  0,  0, 11,  0,  0, 10,  0,  0,  3,  0,  3,  0,  0,  0,  1,  0, ],
[ 0,  0, 10,  0,  0,  0,  0,  0,  0,  0,  0,  0,  0,  0,  0,  0,  0,  0,  0,  0,  0,  0,  4,  8, ],
[ 0,  0,  0,  0,  0,  0,  0,  0,  0,  0,  0,  7,  0,  0,  0,  0,  0,  0,  0,  0,  0,  0,  0,  0, ],
[ 0,  0,  0,  0,  0,  0,  0,  0,  0,  0,  0,  0,  0,  0,  0,  0,  0,  0,  0,  0,  0,  5,  0,  0, ],
[ 0,  0,  0,  0,  0,  0,  0,  0,  0,  0,  0,  0,  0,  0,  0,  0,  0,  0,  0,  0,  0,  0,  0,  0, ],
[ 0,  0,  8,  0,  0,  0,  0,  0,  0,  0,  8,  0,  0,  0,  0,  0,  0,  0,  0,  0,  6,  0,  0,  0, ],
[ 8,  0, 13,  0,  0,  0,  0,  0,  0,  0,  0,  0,  0,  0,  0,  0, 12,  0,  0,  0,  8,  0,  0,  0, ],
[ 0,  0,  0,  0,  0,  0,  0,  0,  5,  0,  0,  0,  3,  0,  0,  0,  0,  0,  0,  0,  0,  0, 11,  0, ],
[ 0,  0,  2,  0,  0,  0,  0,  0,  0,  0,  0,  6,  0,  0,  6,  0,  0,  0,  0,  0,  0,  0,  0,  0, ],
[ 0,  0,  0,  0,  0,  0,  9,  0,  0,  0,  0,  0,  0,  0,  0,  0,  0,  0,  0,  0,  0,  0,  0,  0, ],
[ 0,  0,  0,  0,  7,  0,  0,  0,  0,  5,  0,  0,  0,  0,  0,  0,  0,  0,  0,  0,  0,  0,  0,  0, ],
[ 0,  0,  0,  0,  0,  0,  6,  0,  0,  0,  0,  0,  0,  0,  0,  0,  0,  0,  0, 11,  0,  0,  0,  0, ],
[ 0,  0, 14, 10,  0,  0,  0,  0,  0,  0,  0,  0,  0,  0,  0,  0,  0,  7,  0,  0,  0,  0,  0,  0, ],
[ 0,  7,  0,  0,  0,  0,  0,  0,  0,  0,  0,  5,  0,  0,  0,  0,  0,  0,  0,  0,  0,  0,  0,  0, ],
[ 0,  0,  0,  0,  0,  0,  0,  0,  0,  0,  0,  0,  0,  0,  0,  0,  0,  0,  7,  0,  0,  0,  0,  0, ],
[ 0,  0,  0,  0,  0,  0,  0,  0,  0,  0,  0,  0,  0,  0,  8,  0,  0,  0,  0,  0,  0,  0,  0,  0, ],
[ 0,  0,  0,  0,  0,  0,  0,  0,  0,  0,  0,  0,  0,  0,  0,  0,  0,  0,  0,  0,  0,  8,  0,  0, ],
[ 0,  0,  0,  0,  0,  0, 14,  0,  0,  0,  0,  0,  3,  0,  0,  0,  0,  0,  0,  0,  0,  0,  0,  0, ],
[ 0,  0,  0,  0,  0,  9,  0,  0,  0,  0,  0,  0,  0,  0,  0,  0,  4,  0,  0,  0,  0,  4,  0,  0, ],
[ 0,  0,  0,  0,  0,  0,  0,  0,  0,  0,  0,  0,  0,  0,  0,  0,  0,  0,  0,  0,  0,  0,  0,  6, ],
[ 0, 13,  0,  0,  0,  0,  6,  0,  0,  0,  0,  0,  0,  0,  0,  0,  0,  0,  0,  4,  0,  0,  0,  0, ],
[ 0,  0,  0,  0,  0,  0,  0,  0,  0,  0,  0,  0,  0,  0,  0,  0,  0,  0,  0,  0,  0,  0,  0,  0, ],
[ 0,  0,  0,  0,  0,  0,  5,  0,  0,  0,  9,  0, 13,  0,  0,  0,  6,  0,  0,  0,  0,  0,  0,  0, ],
[ 0,  0,  0,  0,  0,  0,  0,  0,  0,  0,  0,  0,  0,  0,  0,  0,  0,  0,  9,  0,  0,  0,  0,  0, ],
[11,  0,  0,  0,  0,  0,  0,  0,  0,  0,  0,  0,  0,  0,  0,  0,  0,  8,  0,  0,  0, 12,  0,  0, ],
[ 0,  0,  0,  0,  0,  0, 14,  0,  0,  0,  0,  0,  0,  0,  0,  0,  0,  0,  0,  0,  0,  0,  0,  0, ],
[ 0,  0,  7,  0,  0,  3,  0,  0,  0,  5,  0,  0,  9,  3,  0,  0,  0,  0,  0,  3,  0,  0,  0,  3, ],
[ 0,  2,  0,  0,  0,  0,  0,  0,  0,  0,  0,  1,  0,  0,  0,  0,  0,  0,  0,  0,  0,  0,  8,  0, ],
[ 0,  0,  0,  0,  0,  0,  0,  0,  0,  0,  0,  0,  0,  0,  0,  0,  0,  0,  0,  0, 11,  0, 13,  0, ],
[ 0,  1,  0,  0,  0,  0,  4, 13,  0, 14,  0,  0,  0,  0,  0,  6,  0,  0,  0,  0,  0,  0,  0,  0, ],
[ 0,  0,  0,  0, 14,  0,  0,  0,  0,  0,  0,  0,  0,  0,  0,  0,  0,  0,  0,  0,  0,  0,  0,  0, ],
[ 0,  0,  0,  0,  0,  0,  0,  0,  0,  0,  0,  0,  0,  0,  0,  0,  0,  0,  0,  0,  1,  0,  0,  0, ],
[ 0,  0,  0,  0,  0,  5,  0,  0,  0,  0, 10,  0,  0,  0,  0,  0,  0,  0,  0,  0,  0,  0,  0,  0, ],
[14,  0,  0,  0,  0,  0,  0,  0,  0,  0,  0,  0,  0,  0,  0,  0, 11,  0,  0,  0,  0,  0,  2,  0, ],
[ 0,  0,  0,  0,  0,  0,  6,  0,  0,  0,  0,  0,  0, 12,  0,  0,  0,  0,  0,  0,  0,  0,  0,  0, ],
[ 0,  0,  0,  0,  0,  4,  0,  0,  0,  0,  0,  0,  0,  0,  0,  0,  0,  0,  0,  0,  0,  0,  0,  0, ],
[ 0,  0,  0,  0,  0,  0,  0,  0,  0,  0,  0,  0,  8,  0,  0,  0,  0,  6,  0,  0,  0,  0,  0,  0, ],
[ 0,  0,  0,  0,  0,  0,  0,  0,  0,  0,  0,  0,  0,  0,  5,  0,  0,  0,  0,  0,  0,  0,  0,  0, ],
[ 0,  0,  0,  6,  0,  6,  0,  0,  0,  0,  0,  0,  0, 14,  0,  0,  0,  4,  0,  0,  0,  0,  0,  0, ],
[ 0,  0,  0,  0,  0,  0,  0,  0,  0,  0,  0,  0,  0,  0,  0,  0,  0,  0,  0,  3,  0,  0,  0,  0, ],
[ 0,  0,  0,  0,  0,  0,  0,  0,  0,  0,  0,  0,  0, 14,  0, 12,  1,  0,  0,  0,  0,  0,  0,  0, ],
[ 0,  0,  0, 11,  7,  0,  0,  0,  0,  0,  2,  0,  0,  0,  0,  0,  0,  0,  0,  8,  0,  0,  0,  4, ],
[ 0,  0,  0,  0,  0,  0,  0,  7,  0,  0,  0,  0,  0,  0,  0, 11,  0,  0,  4,  0,  0,  0,  0,  0, ],
[ 0,  0,  0,  0,  0,  0,  0,  0,  0,  0,  0,  0,  0,  0,  0,  0,  0,  0,  0,  0,  8,  0,  0,  0, ],
[ 0,  0,  0,  0,  0,  0,  0,  0,  0,  0,  0,  0,  0,  7,  0,  0,  5,  0,  0,  0,  0,  5,  0,  1, ],
[10,  0,  0,  0,  0,  5,  0,  0,  1,  0,  0,  0,  0,  0,  0,  0,  0,  0,  0,  0,  0,  0,  0,  0, ],
[ 0,  0,  0,  0,  0,  0, 10,  5,  0,  0,  0,  0,  0, 13,  0,  0,  0,  0,  0,  0,  0,  0,  0,  0, ],
[ 0,  0,  0,  0,  0,  0,  0,  0,  0,  1,  0,  0,  0,  0,  0,  0,  0,  0,  0,  0,  0,  4,  0,  9, ],
[ 0,  0, 12,  0,  0,  0,  0,  0,  0,  0,  0,  0,  0,  0,  0,  0,  0,  0,  0,  0,  0,  0,  0,  0, ],
[ 0,  0,  0,  0,  2,  0,  0,  0,  0,  0,  0,  1,  0,  0,  1,  2,  0,  1,  0,  0,  0,  0,  0,  0, ],
[ 0,  0,  0,  0,  0,  0,  0,  0,  0,  6,  0,  8,  0,  0,  0,  0,  0,  0,  0,  0,  0,  0,  1,  0, ],
[ 6,  0,  0,  2,  0,  8,  0,  0,  0,  4,  0,  5,  0,  0,  0,  0,  0,  0,  0,  0,  0,  0,  0,  0, ],
[ 0,  0,  0,  0,  0,  0,  0,  0,  0,  0,  0,  0,  0,  0,  0,  0,  0,  0,  0,  0,  0,  0,  8,  0, ],
[ 8,  0,  0,  0,  0,  0,  1,  0,  0, 14,  0,  0,  0, 13,  0,  0,  0,  0,  0,  0,  0,  0,  0,  0, ],


[-0.7137, 0.9277, ],
[0.7201, -0.2971, ],
[0.1007, -0.0968, ],
[-0.9226, 0.5607, ],
[-0.6366, 0.1484, ],
[0.1581, 0.2492, ],
[-0.8443, -0.7027, ],
[0.1635, 0.5220, ],
[0.5806, 0.3737, ],
[0.9952, -0.9583, ],
[-0.4851, -0.3932, ],
[-0.2138, -0.7698, ],
[-0.3878, 0.8472, ],
[0.2303, -0.4928, ],
[-0.3263, -0.3446, ],
[0.9260, -0.6982, ],
[-0.8998, -0.5363, ],
[-0.3139, -0.5256, ],
[0.5556, 0.2918, ],
[0.0982, 0.8709, ],
[-0.7522, 0.5943, ],
[0.5735, -0.2201, ],
[-0.0789, -0.6154, ],
[0.6396, -0.4443, ],
[-0.4821, -0.5205, ],
[0.3988, 0.1536, ],
[-0.3918, 0.4266, ],
[0.1330, -0.0387, ],
[0.5790, -0.2154, ],
[0.3978, -0.8848, ],
[-0.7044, -0.7817, ],
[0.0795, 1.0000, ],
[0.4333, -0.3012, ],
[-0.4268, -0.3761, ],
[-0.3698, -0.2560, ],
[-0.6407, -0.8463, ],
[0.2809, -0.6707, ],
[-0.7723, 0.4064, ],
[0.3413, -0.0537, ],
[0.3025, 0.7617, ],
[0.1389, -0.0905, ],
[-0.2166, 0.6448, ],
[-0.5926, 0.0249, ],
[0.2672, -0.9048, ],
[-0.7492, 0.7697, ],
[0.6352, 0.4164, ],
[0.7879, 0.2698, ],
[-0.0168, -0.4385, ],
[-1.0000, -0.2772, ],
[-0.6436, -0.3046, ],
[0.8846, 0.0253, ],
[0.2369, -0.9698, ],
[-0.7575, -0.9652, ],
[-0.7010, 0.3165, ],
[0.2486, 0.2229, ],
[0.4577, -0.3533, ],
[0.9945, -0.3131, ],
[0.5665, -0.4815, ],
[-0.9166, 0.2349, ],
[0.1304, 0.6914, ],
[-0.2961, 0.0483, ],
[-0.7993, 0.1444, ],
[0.8303, 0.5505, ],
[-0.2733, -0.9721, ],
[0.4744, -0.8377, ],
[0.5127, 0.0002, ],
[0.7224, 0.6411, ],
[-0.3576, -0.5872, ],
[-0.4515, -0.4360, ],
[-0.8035, 0.9536, ],
[0.0139, -0.9148, ],
[0.5575, -0.8842, ],
[0.0273, -0.4784, ],
[-0.8714, 0.5732, ],
[-0.4306, 0.6241, ],
[-0.4646, 0.3966, ],
[0.5374, 0.7248, ],
[0.9824, -0.6280, ],
[-0.0252, -0.7434, ],
[-0.4517, 0.3567, ],
[-0.0037, 0.3931, ],
[0.5334, -0.9345, ],
[-0.6933, 0.1691, ],
[-0.7425, 0.7744, ],
[-0.4251, 0.7735, ],
[-0.9471, -0.4918, ],
[0.2324, 0.2786, ],
[-0.0659, 0.0508, ],
[0.8987, -0.1022, ],
[0.1620, -0.2864, ],
[0.4385, 0.7167, ],
[-0.4784, -0.0329, ],
[-0.8112, 0.6555, ],
[-0.1031, -0.5883, ],
[0.0156, 0.3551, ],
[-0.3367, 0.3241, ],
[-0.6136, 0.8507, ],
[0.2181, 0.7267, ],
[-0.6999, 0.3095, ],
[0.0387, 0.8480, ],


[18.0000, ],
[13.0000, ],
[0.0000, ],
[1.0000, ],
[11.0000, ],
[4.0000, ],
[2.0000, ],
[12.0000, ],
[0.0000, ],
[13.0000, ],
[8.0000, ],
[3.0000, ],
[0.0000, ],
[13.0000, ],
[14.0000, ],
[4.0000, ],
[11.0000, ],
[0.0000, ],
[5.0000, ],
[2.0000, ],
[2.0000, ],
[10.0000, ],
[1.0000, ],
[1.0000, ],
[7.0000, ],
[12.0000, ],
[10.0000, ],
[5.0000, ],
[7.0000, ],
[6.0000, ],
[7.0000, ],
[6.0000, ],
[1.0000, ],
[0.0000, ],
[5.0000, ],
[1.0000, ],
[6.0000, ],
[8.0000, ],
[8.0000, ],
[4.0000, ],
[3.0000, ],
[19.0000, ],
[1.0000, ],
[10.0000, ],
[4.0000, ],
[9.0000, ],
[17.0000, ],
[9.0000, ],
[3.0000, ],
[2.0000, ],
[0.0000, ],
[9.0000, ],
[14.0000, ],
[8.0000, ],
[7.0000, ],
[3.0000, ],
[5.0000, ],
[7.0000, ],
[11.0000, ],
[5.0000, ],
[3.0000, ],
[3.0000, ],
[3.0000, ],
[6.0000, ],
[7.0000, ],
[3.0000, ],
[9.0000, ],
[0.0000, ],
[12.0000, ],
[3.0000, ],
[11.0000, ],
[4.0000, ],
[16.0000, ],
[5.0000, ],
[8.0000, ],
[14.0000, ],
[4.0000, ],
[1.0000, ],
[6.0000, ],
[9.0000, ],
[7.0000, ],
[2.0000, ],
[6.0000, ],
[2.0000, ],
[12.0000, ],
[2.0000, ],
[9.0000, ],
[13.0000, ],
[9.0000, ],
[3.0000, ],
[8.0000, ],
[7.0000, ],
[10.0000, ],
[6.0000, ],
[4.0000, ],
[5.0000, ],
[7.0000, ],
[11.0000, ],
[3.0000, ],
[12.0000, ],


