[ 0,  0,  0,  0,  0,  0,  0,  0,  0,  0,  0,  0,  0,  5,  0,  2,  0,  0,  0,  0,  0,  0,  0,  0, ],
[ 0,  0,  0,  0,  0,  0,  7,  0,  0,  0,  0,  0,  0,  0,  0,  0,  2,  0,  0,  0,  0,  0,  0,  0, ],
[ 0,  0,  0,  0,  0,  0,  0,  0,  0,  0,  0,  0,  0,  0,  0,  0,  0,  0,  0,  0,  0,  0,  0,  0, ],
[ 0,  0,  0,  0,  0,  0,  0,  0,  0,  0,  0,  0,  0,  0,  0,  0,  0,  0,  2,  0,  0,  0,  0,  0, ],
[ 0,  0,  0,  0,  0,  0,  2,  0,  0,  0,  0,  0,  0,  0,  1,  2,  0,  0,  0,  7,  0,  0,  0,  0, ],
[ 0,  0,  0,  2,  0,  0,  0,  7,  0,  0,  0,  0,  0,  0,  0,  0,  0,  0,  6,  0,  0,  0,  0,  0, ],
[ 0,  0,  0,  0,  0,  0,  0,  0,  0,  0,  0,  0,  2,  0, 13,  0,  0, 13,  0,  2,  0,  4,  0,  0, ],
[ 0,  0,  0,  2,  0,  0,  0,  0,  0,  0,  0,  0,  0,  2,  0,  0,  0,  0,  2,  0,  0,  0,  0,  0, ],
[ 0,  0,  0,  0,  0,  0,  2,  0,  0,  0,  0,  0,  0,  0,  0,  0,  0,  1,  7,  0,  0,  0,  0,  0, ],
[ 3, 11,  0,  0,  0,  0,  0,  0,  0,  0,  0,  0,  0,  0,  2,  0,  0,  0,  0,  0,  0,  0,  0,  0, ],
[ 0,  0,  0,  0,  0,  0,  7,  0,  0,  0,  0,  0,  4,  0,  0,  0,  0,  0,  0,  0,  0,  0,  0,  0, ],
[ 0,  0,  0,  0,  0, 13,  0,  0,  0,  0,  0,  0,  0, 13,  0,  0,  0,  0,  0,  0,  0,  0,  0,  0, ],
[ 0,  0,  9,  0,  0,  0,  0,  0,  0,  0,  0,  0,  0,  2,  7,  0,  0,  0,  0,  0,  0,  0,  0,  0, ],
[ 0,  0,  0,  0,  0,  0,  7,  0,  0,  0,  0,  0,  0,  0,  0,  0,  0,  0,  0,  0,  0,  0,  0,  0, ],
[ 0,  0,  0,  0,  0,  0,  0,  0,  0,  0,  0,  0,  0,  0,  0,  0,  0,  0,  0,  0,  0,  0,  0,  0, ],
[ 2,  0,  0,  0,  0,  0,  0,  0,  0,  0,  0,  8,  0,  0,  0, 10,  4,  2,  0,  0,  0,  0,  0,  0, ],
[ 2,  0,  1,  0,  0,  0,  4,  0,  0,  0,  0,  0,  2,  0,  0,  0,  0,  0,  0,  0,  0,  0,  0,  0, ],
[ 0,  0,  0,  0,  0,  0,  6,  0,  0,  0,  0,  0,  0,  2,  0,  0,  0,  2,  0,  0,  0,  0,  0,  2, ],
[ 0,  5,  0,  0,  0,  0,  0,  0,  0,  0,  0,  0,  0,  0,  0,  2,  0,  0,  0,  0,  0,  0,  0,  0, ],
[ 0,  7,  0,  2,  0,  0,  0,  2,  0,  0,  0,  0,  0,  0,  4,  0,  0,  0,  0,  0,  0,  0,  0,  0, ],
[11,  0,  0,  0,  0,  0,  0,  0,  0,  0,  1,  0,  0,  0,  0,  0,  0,  0,  0,  0,  0,  0,  0,  0, ],
[ 0,  0,  0,  0,  0,  0,  0,  2,  0,  0,  0,  0,  0,  0,  0,  0,  0,  0,  0,  0,  0,  0,  0,  0, ],
[ 0,  0,  0,  0,  0,  0,  0,  0,  0,  0,  0,  0,  0,  0,  0,  0,  0,  8,  0,  0,  0,  0,  0,  0, ],
[ 0,  0,  0,  0,  0,  0,  0,  0,  0,  0,  0,  0,  0,  0,  0,  0,  0,  1,  0,  0,  0,  0,  0,  0, ],
[ 0,  8,  0,  0,  0,  0,  0,  0,  0,  0,  0,  0,  0,  0,  0,  2,  0,  0,  0,  0,  0,  0,  0,  0, ],
[ 0,  0,  2,  2,  2,  0,  8,  1,  0,  0,  0,  0,  0,  0,  0,  0,  0,  0,  0, 14,  0,  0,  0,  0, ],
[ 0,  0, 13,  0,  2,  0,  2,  0,  0,  0,  0,  0,  0,  0,  0,  0,  0,  0,  4,  0,  0,  0,  0,  0, ],
[ 2,  0,  0,  0, 11,  0,  0,  0,  0,  0,  0,  0,  0,  0,  0,  0,  0,  0,  0, 10,  0,  0,  0,  0, ],
[ 0,  0,  0,  0,  0,  0,  0,  0,  0,  0,  0,  0, 13,  0,  0,  0,  0,  0,  0,  7,  0,  0,  0,  0, ],
[ 0,  0,  0,  0,  0,  0,  0,  0,  0,  0,  0,  0,  0,  0,  0,  0,  0,  0,  0,  0,  0,  0,  0,  0, ],
[ 0,  0,  0,  2,  0,  0,  0,  0,  0,  0,  0,  0,  0, 10,  0,  0,  0,  7,  0,  0,  0,  0,  0,  0, ],
[ 0,  0,  0,  0,  0,  0,  0,  0,  7,  0,  0,  0,  0,  0,  4,  0,  0,  0,  0,  0,  0,  0,  5,  0, ],
[ 0,  0,  0,  0,  0,  0,  0,  0,  2,  0,  0,  0,  0,  0,  0,  2,  0,  0,  0,  0,  0,  0,  0,  0, ],
[ 0,  0,  0,  0,  0,  0,  0,  0,  0,  0,  0,  0,  0,  0,  0,  0,  0,  0,  0,  0,  0,  0,  0,  0, ],
[ 0,  0,  0,  0,  0,  0,  0,  0,  0,  0,  0,  0,  0,  0,  0,  0,  0,  0,  0,  2, 13,  4,  0,  0, ],
[ 0,  0,  0,  0,  0,  0,  0,  7,  0,  0,  0,  0,  0,  0,  2,  0,  0,  0,  0,  0,  0,  0,  0,  0, ],
[ 0,  0,  0,  0,  0,  1,  0,  0,  0,  0,  0,  0,  0,  0,  2,  0,  1,  0,  8,  0,  0,  0,  0,  0, ],
[ 0,  0,  0,  0,  0,  0,  0,  4,  0,  0,  0,  0,  2,  0,  0,  0,  0,  0,  0,  0,  0,  0,  0,  0, ],
[ 0,  0,  0,  0,  0,  1,  0,  0,  0,  0,  0,  0,  0,  0,  0,  8,  0,  0,  0,  2,  0,  0,  0,  0, ],
[ 2,  0,  0,  0,  0,  0,  8,  0,  0,  0,  0,  0,  0,  2,  0,  0,  0,  0,  0,  0,  0,  0,  0,  0, ],
[ 0,  0,  0,  0,  0,  0,  0,  0,  0,  0,  0,  0, 13,  0,  0,  2,  0,  0,  0,  0,  0,  0,  0,  0, ],
[ 0,  2,  0,  0,  0,  0,  0,  0,  0,  0,  0,  0,  0,  0,  6,  2,  0,  0,  0,  0,  0,  0,  0,  0, ],
[ 2,  2,  2,  0,  0,  0,  0,  0,  0,  0,  0,  0,  0,  0,  0,  0,  0,  0,  0,  0,  0,  0,  0,  0, ],
[ 2,  0,  0,  1,  0,  0,  0,  0,  0,  0,  0,  0,  8,  0,  0,  0, 11,  0,  0,  0,  0,  0,  0,  0, ],
[ 0,  0,  2,  0,  0,  0,  0,  0,  0,  0,  0,  0,  0,  2,  0,  0,  0,  0,  0,  0,  0,  0,  0,  0, ],
[ 0,  0,  0,  0,  0,  0,  0,  0,  0,  0,  0,  0,  0,  0,  4,  0,  0,  0,  0,  0,  0,  0,  0,  0, ],
[ 0,  0,  0,  0,  0,  7,  7,  0,  0,  0,  0,  0,  0,  0,  0,  0,  0,  8,  0,  0,  0,  0,  0,  0, ],
[ 6,  0,  0,  1,  1,  0,  0,  0,  6,  0,  0,  0,  0,  0,  0,  0,  0,  0,  0,  0,  0,  0,  0,  0, ],
[ 0,  0,  2,  1,  0,  0,  1,  0,  0,  0,  0,  0,  0,  0,  0,  0,  0,  2,  0,  0,  0,  0,  0,  0, ],
[ 0,  0,  0,  0,  0,  0,  0,  0,  0,  2,  0,  0,  0,  0,  0,  0,  0, 12,  0,  0,  0,  0,  0,  0, ],
[ 0,  0,  0,  0,  0,  0,  0,  0,  7,  0,  0,  0,  0,  0,  0,  7,  0,  0,  0,  0,  2,  0,  0,  0, ],
[ 0,  0,  8,  0,  0,  0,  0, 12,  0,  0,  0,  0, 11,  0,  0,  4,  0,  0,  0,  0,  0,  0,  0,  0, ],
[ 0,  4,  0,  5,  0,  1,  0,  0,  0,  0,  0,  0,  0,  0,  0,  0,  0,  0,  0,  0,  0,  0,  0,  0, ],
[ 0,  0, 10,  1, 14,  0,  0,  0,  0,  0,  0,  0,  0,  0,  0,  0,  7,  0,  0,  0,  0,  0,  3,  0, ],
[ 0,  0,  0,  0, 11,  0,  0,  0,  0,  0,  0,  0,  0,  0,  0, 11,  0,  0,  0,  0,  0,  0,  0,  0, ],
[ 0,  0,  0,  0,  0,  0,  0,  0,  0,  5,  0,  0,  0,  0,  0,  0,  0,  6,  0,  0,  0,  0, 10,  0, ],
[ 0,  0,  0,  0, 13,  0,  0,  0, 11,  0,  0,  0,  0,  0,  0,  0,  0,  0,  0,  0,  0,  0,  0, 11, ],
[ 0,  0,  0,  0,  0,  6,  0,  0,  0,  0,  0,  0,  0,  0,  0,  0,  0,  0,  0,  0,  0,  0,  0,  0, ],
[ 0,  0,  0,  0,  0,  3,  0,  0,  0,  0,  0,  0,  0,  0,  0,  0,  0,  0,  0,  0,  0,  0,  0,  0, ],
[ 0,  0,  0,  0,  5,  8,  0,  0,  0,  0,  0,  0,  0,  0,  0,  9,  0,  0,  0,  0,  0,  0,  7,  0, ],
[ 0,  0,  0,  0,  0,  0,  0,  0,  0,  0,  0,  0,  0,  0,  0,  0,  0,  0,  0,  0,  0,  0,  0,  0, ],
[ 0, 14,  0,  0,  0,  0,  0,  0,  0,  0,  0,  0,  0,  0,  0,  0,  0,  0,  0,  0,  0,  0,  0,  0, ],
[ 0,  0,  0,  0,  0,  0,  0, 11,  0, 13,  0, 13,  0,  0,  0,  0,  0,  0,  0,  0,  0,  0,  0,  0, ],
[ 0,  0,  0,  7,  0,  0,  0,  0,  0,  0,  0,  0,  0,  0,  0,  0,  0,  0,  0,  0,  0,  0,  0,  0, ],
[ 0,  5,  0,  0,  0,  0,  0,  0,  0,  0,  0,  0,  0,  0,  0,  0,  0,  0, 11,  0,  0,  0,  0,  0, ],
[ 0,  0,  0,  0,  0,  0,  0,  0,  0,  6,  0, 13,  8,  0,  0,  0,  0,  0,  0,  0,  0,  0,  0,  0, ],
[ 0,  0,  0,  0,  0,  4,  0,  0,  0,  0,  6,  0,  2,  0,  6,  0,  0,  0, 14,  0,  5,  0,  0,  0, ],
[ 0,  0,  0,  0,  0,  0,  0,  0,  8,  0,  5,  0,  0, 13,  0,  0,  0,  0, 14,  0,  0,  0,  0,  4, ],
[13,  0,  0,  0,  0,  0,  0,  0,  0,  0,  0,  0,  0,  0,  0,  0,  0,  0,  0,  0,  0,  0,  0,  3, ],
[ 0,  0,  0,  0,  0,  0,  0,  0,  0,  0,  0,  0,  7,  0,  0,  0,  0,  0,  0,  0,  0,  0,  6,  3, ],
[ 0,  0,  0,  0,  0,  0,  0,  7,  2,  0,  0,  0,  0,  0,  8,  0,  0,  0,  0, 13,  0,  0,  0,  0, ],
[ 0,  0,  0,  0,  0,  0,  0,  0,  0,  0,  0,  0,  0,  0,  0,  2,  0,  9,  0,  0,  0,  0,  0,  0, ],
[ 0,  0,  0,  0,  0,  0,  0,  0,  0,  0,  0,  0,  0,  8,  0,  0,  0,  0,  0, 14, 14,  0,  0,  0, ],
[ 0,  0,  0,  0,  0,  0,  0,  0,  0,  0,  0,  6,  0,  0,  7,  0,  0,  0,  0,  0,  0,  0,  9,  5, ],
[ 2,  0,  0, 14,  0,  0,  0,  2,  0,  0,  0,  0,  0,  0,  0,  0,  0,  0,  0,  0,  0,  0,  0,  0, ],
[ 0,  0,  0,  0,  0,  0,  0,  0,  0,  0,  0,  8,  4,  0,  0,  0,  0,  0,  0,  0,  0,  0, 13, 14, ],
[ 0,  0,  0,  9,  0,  0,  0,  0,  0,  0,  0,  0,  0,  0,  0,  0,  0,  0,  0,  0,  0,  0,  0,  0, ],
[ 0,  0,  0,  0,  0,  0,  0,  0,  0,  0,  0,  0,  0, 11,  0,  0,  0,  0,  0,  0,  0,  0,  0,  0, ],
[ 0,  0,  0,  0,  0,  6,  0,  0,  0,  0,  0,  0,  0,  0,  0,  0,  0,  0,  0,  0,  0, 10,  0,  0, ],
[ 0,  0,  0,  0,  0,  0,  0,  0,  0,  0,  0,  8,  0,  0,  0,  0,  0,  0,  0,  0,  0,  0,  0,  0, ],
[ 0,  0,  0,  0,  0,  0,  0,  0,  0,  8,  0,  0,  0,  0,  0,  0,  0,  4,  3,  0,  0,  0,  0,  0, ],
[ 0,  0,  0,  0,  0,  0,  0,  0,  0,  0,  0,  0,  0,  0,  0,  0,  0,  0,  0,  0,  0, 14,  0,  0, ],
[ 0,  0,  0,  0,  0,  0,  2,  0,  0,  0,  0,  0,  0,  9,  0,  0, 12,  0,  0,  0,  0,  0,  0,  0, ],
[ 0,  0,  7,  0,  0,  0,  0,  0,  4,  0,  0,  0,  4,  0,  0,  0,  0,  0,  0,  0,  0,  0,  0,  0, ],
[ 0,  0,  0,  0,  0,  0,  0,  0,  0,  0,  0,  0,  0,  0,  0,  0,  0,  0,  6,  0,  0,  0,  0,  0, ],
[ 0,  0,  0,  0,  0,  0,  0,  0,  0,  0,  0,  0,  0,  0,  0,  9,  0, 13,  0,  0,  2,  0,  0,  0, ],
[ 8,  0,  0,  0,  0,  0,  0,  0,  0,  0,  0,  0,  0,  0,  0,  0, 12,  0,  0,  0,  0,  0,  0,  0, ],
[ 4,  0,  0,  0,  0,  0,  0,  0,  0,  0,  6,  0,  0,  0,  0,  0,  0,  0,  0, 11,  0,  0,  0,  0, ],
[ 0,  0,  0,  0,  0,  0,  0,  0,  0,  0,  0,  0,  0,  0,  0,  0,  0,  0,  0,  0,  0,  0,  0, 10, ],
[ 0,  0,  0,  0,  0,  0,  0,  0,  0, 11,  0,  0,  0,  0,  0,  0,  0,  5,  0,  0,  0, 12,  0,  0, ],
[ 0,  0,  0,  0,  0,  0,  3,  0,  0,  0,  0,  0,  0,  9,  0,  0,  0,  0,  9,  0,  0,  0,  0,  0, ],
[ 0,  0,  0,  0,  0,  0, 10,  0,  0,  6,  0,  0,  0,  0,  0,  0,  0,  0,  0,  0,  0,  0,  0,  0, ],
[ 0,  0,  1,  0,  0,  0,  0,  0,  0, 11,  0,  0,  0,  0,  0,  0,  0,  0,  0,  0,  5,  0,  9,  3, ],
[ 0,  0,  0,  0,  0,  0,  0,  0, 14,  0,  0,  0,  6,  0,  0,  0,  4,  0,  0,  0,  0,  0,  0,  0, ],
[ 0,  0,  0,  0,  0,  0,  0,  0,  0,  0,  0,  0,  0,  0,  0,  0,  0,  0,  0,  0,  0,  2,  0,  0, ],
[ 0,  0,  0,  0,  0,  0,  0, 14,  0,  7,  0,  0,  0,  0,  0,  0,  0,  0,  0,  0,  0,  5,  0,  0, ],
[ 0,  0,  0,  0,  9,  0,  0,  0,  0,  0,  0,  0,  0,  0,  0,  0,  0,  0,  0,  0,  8,  0,  0,  0, ],
[ 0, 11,  0, 14,  0,  0,  0,  0,  0,  0,  0,  0,  0,  2,  6,  0,  0,  0,  0,  1,  0,  0,  0,  0, ],
[ 0,  0,  0,  0,  0,  0,  0,  0,  0,  0, 14, 14,  0,  0,  0,  0,  3,  0,  0,  0,  0,  0,  0,  0, ],
[ 0,  0,  0, 12,  0,  0,  0,  0,  0,  0,  0,  0,  0, 13, 11,  0,  0, 11,  0,  0,  0,  0,  0,  0, ],


[0.4356, -0.2331, ],
[0.0506, 0.0957, ],
[0.2406, 1.0000, ],
[0.4579, 0.7797, ],
[0.3578, -0.4823, ],
[-0.1194, 0.1872, ],
[0.2508, 0.3750, ],
[0.2767, 0.5817, ],
[0.8229, 0.5184, ],
[-0.5323, -0.1998, ],
[0.8364, -0.0996, ],
[0.3620, 0.2217, ],
[0.1884, -0.1900, ],
[-0.3018, 0.4002, ],
[0.4751, 0.6224, ],
[-0.5345, 0.2251, ],
[-0.4559, 0.9785, ],
[0.2413, 0.4636, ],
[-0.0675, -0.4255, ],
[0.4344, 0.1340, ],
[0.6754, 0.3434, ],
[-0.5637, 0.7847, ],
[0.7509, 0.4072, ],
[-0.9487, 0.8389, ],
[0.7083, -1.0000, ],
[0.8264, 0.8637, ],
[-0.3942, 0.5990, ],
[-0.5369, 0.7610, ],
[0.3817, 0.4064, ],
[-0.0198, -0.3593, ],
[-0.1795, -0.0289, ],
[0.3465, 0.6081, ],
[0.4264, 0.4937, ],
[0.8930, 0.6692, ],
[0.4326, 0.7165, ],
[0.4097, 0.3978, ],
[-0.8894, 1.0000, ],
[0.1400, -0.5040, ],
[-1.0000, -0.5304, ],
[0.2019, 0.5481, ],
[0.1631, 0.3506, ],
[0.1292, -0.0537, ],
[1.0000, -0.6016, ],
[0.6639, 0.5390, ],
[0.2413, 0.4926, ],
[0.7533, 0.6733, ],
[-0.2975, 0.3913, ],
[0.0378, 1.0000, ],
[-0.3191, 0.7304, ],
[0.5396, -0.1010, ],
[-0.2481, -0.7923, ],
[-0.9195, -0.6513, ],
[0.0581, -0.0373, ],
[0.5751, -0.2559, ],
[-0.8574, 0.7249, ],
[-0.1667, 0.9919, ],
[-0.8713, 0.0518, ],
[0.5449, 0.0229, ],
[-0.0950, -0.0752, ],
[-0.0297, 0.7780, ],
[0.9661, -0.5390, ],
[-0.5066, -0.0443, ],
[0.2686, -0.1624, ],
[0.1105, 0.7664, ],
[0.1671, 0.2637, ],
[0.9691, 0.2813, ],
[0.0540, 0.0467, ],
[0.4257, -0.6744, ],
[0.2621, 0.7837, ],
[0.8345, 0.1918, ],
[0.3859, 0.4952, ],
[0.3397, -0.7047, ],
[0.5560, -0.3915, ],
[0.2245, 0.7337, ],
[0.6202, 0.4063, ],
[-0.2177, -0.4440, ],
[0.4591, 0.4545, ],
[-0.9618, 0.9662, ],
[-0.0447, -0.0888, ],
[0.4112, -0.0053, ],
[-0.9000, -0.3157, ],
[-0.5515, -0.1550, ],
[-0.9931, 0.8084, ],
[0.0197, -0.5090, ],
[0.3609, 0.7308, ],
[-0.5523, -0.9204, ],
[0.7430, -0.3802, ],
[-0.4980, 0.7455, ],
[0.0957, 0.1768, ],
[0.4024, -0.6155, ],
[-0.9473, -0.7222, ],
[-0.0294, 0.3976, ],
[0.6532, -1.0000, ],
[0.8598, -0.1375, ],
[0.2032, 0.8860, ],
[-0.9877, -0.3936, ],
[-0.5663, 0.4993, ],
[0.4456, 0.7396, ],
[0.5451, -0.0193, ],
[0.0270, -0.4347, ],


[3.0000, ],
[4.0000, ],
[0.0000, ],
[1.0000, ],
[6.0000, ],
[7.0000, ],
[12.0000, ],
[3.0000, ],
[5.0000, ],
[7.0000, ],
[5.0000, ],
[8.0000, ],
[7.0000, ],
[3.0000, ],
[0.0000, ],
[11.0000, ],
[5.0000, ],
[6.0000, ],
[3.0000, ],
[7.0000, ],
[5.0000, ],
[1.0000, ],
[3.0000, ],
[1.0000, ],
[4.0000, ],
[11.0000, ],
[8.0000, ],
[9.0000, ],
[7.0000, ],
[0.0000, ],
[8.0000, ],
[7.0000, ],
[2.0000, ],
[0.0000, ],
[7.0000, ],
[4.0000, ],
[6.0000, ],
[3.0000, ],
[5.0000, ],
[5.0000, ],
[5.0000, ],
[5.0000, ],
[3.0000, ],
[9.0000, ],
[2.0000, ],
[2.0000, ],
[9.0000, ],
[8.0000, ],
[4.0000, ],
[5.0000, ],
[7.0000, ],
[13.0000, ],
[5.0000, ],
[14.0000, ],
[8.0000, ],
[9.0000, ],
[12.0000, ],
[3.0000, ],
[2.0000, ],
[11.0000, ],
[0.0000, ],
[4.0000, ],
[12.0000, ],
[3.0000, ],
[6.0000, ],
[10.0000, ],
[15.0000, ],
[15.0000, ],
[6.0000, ],
[8.0000, ],
[11.0000, ],
[4.0000, ],
[11.0000, ],
[11.0000, ],
[6.0000, ],
[13.0000, ],
[3.0000, ],
[4.0000, ],
[7.0000, ],
[3.0000, ],
[7.0000, ],
[4.0000, ],
[8.0000, ],
[7.0000, ],
[3.0000, ],
[8.0000, ],
[7.0000, ],
[9.0000, ],
[4.0000, ],
[10.0000, ],
[8.0000, ],
[7.0000, ],
[12.0000, ],
[9.0000, ],
[1.0000, ],
[9.0000, ],
[6.0000, ],
[13.0000, ],
[10.0000, ],
[16.0000, ],


