[ 0,  0,  0,  0,  0,  0,  0,  0,  0,  0,  0,  0,  1, 14,  0,  0,  0,  0,  0,  0,  0,  0,  0,  0, ],
[ 0,  6,  0,  0,  1,  0,  0,  5,  0,  0,  0,  0,  0,  0, 10,  0,  0,  0,  0,  0,  0,  0,  0,  0, ],
[ 0,  0,  0,  0,  0,  0,  0,  0,  0,  0,  6,  0,  0,  0,  0,  6,  0,  0,  0,  0,  0,  0,  0,  0, ],
[ 0,  0,  0,  0,  0,  0,  0,  0,  0,  0,  0,  0,  0,  0,  0,  0,  0,  0,  0,  0,  0,  0,  0,  0, ],
[ 0,  0,  0,  0,  0, 12,  0,  0,  0,  0,  2,  0,  0,  0,  0,  0,  0,  0,  0,  0,  0,  0,  0,  0, ],
[ 0,  0,  0,  0,  0,  0,  0,  5,  0,  0,  5,  0,  0,  0,  0,  0,  0,  0,  0,  0,  1,  0,  0,  0, ],
[ 0,  0, 11,  0,  0,  0,  0,  0,  0,  0,  8,  0,  2,  0,  0,  0,  0,  0,  0,  7,  0,  6,  6,  0, ],
[ 0,  0,  0,  0,  0,  0,  0,  0,  0,  0,  0,  0,  0,  0,  0,  0,  0,  0,  9,  0,  0,  0,  0,  0, ],
[ 0,  0,  0,  0,  0, 11,  0,  0,  0,  0, 10,  0,  0,  0,  0,  0,  0,  0,  0,  0,  0,  0,  0,  0, ],
[ 0,  2,  3,  0,  0, 12,  0,  0,  0,  0,  0,  0,  0,  0,  0,  0,  0,  0,  0,  0,  0,  0,  0,  0, ],
[ 0,  0,  0,  0,  0,  0, 14,  0,  0,  0,  0,  0,  0,  0,  0,  0,  0,  0,  0,  0,  0,  0,  0,  0, ],
[ 0,  0,  0,  0,  0,  0,  0,  0,  0,  0,  0,  0,  0, 13,  0,  0,  5,  0,  0,  0,  0,  0,  0,  0, ],
[ 0, 12,  0,  0,  0,  0,  0,  0,  0,  0,  0,  0,  0, 11,  0,  0,  0,  0,  0,  0,  0,  0,  0,  9, ],
[ 0,  0,  0,  0,  0,  0,  0,  0,  0,  0,  0,  0,  0,  0,  0,  0,  0,  0,  0,  0,  0,  0,  0,  5, ],
[ 0,  0,  0,  0,  8,  0,  0,  0,  0,  0,  0,  0,  0,  0,  8,  0,  0,  0, 12,  0,  0,  0,  0,  0, ],
[ 3,  0,  5,  0,  0,  0,  0,  0,  0,  0,  0,  0,  0,  0,  5,  0,  0,  0,  0,  0,  0,  0,  0,  0, ],
[ 0,  0,  0,  0,  0,  0,  0,  3,  0,  0,  5,  0,  0,  0,  0,  0,  0,  0,  0,  0,  0,  0,  0,  1, ],
[ 0,  0,  0,  0,  0,  0,  0,  0,  0,  0,  5,  0,  0,  0,  0,  0,  8,  0,  0,  0,  0,  0,  0,  0, ],
[ 0,  0,  0,  0, 11,  1,  0,  0,  8,  0,  0,  0,  0,  0,  0,  0,  0,  0,  0,  0,  0,  0,  5,  0, ],
[ 0,  0,  0,  0,  0,  0,  0,  0,  0,  0,  0,  0,  0,  0,  0,  0,  0,  0,  0,  0,  0,  0,  0,  0, ],
[ 0,  0,  0,  0,  0,  0,  0,  0,  0,  0,  0,  0,  7,  0,  0,  0,  0,  0,  0,  0,  0,  0,  0,  0, ],
[ 0,  0,  0,  0,  0,  3,  0,  0,  0,  0,  0,  0,  1,  0,  0,  0,  0,  0,  0,  0,  0,  0,  0,  0, ],
[ 0,  0,  0, 13,  3,  0,  0,  0,  0, 13,  0,  0,  0,  0,  0,  0,  4,  0,  0,  0,  0,  0,  0,  0, ],
[ 3,  0,  0,  0,  0,  0,  0,  0,  0,  0,  0,  0,  0,  0,  0,  0, 12,  0,  0,  0,  1,  0,  0,  0, ],
[ 0,  0,  0,  0,  0,  0,  0,  0,  0,  0,  0,  0,  0,  0,  0,  0,  0,  0,  0,  0,  0,  0,  0,  0, ],
[ 0,  0,  0,  0,  0,  0,  0,  0, 11,  0,  0,  0,  0,  0,  0,  0,  0,  4,  0,  0,  0,  0,  0,  0, ],
[ 0,  0,  0,  0,  0,  0,  8,  0,  0,  0,  0,  0, 13,  0,  0,  1,  0,  0,  0,  0,  0,  0,  0,  0, ],
[ 6,  0,  0,  0,  0,  0,  0,  0,  0,  0,  0,  0,  0,  0,  0,  0,  0,  0,  0,  0,  0,  0,  0,  0, ],
[ 0,  0,  0,  0,  0,  0,  2,  0,  0,  0,  0,  0,  0,  0,  0,  0,  0,  0,  0, 14,  0,  0,  0,  0, ],
[ 0,  0,  0,  0,  0,  0,  0,  0,  0,  0,  0,  0,  0,  0,  0,  0,  0,  0,  0,  2,  0,  0,  0,  0, ],
[ 0,  0,  0,  0,  2,  0,  0,  0,  0,  0,  0,  0,  0,  0,  0,  0,  0,  0,  0,  0,  0,  0,  0,  0, ],
[ 0,  0,  0,  0,  0,  0,  0,  0,  0,  0,  0,  0,  0,  0,  0,  0,  0,  3,  0,  0,  0,  0,  0,  0, ],
[ 0,  0,  0,  0,  0,  0,  0,  0,  0,  0,  0,  4,  0,  0,  0,  0,  0,  0,  5,  0,  0,  0,  0,  0, ],
[ 0,  0,  0,  0,  0,  0,  0,  0,  0,  0,  1,  5,  0,  0,  0,  0, 10,  0,  0,  0,  0,  0,  0,  0, ],
[ 0,  0, 14,  0,  0,  0,  0,  0,  4,  0,  0,  0,  0,  0,  0,  7,  0,  0,  0,  0,  0, 11,  8,  0, ],
[ 0,  0,  0,  0,  0,  0,  0,  0,  0,  5,  0,  0,  0,  8,  0,  0,  0,  0,  0,  0, 13,  0,  0,  0, ],
[ 0,  0,  0,  0,  0,  0,  0,  0,  0,  0,  0,  0,  0,  0,  0,  0,  0,  0,  0,  0,  0,  0,  0,  0, ],
[12,  0,  0,  0,  6,  0,  0,  0,  0,  0,  0,  0,  5,  0,  0,  0,  7,  0,  0,  0,  0,  0,  0,  0, ],
[ 0,  0,  0,  0,  0,  0,  0,  0,  0,  0,  0,  0,  0,  0,  0,  8,  0,  0,  0,  0,  0,  0,  0,  0, ],
[ 0,  0,  0,  0,  0,  0,  0,  0,  0,  9,  0,  0,  0,  0,  9,  0,  0,  0,  0,  0,  0,  0,  0,  0, ],
[ 0,  0,  0,  0,  0,  0,  0,  0,  0,  0,  0,  0,  0,  0,  0,  0,  0, 13,  0,  0,  0,  0,  0,  0, ],
[ 0,  0,  0,  0,  0,  0,  0,  0,  0, 10,  0, 10,  0,  0,  0,  0,  0,  0,  0,  0,  0,  0,  0,  0, ],
[ 0,  5,  0,  0,  6,  0,  2,  0,  0,  0,  0,  0,  0,  9,  0,  8,  6,  0,  0,  0,  0,  0,  0,  0, ],
[ 0,  0,  0,  0,  0,  0,  0,  0,  0,  0,  0,  0,  0,  0,  0,  0,  0,  0,  2,  0, 13, 11,  0,  0, ],
[ 0,  0,  0,  0,  0,  0,  0,  0,  0,  0,  0,  2,  0,  0,  0,  0,  0,  0,  0,  0,  0,  0,  0,  0, ],
[ 0,  0,  0,  0,  0,  0,  0,  0,  0,  0,  5,  0, 11,  0, 14,  0,  4,  0,  0,  0,  0,  0,  0,  0, ],
[ 0,  0,  0,  0,  9,  0,  0,  0,  0,  0,  0,  0,  0,  0,  0,  0,  5,  0,  0,  0,  0,  0,  0,  0, ],
[ 0,  0,  0,  0,  0,  0,  0,  0,  0,  0,  0,  0,  0,  0,  0,  0,  0,  0,  0,  0,  0,  0,  0,  7, ],
[ 0,  0,  8,  0, 13,  3,  0,  0,  0,  0,  0,  0,  0,  0,  0, 13,  0,  0,  0,  0,  0,  0,  0,  6, ],
[ 0,  0,  0,  0,  5, 14,  0,  0,  0,  0,  0,  0,  0,  0,  0,  0,  0,  0,  0,  0,  0,  0, 11,  0, ],
[ 9,  0,  0,  0,  0,  0, 11,  0,  7,  0,  0,  0,  0,  0,  0,  0,  0,  0,  0,  2,  0,  0,  0,  2, ],
[ 0,  0,  0,  2,  0,  0,  0,  0,  0, 14,  0,  0,  0,  0,  0,  0,  0,  0, 13,  0,  0,  0,  0,  0, ],
[10,  0,  0,  0,  0,  1,  0,  0,  0,  0,  0,  0,  0,  0,  0,  0,  0,  0,  0,  1,  0,  0,  0,  0, ],
[ 0,  0,  0,  0,  0, 13,  0,  0,  0,  0,  0,  0,  7,  0,  2,  1,  0,  0,  0,  0,  0, 14,  0,  0, ],
[ 2,  0,  0,  0,  0,  0,  0,  0,  0, 11,  0,  0,  0,  0,  0,  0,  0,  0,  0,  0,  0,  0,  0,  0, ],
[ 0,  0,  0,  0,  0,  0,  0,  0,  0,  0,  0,  0,  0,  0,  0,  2,  0,  0,  0,  0,  0,  0,  0,  0, ],
[ 0,  0,  0,  0,  5,  0,  3,  0,  0,  0,  0,  4,  5,  0,  0, 11,  3,  0,  2,  0,  0,  0,  0, 11, ],
[ 0,  0,  0,  0,  0,  0,  0,  0, 10,  0,  0,  0,  0,  0,  0,  0,  0,  0,  0,  0,  0,  0,  0,  0, ],
[ 0,  0,  0,  0,  0,  0,  0,  0,  0,  0,  0, 11,  0,  0,  0,  0,  0,  0,  0,  0,  2,  0,  0,  0, ],
[ 0,  0,  0, 12,  0,  0,  0,  0,  0,  0,  0,  8,  0,  1,  0,  0,  0,  0,  2,  0,  0,  0, 14,  0, ],
[13,  0,  0,  0,  0,  0,  0,  0,  0,  0,  0,  0,  0,  0,  0,  3,  0,  0, 11,  0,  0,  0,  0,  0, ],
[ 0,  0,  0,  0,  0,  0,  0,  0,  0,  0,  9,  0,  0,  0,  0,  0,  0,  1, 14,  0,  0,  0,  0,  0, ],
[ 0,  0,  0,  0,  0,  0,  0, 11,  0,  0, 14,  0,  0,  1,  0,  0,  0,  0,  0,  0,  0,  7,  0,  0, ],
[ 0,  0,  0,  0,  0,  0,  0,  0,  0,  6,  0, 11,  0,  0,  0,  0,  0,  0,  0,  2,  0,  0,  0,  0, ],
[ 0,  0,  0,  0,  0,  0,  0,  0,  0,  0,  0,  0,  0,  0,  0,  0,  0,  0,  0,  0,  0,  0,  0,  0, ],
[ 0,  0,  0,  0,  0,  0,  0,  0,  7,  0,  0,  0,  0,  0,  0,  0,  0,  0,  0,  0,  0,  0,  0,  0, ],
[ 0,  0,  0,  0,  0,  0,  0,  0,  0,  0,  7,  0,  8,  0,  0,  0,  0,  3,  0, 10,  0,  0,  0,  0, ],
[ 0,  0,  0,  0,  0,  0,  0,  0,  0,  0,  0,  0,  0,  0,  0,  0,  0,  0,  0,  0,  0,  0,  0,  0, ],
[ 0,  0,  0,  0,  0,  0,  0,  1,  0,  0,  0,  0,  7,  0,  0,  8,  0,  0,  0,  2,  0,  0,  0,  0, ],
[ 0,  0,  0,  0,  0,  0,  0,  0,  7,  0,  0,  1,  0,  0,  0,  0,  0,  0,  0,  0,  0,  0,  0,  0, ],
[ 9,  0,  0,  6,  0,  0,  0,  0,  0,  0,  0,  0,  0,  0,  0,  0,  0,  0,  0,  0,  0,  0,  0,  0, ],
[ 0,  0,  0,  0,  0,  0,  0,  0,  0,  0,  9,  0,  0,  0,  0,  8,  0,  0,  0,  0, 14,  0,  6,  0, ],
[ 0,  0,  0,  8,  0,  0, 13,  0,  0,  0,  0,  0,  2,  0,  0,  0,  0,  0,  0,  0,  0,  0,  0,  0, ],
[ 2,  0,  0,  0,  0,  0,  0,  0,  0,  0,  0,  0,  0,  0,  0,  0,  0,  0,  0, 14,  0,  0,  0,  0, ],
[ 0,  0,  0,  0,  0,  0,  0,  0,  0,  0,  0,  0,  0,  0,  0,  0,  0,  0,  0,  0,  0,  0,  0,  0, ],
[ 0,  7,  0,  0,  0,  3,  0,  0,  0,  0,  0,  0,  0,  9,  0,  5,  7,  0,  0,  0,  0,  0,  6, 13, ],
[ 0,  0,  3,  0,  0,  0,  0,  0,  0,  4,  0, 13,  1,  0, 13,  8,  0,  0, 12,  9,  0,  7,  0,  0, ],
[ 0,  0,  0,  0,  0,  0,  0,  0,  0,  0,  0,  0,  0,  0,  0,  0,  0,  0,  9, 14,  0,  0,  0,  0, ],
[ 0,  0,  0,  0, 14,  0,  0,  0,  0,  0,  0,  0,  0,  0,  0,  0,  9,  0,  0,  0,  0,  0,  4,  0, ],
[ 0,  0, 12,  0,  5,  0,  4,  0,  1,  0,  0,  0,  0,  0,  0,  0,  0,  0,  0,  0,  0,  0,  0,  0, ],
[ 0,  0,  0,  0,  0,  0,  0,  0,  0,  0,  0,  0,  0,  0, 10,  0,  0,  0,  0,  0,  0,  0,  0,  0, ],
[ 0,  0,  4,  0,  0,  3,  0,  0,  0,  0,  0,  0,  0,  0,  0,  0,  0,  0,  0,  0,  0,  0,  0,  0, ],
[ 0,  0,  0,  0,  0,  0,  0,  0,  0,  0,  0,  0,  0,  0,  0,  0,  0,  0,  0,  9,  0,  0,  0,  0, ],
[ 8,  0,  0,  0,  0,  0,  0,  5,  4,  0,  8,  0,  0,  0,  0,  0,  0,  0,  0,  0,  0,  0,  0,  0, ],
[ 0,  0,  3,  0,  0,  0,  0,  0,  0,  0,  0,  0,  0,  0,  0,  0,  0,  0,  0,  0,  0,  0,  0,  0, ],
[ 0, 11,  0,  0,  0,  0,  0,  0,  0,  0,  0,  9,  0,  0, 11,  0,  0,  0,  0,  0,  0,  0,  0,  0, ],
[ 0,  0,  0,  0,  0,  0,  0,  0,  0,  0,  0,  0,  0,  0,  0,  0, 14,  9,  0,  9,  0,  0,  0,  0, ],
[ 0,  0,  0,  0,  0,  0,  0,  0,  0,  0,  0,  2,  0, 12,  0,  0,  0,  0, 12,  0,  7, 13,  0,  5, ],
[ 0,  0,  0,  0,  0,  0,  0, 14,  7,  0,  0,  5,  0,  0,  5,  0,  0,  0,  0,  0,  0,  0,  0, 12, ],
[ 0,  0,  0,  0,  0,  0,  0,  0,  0,  0,  0,  0,  0,  0,  0,  0,  0,  0,  0,  0,  0,  0,  0,  0, ],
[ 0,  0,  0,  0,  0,  0,  0,  0,  2,  0, 13,  0,  0,  0,  0,  0,  0,  0,  0,  0,  9,  0,  1,  6, ],
[ 0,  0,  0,  0,  0,  0,  0,  0,  0,  0,  0, 10,  0,  0,  0,  0,  0,  0,  0,  0,  0,  0,  0,  0, ],
[ 0,  0,  0,  0,  0,  0,  0,  0,  0,  0,  0,  0,  8,  0,  0,  0,  0,  0, 13,  0,  6, 13,  9,  0, ],
[ 0,  0,  0,  0,  4,  5,  0,  0,  0,  0,  0, 10,  5,  0,  0,  0,  0,  0,  0,  0,  0,  0, 12,  0, ],
[ 0,  0,  0,  0,  0,  0,  0,  0,  0,  0,  2,  0,  4,  0,  0,  0,  0, 13,  0,  0,  0,  0,  0,  0, ],
[ 0,  0,  3,  0,  0,  0,  0,  0,  0,  0,  0,  0,  0,  0,  0,  0,  0,  7,  0,  0,  7,  0,  0,  0, ],
[ 0,  0,  0,  0,  0,  0,  0,  0,  0,  0,  0,  0,  0,  0,  0,  0,  0,  0,  0,  0,  2,  0,  0,  0, ],
[ 0,  0,  0,  0,  0,  0,  0,  0,  0,  0,  0,  7,  0,  0,  2,  0,  0,  0,  0,  9,  0,  0,  0,  0, ],
[ 0,  0,  0, 10,  0,  0,  0,  0,  0,  0,  0,  0,  0,  0,  0,  0,  0,  0,  0,  0, 12,  0,  0,  0, ],
[ 0, 11,  0,  8,  0,  0,  0,  0,  7,  0,  0,  0,  0,  0,  0,  0,  0,  0,  0,  0,  0,  0,  0,  0, ],


[0.2909, -1.0000, ],
[0.0936, -0.8781, ],
[0.0573, 0.5207, ],
[0.9054, -0.3408, ],
[-0.3322, 0.9738, ],
[0.5352, 0.0320, ],
[-0.5313, -0.5990, ],
[0.1754, 0.6504, ],
[0.1699, 0.3882, ],
[-0.2195, 0.5013, ],
[0.4593, 0.2668, ],
[-0.3013, 0.0095, ],
[0.3897, -0.2279, ],
[-0.3923, 0.6448, ],
[0.0763, -0.6561, ],
[-0.7385, 0.0809, ],
[0.6563, -0.7363, ],
[-0.0164, -0.7289, ],
[0.7970, 0.5650, ],
[-0.1299, -0.1387, ],
[0.6972, 0.6528, ],
[0.3659, -0.5682, ],
[0.3797, 0.4072, ],
[-0.9830, -0.7071, ],
[0.9003, -0.7265, ],
[0.0282, 0.2175, ],
[0.5336, 0.5869, ],
[-0.0156, 0.6235, ],
[0.4392, 0.4018, ],
[0.5488, 0.4252, ],
[-0.4393, 0.5121, ],
[-0.2500, 0.4040, ],
[-0.9285, -0.0083, ],
[0.9173, 0.9586, ],
[0.8959, 0.9241, ],
[-0.7750, -0.1500, ],
[0.4696, -0.3155, ],
[0.3837, 0.0068, ],
[-1.0000, -0.4119, ],
[1.0000, 0.5442, ],
[0.5101, -0.8416, ],
[0.0371, 0.2151, ],
[0.9909, -0.1699, ],
[0.3469, -0.8955, ],
[0.1784, -0.5946, ],
[1.0000, -0.1818, ],
[0.7036, -0.2446, ],
[-0.5239, 0.4626, ],
[-0.1486, 0.4757, ],
[0.8374, 0.3947, ],
[0.5296, -0.0910, ],
[0.6566, 0.2012, ],
[0.4295, -0.9378, ],
[0.1914, -1.0000, ],
[0.5487, 0.8879, ],
[0.5071, -0.2600, ],
[0.7066, -0.1426, ],
[0.3906, 0.4740, ],
[-1.0000, 0.5177, ],
[0.2328, 0.7780, ],
[0.5518, 0.4364, ],
[-0.5625, 0.0633, ],
[-0.5180, 0.0808, ],
[0.2907, 0.1370, ],
[0.9262, -0.0892, ],
[0.2762, -0.2003, ],
[0.7824, 0.8956, ],
[0.3649, -0.4616, ],
[-0.7091, 0.9425, ],
[0.5156, 0.0127, ],
[-0.6160, 0.5388, ],
[0.2858, 0.4420, ],
[-0.0487, -0.3915, ],
[0.0027, 0.4753, ],
[0.2875, 0.9160, ],
[-0.9381, -0.1171, ],
[0.0423, 0.4074, ],
[0.9785, 0.9585, ],
[0.2295, 0.1335, ],
[-0.4911, -0.7088, ],
[0.4891, 0.4724, ],
[-0.0796, 0.3424, ],
[-0.7175, 0.1679, ],
[-0.1309, 0.7448, ],
[-0.7607, 0.0592, ],
[-0.1423, -0.3562, ],
[0.0852, 0.4984, ],
[0.9307, 0.0655, ],
[0.4172, -0.7619, ],
[0.0161, -0.2275, ],
[-0.4867, 0.4211, ],
[-0.1667, 0.5267, ],
[0.0519, -0.4762, ],
[-0.4095, -0.0083, ],
[-0.9320, -0.9472, ],
[-0.3579, -0.0964, ],
[-0.7111, 0.0358, ],
[1.0000, 0.4222, ],
[0.5723, 0.1989, ],
[0.3531, 0.0839, ],


[5.0000, ],
[10.0000, ],
[6.0000, ],
[0.0000, ],
[5.0000, ],
[5.0000, ],
[17.0000, ],
[3.0000, ],
[8.0000, ],
[7.0000, ],
[4.0000, ],
[6.0000, ],
[11.0000, ],
[2.0000, ],
[10.0000, ],
[6.0000, ],
[5.0000, ],
[5.0000, ],
[10.0000, ],
[0.0000, ],
[3.0000, ],
[3.0000, ],
[12.0000, ],
[7.0000, ],
[0.0000, ],
[6.0000, ],
[8.0000, ],
[3.0000, ],
[5.0000, ],
[1.0000, ],
[1.0000, ],
[2.0000, ],
[4.0000, ],
[7.0000, ],
[16.0000, ],
[9.0000, ],
[0.0000, ],
[12.0000, ],
[3.0000, ],
[6.0000, ],
[4.0000, ],
[8.0000, ],
[15.0000, ],
[9.0000, ],
[1.0000, ],
[12.0000, ],
[5.0000, ],
[3.0000, ],
[16.0000, ],
[10.0000, ],
[12.0000, ],
[9.0000, ],
[6.0000, ],
[13.0000, ],
[5.0000, ],
[1.0000, ],
[19.0000, ],
[4.0000, ],
[5.0000, ],
[13.0000, ],
[10.0000, ],
[8.0000, ],
[12.0000, ],
[8.0000, ],
[0.0000, ],
[3.0000, ],
[12.0000, ],
[0.0000, ],
[8.0000, ],
[4.0000, ],
[6.0000, ],
[13.0000, ],
[8.0000, ],
[5.0000, ],
[0.0000, ],
[20.0000, ],
[26.0000, ],
[7.0000, ],
[9.0000, ],
[9.0000, ],
[4.0000, ],
[4.0000, ],
[3.0000, ],
[10.0000, ],
[2.0000, ],
[11.0000, ],
[10.0000, ],
[18.0000, ],
[15.0000, ],
[0.0000, ],
[12.0000, ],
[4.0000, ],
[17.0000, ],
[14.0000, ],
[7.0000, ],
[8.0000, ],
[1.0000, ],
[7.0000, ],
[8.0000, ],
[10.0000, ],


