[ 0,  0,  0,  0,  0,  0, 13,  0,  0,  0,  0,  0,  0,  5,  0,  0,  0,  0,  0,  0, 11,  0,  0,  0, ],
[ 0,  0,  0,  0,  0,  0,  0,  0,  0,  0,  0,  0,  1,  0,  0,  0,  0,  0,  0,  0,  0,  0,  0,  0, ],
[ 0,  3,  0,  0,  0,  0,  9,  0,  0,  0,  0,  0,  0,  8,  0,  0, 12,  0,  0, 13,  0,  2,  0,  0, ],
[ 0,  0,  0,  0,  0,  0,  0,  0,  0, 12,  0, 12,  0,  0,  0,  0, 10,  0,  7,  0,  0,  0,  0,  0, ],
[ 0,  0,  0,  0,  0,  0,  0,  0,  0,  9,  0,  0,  0,  0,  0,  0,  0,  0,  0,  0,  0,  0,  0,  0, ],
[ 0,  0,  0,  1,  0,  0,  4,  0,  0,  0,  0, 13,  0,  0,  0,  0,  0,  7,  0,  0,  0,  0,  0,  0, ],
[ 0,  0,  0,  0,  6,  0,  0,  0,  0,  0,  0,  0,  1,  0,  0,  0,  0,  0,  0,  3,  0,  0, 12,  0, ],
[ 0,  0,  0,  0,  0,  0,  0,  0,  6,  0,  3,  0,  0,  0,  0,  0,  0,  0,  0,  0,  0,  0,  0,  0, ],
[ 0,  0,  0,  0,  0,  0,  0,  0,  0,  0,  0,  0,  0,  0,  0,  0,  0,  0,  0,  0,  0,  0,  0,  0, ],
[ 0,  0,  0,  0,  0,  0,  0,  0,  0,  0,  0,  0,  0,  0,  0,  0,  0,  0,  0,  0,  0,  0,  0,  0, ],
[ 0,  0,  0,  0,  0,  0,  0,  0,  0,  0, 11,  0,  0,  0,  0,  0,  0,  0,  0,  5,  0,  0,  0,  7, ],
[ 5,  0,  0,  0,  0,  0,  0,  0,  0,  0,  0,  0,  0, 14,  1,  0,  0,  0,  0,  0,  0,  0,  0,  0, ],
[ 0,  0,  0,  0,  0,  0,  0,  0,  0,  0,  5,  0,  0,  0,  0,  0,  0,  0,  0,  0,  0,  0,  4,  0, ],
[13,  8,  0,  0, 11,  0,  0,  0,  0,  0,  0, 10, 13,  9,  0,  0, 12,  0,  0,  0,  0,  0,  0, 13, ],
[ 0,  0,  0,  0,  0,  0,  0,  0,  0,  0,  0,  0,  0,  0,  0,  0,  0,  0,  7,  0,  0,  0,  0,  0, ],
[ 0,  0,  0,  0,  0,  5,  0,  0,  0,  0,  0,  2,  6, 13,  1,  0,  0,  0,  0,  0,  8,  0,  0,  0, ],
[ 0,  0,  0,  0,  0,  0,  0,  0,  0,  0,  0,  0,  7,  6,  0,  0,  0,  0,  0,  0,  0,  0,  0, 13, ],
[ 0,  0,  0,  0,  7,  0,  0,  0,  0,  0,  0,  0,  0,  0,  1,  0, 10,  0,  0,  0,  0,  0,  0,  0, ],
[ 0,  0,  0,  0,  0,  0,  0,  0,  0,  0,  0,  0,  0,  9,  0,  8,  0,  0,  0,  0,  0,  0,  0,  0, ],
[ 0,  0,  0,  0,  9,  0,  0,  0,  0,  0,  0,  0,  1,  0,  0,  0,  0,  2,  0,  0,  0,  0,  0,  0, ],
[ 0,  9,  0,  0,  0,  0,  0,  0,  0,  0,  0,  0,  0,  0,  0,  0,  0,  0,  0,  5, 14,  0,  0,  0, ],
[ 0,  0,  0,  0,  0,  0,  0,  0,  0,  0,  0,  0,  0,  0,  0,  0,  0,  2, 13,  0,  0,  0,  0,  0, ],
[ 0,  0,  0,  0,  0,  0,  0,  0, 10,  0,  0,  0,  0,  0,  0,  0,  0,  0,  0,  0,  0,  0,  0,  0, ],
[ 0,  0,  0,  0,  0,  0,  0,  0,  0,  5, 14, 14,  0,  0,  0,  1,  0,  0,  0,  0,  0,  0,  0,  0, ],
[ 0,  9,  0,  0,  0,  0,  0,  0,  8,  0,  0,  0,  0,  0,  0,  0,  0,  0,  0,  0,  0,  0,  0,  0, ],
[ 0,  0,  0,  0,  0,  0,  0,  0,  0,  0,  0,  0,  0,  7,  0,  0,  0,  0,  0,  0,  0,  0,  0,  4, ],
[ 0,  0,  0,  0,  0,  0,  0,  0,  0,  0,  0,  0,  0,  0,  0,  0,  0,  0,  0,  0,  0,  0,  0,  5, ],
[ 0,  0,  0,  0,  0,  0,  6,  0,  0,  0,  0,  0,  0,  0,  0,  0,  0,  0,  0,  0,  0,  0,  3,  0, ],
[ 0,  0,  0,  0,  0,  0,  0,  0,  0,  0,  0,  0,  0,  0,  0,  0,  0,  0,  0,  0,  0,  0,  0,  0, ],
[ 2,  0,  0,  0,  0,  0,  0, 11,  0,  0,  0,  0,  0,  0,  0,  0,  0,  0,  0,  0,  0,  0,  0,  0, ],
[ 0,  0,  0,  0,  0,  0,  0,  0,  0,  0,  0,  0,  0,  0,  0,  0,  0,  0,  6,  0,  0,  0,  0,  0, ],
[ 0,  0,  0,  0, 10,  0,  0,  0,  0,  0,  0,  0,  0,  0,  0,  0,  0,  0,  0,  0,  0,  0,  0,  0, ],
[ 0,  0,  5,  0,  0,  0,  0,  0,  0,  0,  0,  1,  0,  0,  0,  0,  0,  2,  0,  0,  0,  0,  0,  0, ],
[ 0,  0,  0,  0,  0,  0, 10,  0,  0,  0,  0,  0,  0,  0,  0,  0,  0,  2,  0,  0,  0,  0,  0,  0, ],
[ 0,  0,  0,  5,  0,  0,  0,  0,  0,  0,  0,  0,  0,  0,  0,  0,  0,  0,  0,  0,  0,  0,  0,  0, ],
[ 0,  0,  0, 13,  0,  0,  3,  0,  0,  0,  0,  0,  4,  0,  0,  3,  0,  0,  0,  0,  0,  0,  0,  0, ],
[14,  0,  0,  0,  0,  0,  0,  0,  0, 11,  0,  0,  0,  0,  0,  0,  0,  0, 14,  0,  0,  0,  0,  0, ],
[ 0,  0,  0,  0,  0,  0,  0,  0,  0,  0,  0,  0,  0,  0,  0,  0,  0,  0,  0,  0,  0,  0,  0,  0, ],
[ 0,  0,  0,  0,  0,  0,  0,  0,  0,  0,  0,  0,  0,  0,  0,  0,  0,  0,  0,  0,  5,  0,  0,  0, ],
[ 0,  0,  0,  0,  0,  0,  0,  0,  0,  0,  0,  9, 10,  7,  0,  0,  0,  0,  0,  0,  0,  4,  4,  0, ],
[ 0,  0,  0,  0,  0,  0,  0,  0,  0,  0,  8,  0,  0,  0,  0,  0,  0,  0,  0,  0,  0,  0,  0,  0, ],
[ 0,  0,  0,  0,  0,  0,  0,  0,  0, 10,  0, 10,  0,  0,  0,  0,  0,  0,  0,  0,  0,  0,  0,  0, ],
[ 0,  0,  0,  0,  0,  0,  0,  8,  0,  0,  0,  7,  0,  0,  0,  0,  0,  0,  0,  0,  0,  0,  0,  0, ],
[ 0,  0,  0,  0,  0,  0,  0,  0,  0,  0,  0,  0, 10,  0,  0,  0,  0,  0,  0,  0,  0, 11,  0,  0, ],
[ 8,  0,  0,  0,  0,  0,  0,  0,  0,  6, 12,  0,  0,  0,  0,  0,  0,  0,  7,  0,  9,  0,  0,  0, ],
[ 0,  0,  0,  0,  0,  0,  0,  7,  0,  0,  0,  0,  0,  0,  0,  0,  4,  5,  6,  0,  0,  0,  0,  0, ],
[ 0,  0,  5,  0,  0,  0,  0,  0,  0,  0,  0,  0,  0,  0,  0,  0,  0,  0,  0,  0,  0, 12,  0,  0, ],
[ 3,  4,  0,  0,  0,  0,  4,  0, 12, 11,  0,  0,  0,  0,  4, 10,  8, 10,  0,  0,  0,  0,  0,  0, ],
[ 0,  0,  7,  5,  0,  0,  3,  0,  0,  0,  0,  0,  0, 10,  0,  0,  0,  0,  0,  0,  0,  0,  0,  0, ],
[ 0,  0,  0,  0,  0,  2,  5, 14,  0,  0,  0,  0,  0,  0,  0,  0,  0,  0,  0,  0,  0,  0,  0,  0, ],
[ 8,  6,  0,  0,  0,  0,  0,  0,  0,  0,  0,  0,  8,  0,  0,  0,  0, 10,  0,  0, 13,  0,  0,  0, ],
[ 0,  0,  0,  0,  0,  0,  0,  0,  0,  0,  0,  0,  0,  0,  0,  0,  0,  0,  0,  0,  3,  0,  0,  0, ],
[ 0,  0,  0,  0,  0,  5,  0,  0,  0,  0,  0,  0,  0,  0,  0,  0,  0,  0,  0,  0,  0,  0,  0,  0, ],
[ 0,  0,  0,  0,  0,  0,  0,  0,  0,  0,  0,  0,  0,  0,  0,  0,  0,  0,  0,  0,  0,  0,  0,  0, ],
[ 0,  0,  0,  3,  0,  0,  0,  0,  0,  0,  0,  0,  0,  0,  0,  9,  0,  0,  0,  0,  0,  0,  0,  0, ],
[ 0,  0,  0,  0,  0,  7,  0,  0, 12,  0,  0,  0,  0,  0,  0,  0,  0,  0,  0,  0,  0,  0,  0,  0, ],
[ 0,  0,  0,  0,  0,  0,  0,  0,  0,  0,  0,  0,  0,  0,  0,  0,  0,  0,  0,  0,  0,  1,  0,  0, ],
[ 0,  0,  0,  0,  0,  0,  0,  0,  0,  0,  0,  0,  0,  0,  0,  0,  0,  0,  0,  0,  0,  0,  0,  0, ],
[ 0,  0,  0,  0,  2,  0,  0,  0,  0,  5,  0,  0,  0,  0,  0,  0,  0,  0,  0,  0,  8,  0,  0,  0, ],
[ 0,  0,  0,  0,  0,  0,  0,  0,  0,  0,  0,  0,  0,  0,  0,  9,  0,  6,  2,  0,  0,  0,  0,  0, ],
[ 0,  0,  0,  0,  0,  0,  0,  0,  0,  0,  0,  0,  0,  0,  0,  0,  0,  0,  0,  0,  0,  0,  0,  0, ],
[ 0,  0,  0,  0,  0,  0,  0,  0,  0,  0,  0,  0,  0,  0,  4,  0,  0,  0,  0,  0,  0,  0,  0,  0, ],
[ 0,  0,  0,  0,  0,  0,  7,  0,  0,  0, 12,  0,  0,  0,  0,  0,  0,  0,  0,  0,  0,  0,  0,  0, ],
[ 0,  0,  0,  0,  0,  0,  0,  0,  0,  0,  0,  0,  0,  0,  0,  0,  0,  0,  0,  0,  0,  3,  8,  0, ],
[ 0,  0,  0,  0,  0,  0,  0,  0,  0,  0,  8,  0,  0,  0,  0,  0,  0,  0,  0,  0,  0,  0,  0,  0, ],
[ 0,  0,  0,  0,  0,  0,  0,  0,  0,  0,  0,  0,  0,  0,  7,  0,  2,  0,  0,  0,  0,  0,  0,  0, ],
[ 0,  0,  0,  0,  0,  0,  0,  0,  6,  0,  0,  0,  0,  0,  0,  0,  0,  2, 13,  0,  0,  0,  0, 13, ],
[ 0,  0,  0,  0,  0,  0,  2,  0,  0, 10,  0,  0,  0,  0,  0,  0,  0,  0,  0,  0,  0,  0,  0,  0, ],
[ 0,  0,  0,  0,  0,  0,  0,  1,  0,  0,  0,  0,  0,  0,  0,  0,  0,  1,  0,  0,  0,  0,  0,  0, ],
[ 0,  0,  0,  0,  0,  0,  0,  0,  0,  0,  0,  0,  0,  0,  0,  0,  0,  0,  0,  7,  0,  8,  0,  0, ],
[10,  0,  0,  0,  0,  0,  0,  0,  0,  0,  0,  0,  0,  0,  0,  0,  0,  0,  1,  0,  0,  0,  0,  0, ],
[ 0,  0,  0,  0, 14,  0,  0,  0,  0,  0,  0,  0, 11,  0,  0,  0,  0,  0,  0,  0,  0,  0, 11,  0, ],
[ 0,  0,  0, 12,  0,  0,  0,  0,  0,  0,  0,  0,  0,  0,  0,  0,  0,  0,  0, 14,  0,  0,  0,  0, ],
[ 0,  0,  0,  0,  0,  0, 11,  0,  0,  0,  0, 10,  0,  0,  0,  0,  0,  0,  0,  0,  0,  0,  0,  0, ],
[ 0,  7,  0,  0,  1,  0,  0,  0,  0,  0,  0,  0,  0,  0,  0,  0,  0,  0,  0,  0,  0,  0,  0,  0, ],
[ 0,  6,  0,  0,  0,  0,  0,  0,  0,  0,  0,  0,  0,  0,  0,  0,  0,  0,  0,  0,  0,  0,  9,  0, ],
[ 0,  0,  0,  0,  2,  0,  0,  0,  8,  0,  0,  0, 13,  0,  0,  0,  0,  0,  0,  0,  0,  0,  0,  0, ],
[ 0,  2,  0,  0,  0,  0,  0,  0,  0,  0,  0,  0,  0,  0,  0,  0,  0,  0,  0,  0,  0,  0,  0,  0, ],
[ 0,  0,  0,  0,  1,  9,  0,  0,  0,  0,  2,  0,  0,  0,  0,  0,  0,  0,  3,  3,  0,  0,  0,  0, ],
[ 0,  0,  0,  0,  0,  0,  4,  0,  0,  0,  8,  0,  0,  0,  0,  0,  1,  0,  0,  0,  0,  0,  0,  0, ],
[ 0,  0,  0,  0,  0,  0,  0,  0,  0,  0,  0,  0, 11,  0,  0,  0,  0,  0,  0,  0,  0,  0,  4,  0, ],
[ 0,  9,  0,  0,  0,  0,  0,  0,  0,  0,  0,  0,  0,  0,  0,  0,  0,  0,  0,  0,  0,  0,  0,  0, ],
[ 0,  0,  0, 14,  0,  0,  2,  0,  0,  0,  0,  0,  0,  0,  0,  0,  0,  0,  0,  9,  0,  0,  0,  0, ],
[ 0,  0,  0,  0,  0,  0,  0,  0,  0,  0,  0,  0,  0,  0, 11,  0,  0,  0,  0,  0,  0,  0,  0,  0, ],
[ 8,  0,  0,  0,  0,  0,  0,  0,  0,  3,  0,  0,  0,  0,  0,  0,  0,  0,  0,  0,  0,  0,  0,  0, ],
[ 0,  0,  0,  0,  0,  9,  0,  0,  0,  0,  0,  0,  0,  0,  0,  0,  0,  0,  0,  0,  0,  0,  0,  0, ],
[ 0,  0,  0,  0,  4,  0,  0,  0,  0,  0,  0,  0,  0,  0,  0,  0,  0,  0,  0,  0,  0,  0, 12,  0, ],
[ 0,  0,  0,  8,  0,  0, 10,  0,  0,  0,  0,  0,  2,  2,  0,  0,  0,  0,  0,  0,  0,  0,  0,  0, ],
[ 0,  0,  0,  0,  0,  0,  0,  0,  0,  0,  0,  0,  0,  0, 12,  0,  0,  0,  0,  0,  0,  0,  0,  0, ],
[ 0,  0,  0,  9,  7,  0,  0,  0,  0,  0,  0,  0,  0,  0,  0,  0,  0,  0,  0,  0,  8,  0,  0,  0, ],
[ 0,  0,  0,  0,  0,  0,  0,  0,  0,  0,  9,  0,  0,  0,  0,  0,  0,  0,  0,  0,  0,  0,  0,  0, ],
[ 0,  0,  0,  0,  0,  0,  0,  0,  0,  0,  0,  0,  0,  0,  0,  0,  0,  0,  0,  0,  0,  0,  0,  0, ],
[ 0,  0,  0,  0,  0,  0,  0,  0,  0,  0,  0,  0,  0,  0,  0,  0,  0,  0,  0,  0,  0,  0,  3,  0, ],
[ 0,  0,  0,  0,  0,  0,  0,  4,  0,  0,  0,  0,  0,  0,  0,  0,  1,  0,  0,  0,  0,  0,  0,  0, ],
[ 0,  0,  0,  0,  0,  0,  0,  0,  0,  0,  0,  0,  0,  0,  0,  0,  0,  0,  0,  0,  0,  0,  0,  0, ],
[ 7,  0,  0,  0,  0,  0,  6,  0,  0,  0,  0,  0,  0,  0,  0,  0,  0,  0,  0,  0,  0,  0,  0,  0, ],
[ 0,  0,  0,  0,  0,  0,  0,  0,  0,  0,  0,  0,  0,  0,  0,  0,  0,  0,  0,  0,  0,  0,  0,  0, ],
[ 0,  0,  0,  0,  5,  0,  0,  0,  0,  0,  0,  0,  0,  0,  0,  4,  0,  1,  0,  0,  0,  0,  0,  0, ],
[ 0,  0,  0,  0,  0,  2,  0,  0,  0,  0,  0,  0,  0,  0,  0,  0,  0,  0,  0,  0,  0,  0,  0,  0, ],
[ 0,  0,  0,  0,  7, 14,  0,  6,  2,  0,  0,  0,  0,  0,  0,  0,  0,  0,  0,  0,  0,  0,  0,  6, ],


[0.7683, -0.9825, ],
[-0.1290, -0.1787, ],
[0.0739, -0.4578, ],
[-0.1904, 0.2007, ],
[0.9293, 0.9738, ],
[0.5352, -0.3880, ],
[-0.7083, 0.4139, ],
[0.2625, 0.3634, ],
[-0.1719, -0.5753, ],
[-0.5427, 0.1181, ],
[0.4434, -0.3732, ],
[-0.1561, -0.4763, ],
[0.2465, -0.3329, ],
[0.6037, -0.0640, ],
[0.5748, 0.5290, ],
[-0.6036, 0.0067, ],
[-0.4176, -0.5363, ],
[-0.0442, 1.0000, ],
[0.3837, 0.1131, ],
[-0.1504, -0.6570, ],
[0.6428, 0.6518, ],
[0.3559, 0.1307, ],
[0.6455, -0.2090, ],
[1.0000, -0.2736, ],
[0.7496, 0.1766, ],
[-0.0301, 0.0418, ],
[-1.0000, -0.4217, ],
[0.0812, -0.4322, ],
[0.6849, 0.3068, ],
[0.8051, -0.3493, ],
[-0.3748, 0.3548, ],
[-0.1932, 0.5450, ],
[0.6718, -0.2473, ],
[0.3643, 0.7810, ],
[0.1747, 0.6214, ],
[-0.6984, 0.3492, ],
[-0.8656, -0.0974, ],
[-0.3616, -0.3138, ],
[1.0000, 0.9702, ],
[0.1873, 0.5131, ],
[0.5101, 0.7678, ],
[0.0557, 0.3158, ],
[0.2170, -0.1930, ],
[0.3100, -0.9575, ],
[0.9151, -0.2164, ],
[0.1786, 0.7622, ],
[0.2130, -0.0277, ],
[-0.8716, -0.6847, ],
[-0.1420, -0.7344, ],
[0.7722, 0.8791, ],
[0.7969, -0.2217, ],
[0.0885, -0.4706, ],
[0.2679, -0.7793, ],
[-0.4150, -0.6102, ],
[-0.1891, 0.2450, ],
[0.6892, -0.3786, ],
[0.7837, -0.0145, ],
[-0.8719, 0.1186, ],
[-0.8277, 0.3876, ],
[0.0425, -0.6418, ],
[0.6151, 0.2718, ],
[-0.6519, 0.0429, ],
[-0.7924, 0.0120, ],
[0.2952, -0.1056, ],
[0.6181, 0.0141, ],
[-0.0193, -0.8289, ],
[0.2930, 0.3916, ],
[0.3438, -0.7197, ],
[0.4057, 0.1008, ],
[0.7419, 0.0127, ],
[0.9546, 0.4060, ],
[0.1461, 0.4567, ],
[-0.3311, 0.2912, ],
[-0.2030, -0.3233, ],
[0.3263, 0.7291, ],
[-0.8860, -0.2645, ],
[1.0000, -0.3149, ],
[0.9785, -0.0138, ],
[0.2054, 0.1335, ],
[-0.7015, -0.2558, ],
[-0.5355, -0.7147, ],
[-0.0929, 0.7611, ],
[-0.2765, 1.0000, ],
[-0.5096, 0.9206, ],
[-0.2123, 0.3219, ],
[-0.3286, -0.3963, ],
[0.1868, 0.5385, ],
[0.8110, 0.5504, ],
[-0.1004, -0.6102, ],
[-0.0531, -0.7751, ],
[-0.1233, 0.7298, ],
[0.0130, 0.9150, ],
[0.0205, 0.6049, ],
[0.8583, 0.6114, ],
[-0.6864, -0.9473, ],
[-0.6353, -0.0110, ],
[-0.7424, 0.3695, ],
[0.6893, 0.3271, ],
[0.8868, 0.3450, ],
[0.4185, 0.8566, ],


[10.0000, ],
[1.0000, ],
[17.0000, ],
[15.0000, ],
[3.0000, ],
[10.0000, ],
[10.0000, ],
[5.0000, ],
[0.0000, ],
[0.0000, ],
[9.0000, ],
[7.0000, ],
[4.0000, ],
[30.0000, ],
[3.0000, ],
[14.0000, ],
[10.0000, ],
[8.0000, ],
[6.0000, ],
[5.0000, ],
[9.0000, ],
[5.0000, ],
[4.0000, ],
[11.0000, ],
[6.0000, ],
[5.0000, ],
[2.0000, ],
[5.0000, ],
[0.0000, ],
[5.0000, ],
[3.0000, ],
[4.0000, ],
[4.0000, ],
[5.0000, ],
[2.0000, ],
[10.0000, ],
[12.0000, ],
[0.0000, ],
[2.0000, ],
[14.0000, ],
[3.0000, ],
[8.0000, ],
[6.0000, ],
[8.0000, ],
[16.0000, ],
[10.0000, ],
[6.0000, ],
[27.0000, ],
[11.0000, ],
[7.0000, ],
[17.0000, ],
[2.0000, ],
[2.0000, ],
[0.0000, ],
[5.0000, ],
[7.0000, ],
[1.0000, ],
[0.0000, ],
[6.0000, ],
[7.0000, ],
[0.0000, ],
[2.0000, ],
[7.0000, ],
[5.0000, ],
[3.0000, ],
[4.0000, ],
[12.0000, ],
[5.0000, ],
[2.0000, ],
[6.0000, ],
[5.0000, ],
[12.0000, ],
[8.0000, ],
[8.0000, ],
[4.0000, ],
[6.0000, ],
[8.0000, ],
[1.0000, ],
[9.0000, ],
[6.0000, ],
[6.0000, ],
[3.0000, ],
[8.0000, ],
[4.0000, ],
[5.0000, ],
[3.0000, ],
[6.0000, ],
[9.0000, ],
[4.0000, ],
[9.0000, ],
[3.0000, ],
[0.0000, ],
[2.0000, ],
[3.0000, ],
[0.0000, ],
[6.0000, ],
[0.0000, ],
[5.0000, ],
[1.0000, ],
[14.0000, ],


