[ 4,  0,  6,  0,  0, 12, 13,  0,  0,  0,  0,  0,  0,  0,  0,  0,  0,  0,  0,  0,  5,  0,  0,  0, ],
[ 0,  0,  0,  0,  0,  0,  0,  0,  0,  0, 10,  0,  0,  0,  0,  0,  0,  0,  0,  0,  0,  0,  0,  0, ],
[ 0,  0,  0,  0,  0,  0,  0,  0,  0,  0,  0,  0,  0,  8,  0,  0, 13,  0, 12,  0,  0,  2,  0,  0, ],
[ 0,  0,  0,  0,  0,  0,  0,  0,  0,  0,  0,  0,  0,  0,  0, 10, 10,  0,  0,  0,  0,  0,  0,  0, ],
[ 0,  0,  0,  0,  0,  8,  0,  0,  0,  0, 10,  0,  0, 11,  7,  0,  6,  0,  0,  0,  0,  0,  0,  0, ],
[ 0,  0,  0,  0,  0,  0,  0,  0,  0,  0,  0,  0,  0,  0,  9,  0,  0,  0,  0,  0,  0,  0,  0,  0, ],
[ 0,  0,  0,  0,  0, 13,  0,  0,  0,  0,  0,  0,  0,  0,  0,  4,  0,  0,  0,  0,  0,  0,  0,  0, ],
[ 0,  0,  0,  0,  0,  0,  0,  0,  6,  0, 10,  0,  0,  0,  0,  0,  0,  0,  0,  0,  0,  0,  0,  0, ],
[ 0,  0,  0,  0,  0,  0,  4,  0,  0,  0,  0,  0,  0,  0,  0,  0,  0,  0,  0, 10,  0,  0, 14,  0, ],
[ 0,  0,  0,  0,  0,  0,  0,  0,  0,  0,  0,  0,  0,  0,  0,  0,  0,  0,  0,  3,  0,  0,  0,  0, ],
[ 5,  0,  0,  0,  0,  0,  0,  0,  5,  0,  0,  0,  0,  0,  0,  8,  0, 11,  0,  0,  0,  0,  0,  8, ],
[ 0,  0,  0,  0,  0,  0,  0,  0,  0,  0,  0,  0,  0,  0,  0,  0,  0,  0,  0,  0,  6, 14,  0,  0, ],
[ 0,  0,  0,  0,  0,  7,  0,  0,  8,  0,  0,  0,  0,  0,  0,  0,  0,  0,  8,  0,  0,  0,  0,  0, ],
[ 0,  0,  0,  0,  0,  0,  0,  0,  0,  0,  0,  0,  0,  0,  0,  0,  0,  0,  0,  0,  0,  0,  0,  0, ],
[ 0,  0,  0,  0,  0,  0,  0,  0,  0,  0,  0,  9,  0,  0,  0,  0,  0,  0,  0,  0,  0,  1,  0,  0, ],
[ 0,  0,  0,  0,  0,  0,  0,  0,  0,  0,  0,  0,  0,  0,  0,  0,  0,  0,  0,  0,  0,  0,  0,  0, ],
[ 0,  8,  0,  0,  0,  0,  0,  0,  0,  0,  0,  0,  7,  6,  0,  0,  0,  0,  0,  0,  0,  0,  0, 13, ],
[ 0,  0,  0,  0,  7,  0,  0,  0,  0,  0,  0,  9,  0,  0,  0,  0,  0,  0,  0,  0,  0,  0,  8,  0, ],
[ 0,  0,  0,  0,  0,  0,  0,  0,  0,  0,  0,  0,  0,  0,  0,  0,  0,  0,  0,  0,  0,  0,  0,  0, ],
[ 0,  0,  0,  0,  0,  0,  1,  0,  0,  0,  0,  0,  0,  0,  0,  0,  0,  5,  0,  7,  0,  0,  1,  0, ],
[ 0,  0,  0, 13,  0,  0,  0,  0,  0,  0,  0,  0,  0,  0,  0,  0,  0,  0,  0,  0, 14,  0,  0,  0, ],
[ 0,  0, 14,  0,  0,  0,  0,  0,  0,  0,  0,  0,  0,  0,  0,  0,  0, 13,  0,  0,  0,  4,  0,  0, ],
[ 0,  0,  0,  0,  0,  0,  0,  0, 10,  0,  0,  0,  0,  0,  0,  0,  0,  0,  0,  0,  0,  0,  0,  0, ],
[ 0,  0,  0,  0,  0,  0,  0,  0,  0,  0,  0,  0,  0,  0,  0,  0,  0,  0,  0,  0,  0,  0,  0,  0, ],
[ 0,  0, 10,  0,  0,  0,  0,  9,  0,  0,  0,  0,  0,  0,  0,  3,  0,  0,  0,  2,  0,  0,  0,  0, ],
[ 0,  0,  0,  0,  0,  0,  0,  0,  0,  0,  0,  0,  0,  0,  0,  0,  0,  4,  0,  0,  0,  0,  0,  0, ],
[ 0,  0, 10,  0,  0,  0,  0,  0,  0,  8,  0,  0,  0,  2,  1,  0,  0,  0,  0,  0,  0,  0,  0,  0, ],
[ 0,  0,  0,  0,  0,  0,  0,  0,  0,  0,  0,  0,  0,  0,  0,  0,  0,  0,  0, 10,  0,  0,  0,  0, ],
[ 0,  0,  0,  0,  0,  0,  0,  0, 13,  0, 12,  0,  0,  0,  0,  0,  0,  0,  0,  0,  0,  0,  0, 10, ],
[14,  0,  0,  0,  0,  2,  0,  5,  0,  0,  0,  0,  2,  0,  0,  0,  0,  1,  0,  0,  0,  0,  0,  0, ],
[ 0,  9,  0,  0,  0,  0,  0,  0,  0,  0,  0,  0,  0,  0,  0,  0,  0,  0,  0,  0,  0,  0,  0,  0, ],
[ 0,  0,  0,  0,  0,  0,  0,  0,  0,  0,  0,  0,  0,  2,  0,  0,  0,  0,  0,  0, 10,  0,  0,  0, ],
[ 0,  0,  0,  0,  0,  0,  0,  0,  0,  2,  0,  0,  0,  0, 10,  0,  0,  0,  0,  0,  0,  0,  0,  0, ],
[ 0,  0,  0,  0,  6,  0,  0,  5,  0,  0,  0,  0,  0,  0,  0,  0,  0,  0,  0,  0,  0,  0,  0,  0, ],
[ 0,  0,  0,  0,  0,  0, 12,  0,  0,  0,  0, 14,  0,  0,  0,  0,  0,  0,  0,  0,  0,  0,  0,  0, ],
[ 0,  0,  0,  0,  0,  0,  0,  0,  0,  0,  0,  0,  0,  0,  0,  0,  0,  0,  0,  8, 12,  0,  0,  0, ],
[ 0,  0,  0,  0,  0,  0,  0,  0,  0,  0, 13,  0,  0,  0,  0,  0,  0,  0,  0,  7,  0,  0,  0,  1, ],
[ 0,  0,  0,  0,  0,  0,  0,  0,  0,  0,  0,  0,  0,  0,  0,  0,  0,  0,  0,  0,  0,  0,  0,  0, ],
[ 0,  0,  0,  0,  0,  0,  0,  0,  0,  0,  0,  0,  0,  0,  0,  0,  0,  0,  0,  0,  0,  0,  0,  0, ],
[ 0,  0,  0,  0,  0,  0,  5,  0,  0,  0,  0,  0,  0,  0,  0,  0,  0,  0,  0,  0,  0,  0,  0,  0, ],
[ 0,  0,  0,  0,  0,  0,  0,  0,  0,  0,  0,  0,  0,  0,  0,  0,  0,  0,  0,  0,  0,  0,  0,  0, ],
[ 0,  0,  0,  0,  0,  0,  0,  0,  0, 10,  0, 10,  0,  0,  0,  0,  0,  0,  0,  0,  0,  0,  0,  0, ],
[ 0,  0,  0,  0,  0, 12,  0,  0,  0,  0,  0,  7,  0,  0,  0,  0,  6,  0,  0,  0,  0,  9,  0, 12, ],
[ 0,  0,  0,  0,  0,  0,  0,  0,  0,  0,  0,  0,  0,  0,  0,  0,  0,  0,  0,  0,  0,  0,  0,  0, ],
[ 0,  0,  0,  0,  0,  0,  0,  0,  0, 14,  0,  0,  0,  0,  0,  0,  0,  0,  0,  0,  0,  0,  0,  0, ],
[ 9,  0,  0,  0,  0,  0,  0,  4,  0,  0,  0,  0,  0,  0,  0,  0,  0,  0,  0,  0,  9,  0,  0,  0, ],
[ 0,  0,  0,  0,  0,  0,  0,  0,  0,  0,  0,  0,  0,  0,  0,  0,  0,  0,  5,  0,  0,  0,  0,  0, ],
[ 0,  0, 13,  0,  0,  0,  0,  0,  1,  0,  0,  0,  0,  0,  0,  0,  0,  0,  0,  0,  4,  0,  0,  0, ],
[ 0,  0,  0,  0,  0,  0,  0,  0,  0,  0,  3,  0,  0,  3,  0,  0,  0,  0,  0,  0,  0,  0,  0,  0, ],
[ 0,  0,  0,  0,  0,  0,  0,  0,  0,  0,  0,  0,  0,  0,  0,  0,  0,  0,  0,  0,  0,  0,  0,  0, ],
[ 0,  6,  0, 14,  0,  0,  0,  0,  0,  0,  0,  0,  0,  0,  0,  0,  5,  0,  0,  0,  0,  0,  0,  2, ],
[ 0,  0,  0,  0,  0, 10,  0,  0,  0,  0,  0,  0,  0,  0,  0,  0,  0,  0, 12,  0,  0,  0,  0,  0, ],
[ 0,  0,  0,  0,  0,  5,  0,  0,  0,  0,  0, 13,  0,  0,  0,  0,  0,  0,  0,  0,  0,  0,  0,  0, ],
[ 0,  0,  0,  0,  0,  0,  0,  0,  0,  0,  0,  0,  0,  0,  0,  0,  0,  0,  0,  0,  0,  9,  0,  0, ],
[ 0,  0,  0,  0,  0,  0,  0,  0,  0,  0,  0,  0,  0, 14,  0,  9,  5,  9,  0,  0,  0, 13,  0,  0, ],
[ 0,  7,  0,  0,  0,  0,  0,  0, 12,  0,  0,  0, 10,  0,  0,  0,  0,  1,  0,  0,  0,  0,  0,  2, ],
[ 0,  0,  2, 11,  0,  0,  0,  0, 10,  0,  0,  0,  0,  0,  0,  0,  0,  0,  0,  0,  0,  0,  0,  0, ],
[ 0,  0,  0,  0,  0,  0,  0,  4,  0,  0,  0,  0,  0,  0,  0,  0,  0,  0,  0,  0,  0,  0,  0,  0, ],
[ 0,  0,  0,  0,  0,  0,  0,  0,  0,  0,  0,  0,  0,  0,  0,  0, 14,  6,  0,  0, 11,  0,  0,  0, ],
[ 0,  0,  0,  0,  0,  0,  0,  0,  0,  0,  0,  0,  0,  0,  0,  0, 14,  0,  9,  0,  0,  0,  0,  0, ],
[13,  0,  0,  0,  0,  0,  0,  0,  0,  0,  0,  0,  0, 11,  0,  0,  0,  5,  0,  0,  0,  0,  0,  0, ],
[ 0,  0,  0,  0,  0,  0,  0,  0,  0,  0,  9,  0,  0,  0,  0,  0,  0,  0,  0,  0,  0,  0,  0,  0, ],
[ 0,  0,  5,  0,  0,  0,  0,  0,  0,  0, 12,  0,  0,  0,  0,  0,  0, 14,  0,  0,  0,  0,  0,  0, ],
[ 0,  0,  0,  0,  0,  0,  0,  0,  0,  0,  0,  0,  0,  6,  0,  0,  0,  0,  0,  0,  0,  0,  0,  0, ],
[ 0,  0,  0,  0,  0,  0,  0,  0,  0,  1,  0,  0,  0,  0,  0,  0,  0,  0,  0,  0,  0,  0,  0,  0, ],
[ 0,  0,  0,  0,  0,  0,  0,  0,  0,  0,  0,  0,  0,  0,  0,  0,  0,  0,  0,  0,  0,  0,  0,  0, ],
[ 0,  0,  0,  3,  0,  0,  0,  0,  0,  0,  0,  0,  0,  9,  0,  0,  0,  0,  4,  0,  0,  0,  6,  0, ],
[ 3,  0,  0,  0,  0,  0,  0,  0,  0,  0, 13,  0,  4,  0,  0,  3,  0,  0,  0,  0,  0,  0,  0,  2, ],
[ 0,  0,  0,  0,  0,  0,  0,  0,  0,  0,  0,  0,  0,  0,  0,  0,  0,  0,  0,  0,  0,  0,  0,  0, ],
[ 0,  0,  5,  0,  0,  0,  0,  0,  0,  0,  0,  0,  0,  0,  0,  0,  0,  0,  2,  0,  0,  7,  0,  0, ],
[ 0,  0,  0,  2, 11,  0,  0,  0,  0,  0,  0,  0,  0,  0,  0, 11,  0,  0,  0,  0,  0,  0,  0,  0, ],
[ 0, 13, 10,  0, 13,  0,  0,  0,  0,  0,  0,  0,  0,  0,  0,  0,  0,  0,  0,  0,  0,  0,  0,  0, ],
[ 0, 11,  0,  0,  0,  0,  0,  0,  0,  0,  0, 13,  0,  0,  3,  0,  0,  0,  0,  0,  0,  0,  0,  0, ],
[ 0,  0,  0,  0,  0,  0,  0,  0,  0,  0,  0,  0,  0,  0,  0,  0,  0,  0,  0,  0,  0,  0,  0,  0, ],
[ 0,  0,  0,  0,  0,  0,  0, 13,  0,  0,  0,  0,  0,  0,  0,  0,  0,  0,  0,  0,  0,  0,  0,  0, ],
[ 0,  1,  0,  5,  0,  0,  0,  0,  0,  0,  0,  0,  3,  0,  0,  0,  0,  0,  0,  0,  0,  0,  0,  0, ],
[ 0, 14,  0,  0,  0,  0,  0,  0,  8,  0, 13,  0,  0,  0,  0,  5,  0,  0,  0,  9,  3, 11,  0,  1, ],
[ 0,  5,  0,  0,  0,  0,  4,  0,  0,  0,  0,  0,  0,  0,  0,  0,  0,  0,  0,  0,  0,  0,  0,  0, ],
[ 0,  0,  0,  0,  4,  0,  2,  0,  0,  0,  0,  0,  0,  0,  0,  0,  0,  0,  0,  0,  3,  7, 11,  0, ],
[ 0,  0,  0,  0,  0,  0,  0,  0,  0,  0,  0,  0,  0,  0,  0,  0,  0,  0,  0,  0,  0,  0,  0,  0, ],
[ 0,  0,  0,  0,  0,  0, 14,  0,  0,  0,  0,  0,  0,  0,  0,  0,  0,  0,  0,  0,  0,  2,  0,  0, ],
[ 0,  0,  4,  0,  0, 14,  0,  0,  0,  0,  7,  0,  5,  0,  0,  0,  0,  0,  0,  0,  0,  0,  0,  0, ],
[ 0,  0,  0,  0,  0,  9,  0,  0,  0,  0,  0,  0,  0,  0,  0,  0,  0,  0,  0,  0,  0,  0,  4,  0, ],
[ 0,  0,  9,  0, 11,  1,  0,  0,  0,  0,  0,  0,  0,  0,  0,  0,  0,  0,  0,  0,  0,  0,  0,  0, ],
[ 0,  0,  7,  0,  0,  0,  0,  0,  0,  0,  0,  0,  0,  0,  0,  0,  0,  0,  0,  0,  0,  0,  0,  0, ],
[ 0,  0,  0,  0,  0,  4,  0,  0,  0,  0,  0,  0,  0,  0,  0,  0,  0,  0,  0,  0,  0,  0,  0, 10, ],
[ 0,  3,  0,  0,  0,  0,  0,  0,  0,  0,  0,  0,  0,  0,  0,  0,  0,  0,  0,  2,  0,  0, 12,  3, ],
[ 0,  0,  0,  0,  0,  0,  0,  0, 13,  0,  0,  0,  0,  0,  2,  9,  0,  0,  0,  0,  0,  0,  6,  0, ],
[ 0,  0,  0,  0, 11,  0,  0,  0,  3,  0,  0,  9,  0,  0,  0,  0,  0,  0,  0,  0,  0,  0,  4,  0, ],
[ 0,  0, 11,  0,  0,  0,  0,  0,  0,  0,  0,  0,  0,  0,  0,  0,  0,  0, 12,  0, 13,  0,  0,  0, ],
[ 0,  3,  0,  2,  0,  0,  0,  0,  0,  0,  0,  0,  0,  0,  0,  0,  0,  0,  0,  0,  1,  0,  0,  0, ],
[ 0, 14,  0,  0,  0,  0,  0,  0,  0,  0,  0,  0,  0,  0,  0,  0,  0,  0,  0,  0,  0,  0,  0,  0, ],
[ 0,  0,  0,  0,  0,  3,  0,  0,  0,  0,  0,  0,  0,  0,  0,  0,  0,  0,  0,  0,  0,  0, 11,  0, ],
[ 0,  8,  0,  0,  0,  0,  0,  0,  0,  0,  0,  0,  0,  0,  0,  0,  0,  0,  0,  0,  0,  0,  0,  0, ],
[ 0,  0,  4,  0,  0,  0,  0,  0,  0,  0,  0,  0,  0,  0,  0,  0,  0,  0,  0,  0,  0,  0,  0,  0, ],
[ 0,  0,  0,  0,  0,  0,  0, 13,  0,  0,  0,  0,  0,  5,  0,  0,  2,  0,  0,  0,  0,  0,  0,  0, ],
[ 0,  0,  0,  0,  0,  0,  0,  0,  0,  0,  0,  0,  0,  0,  0,  0,  0, 12,  0,  0,  0,  0,  0,  0, ],
[ 0,  0,  0,  0,  0,  0,  0,  0,  0,  0,  0,  0,  0,  0,  0,  0,  0, 14,  0,  0,  0,  0,  0,  0, ],
[11,  0,  0, 10,  0,  0,  0,  0,  0,  0,  0,  0,  0,  0,  0,  0,  0,  0,  8,  0,  7,  0,  3,  0, ],
[ 0,  0,  0,  0,  0,  0,  0,  0,  0,  0,  0,  0,  0,  0,  0,  0,  0,  0,  7,  0,  0,  0,  0,  0, ],


[0.9334, -0.9825, ],
[-0.1142, -0.2687, ],
[-0.0932, -0.4578, ],
[-0.1020, 0.3662, ],
[0.6505, -0.3033, ],
[0.5137, -0.0777, ],
[-0.6848, 0.4824, ],
[0.1491, 0.2083, ],
[-0.2500, -0.5030, ],
[-0.3418, 0.2588, ],
[0.4294, -0.2588, ],
[-0.0702, -0.4763, ],
[-0.6792, -0.6042, ],
[0.3960, 0.2255, ],
[0.7192, 0.5290, ],
[-0.8112, -0.1534, ],
[-0.3817, -0.6295, ],
[-0.0442, 0.9962, ],
[0.3837, -0.0547, ],
[-0.1299, -0.7720, ],
[0.6977, 0.7855, ],
[0.2961, 0.0863, ],
[0.8019, -0.1139, ],
[0.9756, 0.0029, ],
[0.7690, 0.2493, ],
[-0.0781, -0.0819, ],
[-1.0000, 0.5730, ],
[0.1359, -0.3898, ],
[0.5996, 0.4269, ],
[0.8051, -0.3493, ],
[-0.6348, 0.3850, ],
[-0.0791, 0.4244, ],
[0.8206, -0.2005, ],
[0.3887, 0.7706, ],
[0.0655, -0.2996, ],
[-0.5101, 0.1971, ],
[-0.7624, -0.2111, ],
[0.5667, 0.0515, ],
[1.0000, 0.9702, ],
[1.0000, 0.5131, ],
[0.1768, -0.8049, ],
[0.0250, 0.2151, ],
[0.3587, 0.4153, ],
[0.3531, -0.7468, ],
[0.7851, -0.2164, ],
[0.2016, 0.8498, ],
[0.2921, -0.2675, ],
[-0.4738, -0.1212, ],
[-0.1486, -0.6655, ],
[0.8782, 0.8791, ],
[0.5296, -0.0024, ],
[0.0900, -0.4706, ],
[0.0755, -0.8038, ],
[-0.4417, -0.6045, ],
[-0.3224, 0.3399, ],
[0.6900, -0.3753, ],
[0.6425, -0.0177, ],
[0.3906, 0.1960, ],
[-0.7515, 0.4505, ],
[-0.0364, -0.6333, ],
[0.6110, 0.1864, ],
[-0.5625, 0.4205, ],
[-0.6683, 0.0601, ],
[0.5711, 0.0132, ],
[0.9845, 0.0141, ],
[0.0202, -0.7805, ],
[0.2930, 0.3581, ],
[0.3157, -0.9123, ],
[0.3342, -0.1603, ],
[0.7419, 0.0588, ],
[0.8789, 0.4239, ],
[-0.3631, 0.3853, ],
[0.0035, 0.2776, ],
[-0.2030, 0.4753, ],
[-0.7152, 0.7256, ],
[-1.0000, -0.3019, ],
[0.1409, 0.3432, ],
[0.4419, -0.0138, ],
[-0.0651, 0.0183, ],
[-0.5455, -0.2558, ],
[-0.3094, -0.8356, ],
[-0.0929, 0.7621, ],
[-0.1135, 0.9696, ],
[-0.3164, 0.8421, ],
[-0.3280, 0.1552, ],
[-0.2713, -0.4152, ],
[0.3415, 0.4785, ],
[0.7370, 0.4178, ],
[-0.1857, -0.6787, ],
[0.4963, -1.0000, ],
[-0.5697, -0.4046, ],
[-0.1178, 0.9150, ],
[0.1033, -0.3908, ],
[1.0000, 0.3324, ],
[-0.9601, -0.9472, ],
[-0.5595, 0.1535, ],
[-0.5131, 0.0358, ],
[0.6376, -0.5713, ],
[0.6302, 0.4626, ],
[0.3245, 0.7756, ],


[15.0000, ],
[4.0000, ],
[12.0000, ],
[8.0000, ],
[17.0000, ],
[3.0000, ],
[6.0000, ],
[7.0000, ],
[10.0000, ],
[2.0000, ],
[14.0000, ],
[7.0000, ],
[9.0000, ],
[0.0000, ],
[4.0000, ],
[0.0000, ],
[13.0000, ],
[9.0000, ],
[0.0000, ],
[7.0000, ],
[8.0000, ],
[10.0000, ],
[4.0000, ],
[0.0000, ],
[10.0000, ],
[2.0000, ],
[9.0000, ],
[4.0000, ],
[12.0000, ],
[9.0000, ],
[3.0000, ],
[5.0000, ],
[5.0000, ],
[5.0000, ],
[8.0000, ],
[7.0000, ],
[8.0000, ],
[0.0000, ],
[0.0000, ],
[2.0000, ],
[0.0000, ],
[8.0000, ],
[17.0000, ],
[0.0000, ],
[4.0000, ],
[8.0000, ],
[2.0000, ],
[7.0000, ],
[4.0000, ],
[0.0000, ],
[10.0000, ],
[8.0000, ],
[6.0000, ],
[3.0000, ],
[16.0000, ],
[13.0000, ],
[9.0000, ],
[2.0000, ],
[11.0000, ],
[7.0000, ],
[10.0000, ],
[3.0000, ],
[10.0000, ],
[3.0000, ],
[1.0000, ],
[0.0000, ],
[10.0000, ],
[11.0000, ],
[0.0000, ],
[6.0000, ],
[9.0000, ],
[12.0000, ],
[10.0000, ],
[0.0000, ],
[4.0000, ],
[5.0000, ],
[23.0000, ],
[4.0000, ],
[12.0000, ],
[0.0000, ],
[5.0000, ],
[11.0000, ],
[5.0000, ],
[8.0000, ],
[3.0000, ],
[6.0000, ],
[9.0000, ],
[11.0000, ],
[11.0000, ],
[12.0000, ],
[4.0000, ],
[4.0000, ],
[6.0000, ],
[3.0000, ],
[2.0000, ],
[7.0000, ],
[4.0000, ],
[4.0000, ],
[16.0000, ],
[3.0000, ],


