[ 4,  0, 14,  0,  0,  0,  0,  0,  0, 10,  0,  0,  0,  0,  0,  0,  0,  9,  0,  0,  0,  0,  0,  0, ],
[ 3,  0,  0,  0,  0,  0,  0,  0,  0,  0,  0,  0,  0,  0,  0,  0,  0,  0,  0,  0,  0,  0,  0,  0, ],
[ 0,  0,  0,  0,  0,  0,  0,  0,  0,  2,  0,  0,  0,  0,  0,  0, 13,  0,  2,  0,  0,  0,  0,  0, ],
[ 0,  0,  0,  0,  0,  0,  0,  0,  0,  0,  0, 12,  0,  0,  0, 10, 10,  0,  0,  0,  0,  0,  0,  0, ],
[ 4,  0,  0,  0,  0,  0,  0,  0,  0,  9,  0,  0,  0, 11,  7,  0,  0,  0,  0,  0,  0,  9,  6,  0, ],
[ 0,  0,  0,  0,  0,  0,  4,  0,  0,  0,  0,  0,  0,  0,  9,  0,  0,  7,  0,  0,  0,  0,  0,  7, ],
[ 0,  0,  0,  0,  0, 13, 13,  0,  0,  0,  0,  0,  1,  0,  0,  0,  0,  0,  0,  0,  0,  5,  0,  0, ],
[ 0,  0,  0,  0,  0,  0,  0,  0,  6,  0, 10,  0,  0,  0,  0,  0,  0,  0,  0,  0,  0,  0,  0,  0, ],
[ 0,  0,  0,  0,  0,  0,  0,  0,  0, 13,  0,  0,  0,  0,  0,  0,  0,  0,  0,  0,  0,  0, 14,  0, ],
[ 0,  0,  3,  4,  0,  0,  0,  0,  0,  0,  0,  0,  0,  0,  0,  0,  0,  0,  0,  0,  0,  7,  0,  0, ],
[ 0,  0,  0,  0,  0,  0,  0,  0,  0,  0,  0,  0,  0,  0,  0,  0,  0,  0,  0,  0,  0,  0,  0,  0, ],
[ 0,  0,  0,  0,  0,  0,  0,  0,  0,  0,  0,  0,  0, 14,  1, 13,  0,  0,  0,  0,  0,  0,  0,  0, ],
[ 0,  0,  4,  0,  0,  0,  0,  0, 12,  0,  0,  0,  0,  0,  0,  0,  0, 11,  8,  0,  0,  0,  0,  0, ],
[ 0,  8,  0, 13,  0,  8,  0,  0,  0,  0,  0,  0,  0,  0,  0,  0,  0,  0,  0,  0,  0,  0,  0,  0, ],
[ 0,  0,  0,  6,  0,  0,  0,  0,  0,  5,  0,  0,  0,  0,  0,  0,  0,  0,  0,  0,  0,  0,  0,  0, ],
[12,  0,  0,  0,  0,  0,  0,  0,  0,  0,  0,  0,  0,  0,  0,  0,  0,  0,  0,  0,  0,  0,  0,  0, ],
[ 0,  8,  0,  0,  0,  0,  0,  0,  0,  0,  0,  0,  7, 13,  0,  0, 14,  0,  0,  0,  0,  0,  0,  0, ],
[ 0,  0,  0,  0,  0,  0,  0,  0,  0,  0,  1,  6,  0,  0,  0,  0,  0,  0,  0,  0,  0,  0,  0,  0, ],
[ 0,  0,  0,  7,  0,  0, 13,  0,  0,  4,  0,  0,  0,  0,  0,  2,  0,  0,  0,  0,  0,  0,  0,  0, ],
[ 0,  0,  0,  0,  0,  0,  0,  0,  0,  0,  0,  0,  0,  0,  0,  0,  0,  0,  0,  0,  0,  0,  0,  0, ],
[ 0,  0,  0,  6,  0,  0,  0,  0,  0,  0,  0,  0,  0,  0,  0,  0,  0,  0,  0,  0,  0,  0,  0,  0, ],
[ 0,  0,  0,  0,  0, 12,  0,  0,  0,  0,  0,  0,  0,  0,  0,  0,  0,  2,  0,  0,  0,  0,  0,  0, ],
[ 0,  0,  0,  0,  0,  0,  0,  0, 10,  0,  0,  0,  0,  0,  0,  0,  0,  0,  0,  0,  0,  0,  0,  0, ],
[ 0,  0,  0,  0,  0,  0,  0,  0,  0,  0,  0, 14,  0,  0,  0,  0,  0,  0, 12,  0,  0,  0,  0,  0, ],
[ 0,  0,  0,  0,  0,  0,  0,  9,  8,  0,  0,  0,  0,  0,  0,  0,  0,  0,  0,  0,  0,  0,  0,  0, ],
[ 0,  0,  0,  0,  0,  0,  0,  0,  0,  0,  0,  0,  0,  0,  0,  0,  0,  0,  1,  6,  0,  0,  0,  0, ],
[ 0,  0,  0,  0,  0,  0,  8,  0,  0,  8,  0,  0,  0,  0,  0,  0,  0,  0,  0,  0,  0,  0,  0,  0, ],
[ 0,  0,  0,  0,  0,  0,  0,  0,  0,  0,  0,  0,  0,  0,  0,  0,  0,  0,  0,  0,  0,  0,  0,  0, ],
[ 0,  0,  0,  8,  0,  0,  0,  0, 13,  0,  0,  0,  0,  0,  0,  9,  0,  0,  0,  0,  0,  0,  0,  0, ],
[ 0,  0,  0,  0,  0,  0,  0,  0,  4,  0,  0,  0,  2,  0,  0,  0,  0,  0,  0,  7,  0,  0,  0,  0, ],
[ 0,  0,  1,  0,  0,  0,  0,  0,  0,  0,  0,  0,  0,  0,  0,  0, 11,  0,  3,  0,  0,  0,  0,  8, ],
[ 0,  0,  0,  0,  0,  0,  0,  0,  0,  8, 11,  0,  0,  0,  9,  0,  0,  0,  0,  0,  0,  0,  0,  0, ],
[ 0,  0,  0,  0,  0,  0,  0,  0,  0,  0,  0,  0,  0,  0,  0,  0,  0,  0,  0,  0,  0,  0,  0,  0, ],
[ 0,  0,  0,  0,  0,  0,  0,  5,  0,  0,  0,  0,  0,  0,  0,  0,  0,  0,  0,  0,  0,  0,  0,  0, ],
[ 0,  0,  0, 14,  0,  0,  0,  0,  0, 13,  0,  0,  0,  0,  0,  7,  0,  0,  0,  0,  0,  0,  0,  0, ],
[ 0,  0,  0,  0,  0,  0,  0,  0,  0,  0,  0,  0,  0,  0,  0, 11,  0,  5,  0,  0, 11,  0,  0,  6, ],
[ 0,  0,  0,  0,  0,  0,  0,  0,  0,  0,  0,  0,  0,  0,  0,  0,  0,  0,  0,  0,  0,  0,  0,  0, ],
[ 0,  0,  0,  0,  0,  0,  0,  0,  0,  0,  0,  0,  0,  0,  0, 11,  0,  0,  0,  0,  0,  0,  0,  0, ],
[ 0,  0,  0,  1,  0,  0,  0,  0,  0,  0,  0,  0, 13,  0,  0,  0,  0,  0,  0,  0,  9,  0,  0,  0, ],
[ 4,  0,  0,  0,  0,  0,  0,  0,  0,  0,  0,  0,  0,  0,  0,  0,  0,  0,  0,  0,  0,  0,  0,  0, ],
[ 0,  0,  0,  0,  0,  0,  0,  0,  0,  0,  0,  0,  0,  0,  0,  0,  4,  0,  0,  0,  0,  0,  0,  0, ],
[ 0,  0,  0,  0,  0,  0,  0,  0,  0, 10,  0, 10,  0,  0,  0,  0,  0,  0,  0,  0,  0,  0,  0,  0, ],
[12,  0,  0,  0,  0,  0,  0,  0,  0,  0,  0,  0,  0,  0,  0,  0,  0,  0,  0,  0,  0,  0,  0,  0, ],
[ 0,  0,  0,  0,  0,  0,  0,  0,  0,  0,  0,  0,  0,  0,  0,  0,  0,  0,  0,  0,  0,  0,  0,  0, ],
[ 8,  0,  0,  9,  0,  0,  0,  0,  0,  0,  0,  0,  0,  0,  0,  0,  0,  0,  7,  0,  0,  0,  0,  0, ],
[ 0,  0,  0,  0,  0,  0,  0,  0,  1,  0,  0,  0,  0,  0,  0,  0,  0,  4,  0,  0,  0,  0,  0,  0, ],
[ 0,  0,  0,  0,  0,  1,  0,  0,  0,  0,  0,  0,  0,  0,  0,  0,  0,  0,  2,  0,  0,  6,  0,  0, ],
[ 0,  0,  0,  0,  0,  0,  0,  0,  0,  0,  0,  0,  0,  0, 13,  0,  0, 10,  0,  0,  0,  0,  0,  0, ],
[ 0,  0,  0,  0,  0,  0,  3,  0,  0,  0,  0,  0,  0,  0,  0,  0,  7,  0,  0,  0,  0,  0,  0,  0, ],
[ 0,  0,  0,  0,  0,  0,  5,  0,  0,  0,  0,  1,  0,  0,  0,  0,  0,  0,  0,  0,  0,  0,  0,  0, ],
[ 0,  9,  0, 14,  0,  0,  0,  0,  0,  0,  0,  0,  0, 10,  0,  0,  0,  0,  0,  0,  0,  0,  0,  0, ],
[ 0,  0,  0,  0,  0,  0,  0,  0,  0,  0,  0,  0,  0,  0,  0,  0,  0,  3,  0,  0,  3,  0,  0,  0, ],
[ 0,  0,  0, 11,  0,  5,  0,  0, 11,  0,  0,  0,  0,  0,  0,  0,  4,  0,  0,  0,  0,  0,  0,  0, ],
[ 0,  0,  0,  0,  0,  0,  0,  0,  0,  0,  0,  0,  0,  0,  0,  4,  8,  0,  0,  0,  0,  0,  0,  0, ],
[ 5,  0,  0,  0,  0,  0,  0,  0,  0,  0,  0,  0,  0,  0,  0,  0,  9,  0,  0,  0,  0, 14,  0, 10, ],
[ 0,  0,  0,  0,  0,  0,  0,  0, 12,  0,  3,  0, 10,  0,  0,  0,  0,  0, 12,  0,  0,  0, 12,  0, ],
[ 0,  0,  0, 11,  0, 14,  0,  0,  0,  0,  0,  2,  0,  0,  0,  0,  0,  0,  9,  0,  0,  0,  0,  0, ],
[ 0,  0,  0,  0,  0,  0,  0,  0,  1,  0,  0,  0,  0,  0,  0,  0,  0,  0,  0,  0,  0,  0,  0,  0, ],
[ 0,  0,  0,  0,  0,  0,  0,  0,  0,  7,  0,  0,  8,  0,  0,  0,  3,  0,  0,  0,  0,  0,  0,  0, ],
[ 0,  0,  0,  0,  0,  0,  0,  0, 13,  0,  0,  0,  0,  0,  0,  0,  0,  0,  0,  0,  0,  0, 11,  0, ],
[12,  0,  0, 14,  0,  0,  0,  0,  0,  0,  0,  0,  0, 11,  0,  0,  0,  4,  0,  8,  0,  0,  0,  0, ],
[ 0,  0,  0,  0,  0,  0,  0,  0,  0,  0,  0,  0,  0,  0,  0,  0, 12,  0,  0,  0,  0,  0,  0,  0, ],
[ 0,  0,  0,  0,  4,  0,  0, 11,  0,  0,  0,  0,  0,  0,  0,  0, 14, 14,  0,  0,  0,  0,  0,  0, ],
[ 0,  0,  0,  0,  0,  0,  0,  0,  0,  0,  4,  0,  0, 14,  0,  0,  0,  0,  0,  0,  0, 11,  0,  0, ],
[ 0,  9,  0,  0,  0,  0,  0,  0,  0,  0,  0,  0,  0,  0,  0,  0,  0,  0,  0,  0, 14,  0,  0,  0, ],
[ 0,  0,  0,  0,  0,  0,  0,  8,  0,  0,  0,  0,  0,  0,  0,  0,  0,  0,  0,  0,  0,  0,  0,  0, ],
[ 0,  0,  0,  0,  0,  0,  0,  0,  0,  0,  0,  0,  0,  0,  0,  0,  0,  0,  0,  0,  7,  0,  3, 13, ],
[ 0,  0,  0,  0,  0,  0,  0,  0,  2,  0,  0,  0,  0,  0,  0,  8,  0,  0,  0,  0,  0,  0,  0,  0, ],
[ 0, 13, 10,  0,  0,  0, 10, 10,  0,  0,  0,  0,  0,  0,  0,  0,  0,  0,  0, 12,  0,  0,  0,  0, ],
[ 0,  0,  5,  0,  0,  0,  0,  0,  0,  0,  0,  0,  8,  0,  8,  0,  0,  5,  0,  0,  0,  0,  0,  0, ],
[ 0,  0,  0,  0, 11,  0,  0,  0,  0,  0,  0,  0,  0,  0,  0, 11,  0,  0, 11,  0,  0,  0,  0,  0, ],
[ 0, 11, 10,  0,  0,  0,  0,  0,  0,  0,  0,  0,  0,  0,  0,  8,  0,  0,  0,  0,  0,  0,  0,  0, ],
[ 0,  0,  0, 12,  1,  0,  0,  0,  0,  0,  0,  0,  0,  0,  0,  0,  0,  0,  0,  0,  0,  0,  2,  0, ],
[ 0,  0,  0,  0,  0,  0, 11,  0,  0,  0,  0,  0,  0,  0,  0,  0,  6,  0,  0,  0,  9,  0,  4,  0, ],
[ 0,  7,  0,  0,  0,  0,  0,  0,  0,  0,  0,  0,  0,  0,  0,  7,  0,  0,  0,  0,  0,  0,  0,  0, ],
[ 0,  2,  0,  0,  0, 12,  0,  0,  0,  0,  0,  2,  0,  7,  0,  0,  0,  0,  0,  0,  0,  0,  0,  0, ],
[ 0, 14,  0,  0,  0,  0,  0,  0,  0,  8, 13,  0,  0,  6,  0,  0, 13,  0,  0,  0,  0,  0,  0,  0, ],
[ 5,  2,  0,  0,  0,  0,  0,  0,  0,  0,  4,  0,  0,  0,  0,  0,  0,  0,  0,  0,  0,  0,  0,  0, ],
[ 0,  0,  0,  0,  0,  7,  0,  0,  0,  0,  0,  0,  0,  0,  0,  0,  8,  0,  0,  0,  0,  0,  4,  0, ],
[ 0,  0,  0,  6,  0,  0,  0,  0,  0,  0,  0,  0,  0,  0,  0,  0,  1,  0,  0,  5,  0,  0,  0,  0, ],
[ 0,  0,  0,  0,  0,  0,  0,  0,  0,  0,  0,  0,  0,  0,  1,  0,  0,  0,  0,  0,  0,  0,  0,  0, ],
[ 0,  9,  4,  0,  0, 14,  0,  0,  0,  0,  0,  0,  0,  0,  0, 10,  0,  0,  0,  0,  0,  0,  0,  6, ],
[ 0,  0,  0,  0,  0,  9,  0, 11,  0,  0,  0,  0,  0,  0,  0,  1,  0,  0,  0,  0,  0,  0,  0,  0, ],
[10,  0,  9, 10,  0,  0,  0,  0,  0,  0,  0,  0,  0,  0,  0,  0,  0,  0,  3,  0,  0,  0,  0,  0, ],
[ 0,  0,  0,  0,  0,  0,  0,  4,  0, 10,  0,  0,  0,  0,  0,  0,  0,  0,  0,  0,  0,  0,  0,  0, ],
[ 0,  0,  0, 13,  0,  0,  0,  0,  0,  0,  0,  0,  0,  0, 14,  0,  0,  0,  0,  0,  0,  0,  0,  0, ],
[ 0,  0,  0,  0,  0,  0,  0,  0,  0,  0,  0,  0,  0,  0,  0,  0,  0,  1,  0,  0,  0,  0,  0,  3, ],
[12,  0,  0,  0,  0,  0,  0,  0,  0,  0,  0,  0,  0, 12,  2,  9,  0,  0,  0,  0,  7, 13,  0,  0, ],
[ 0,  0,  0,  0,  0,  0,  1,  0,  0,  0,  0,  0,  0, 12,  0,  9,  0,  0,  0,  0,  0,  0,  0,  0, ],
[ 0,  0, 11,  0,  0,  0,  0,  0,  0,  0,  0,  0,  0,  0,  0,  0,  0,  0,  0,  0, 13,  0,  0,  0, ],
[ 0,  0,  6,  0,  0,  0,  0,  0,  0,  0,  0,  0,  0,  0,  0, 11,  0,  0,  0,  0,  0,  0,  0,  0, ],
[ 0,  0,  0,  0,  0,  0,  0,  0,  0,  0,  0,  0,  0,  0,  0,  0,  0,  0,  0,  0,  0,  0,  0,  0, ],
[ 0,  0,  0,  0,  0,  0,  0,  0,  0,  0,  0,  0,  0,  0,  0,  0,  8,  0,  0,  0,  0,  0,  0,  0, ],
[ 0,  0,  0,  0,  0, 13,  0,  7,  0,  0,  0,  0,  0,  0,  0,  0,  0,  0,  0,  0,  0,  0,  0,  0, ],
[ 0,  0,  0,  0,  0,  0,  0,  0,  7,  0,  0,  0,  0,  0,  0,  0,  0,  0,  0,  0,  0,  0,  0,  0, ],
[ 0,  0,  0,  0,  0,  0, 13,  0,  0, 14,  0,  0,  0, 12,  0,  0,  0,  0,  0,  0,  0,  0,  0,  0, ],
[ 0,  0,  0,  0,  0,  0,  0,  0,  0,  0,  0,  0,  0,  0,  0,  0,  0,  0,  0,  0,  0,  0,  0,  0, ],
[ 0,  0,  0,  0,  0,  0,  9,  0,  0,  0,  0,  0,  0,  0,  0,  0,  0,  0,  0,  0,  0,  0,  0,  0, ],
[ 0,  0,  1,  0,  0,  0,  0,  0,  9,  0, 12,  0,  0,  0,  0,  0,  0,  0,  0,  0,  0,  0,  0,  0, ],
[ 0,  0,  0,  0,  0,  0,  0,  0,  0,  0,  0,  3,  0,  0,  0,  0,  0,  0,  0,  0,  0,  9,  0,  0, ],


[0.9334, -0.9825, ],
[-0.0353, -0.3868, ],
[-0.1600, -0.3305, ],
[0.0279, -0.0038, ],
[0.9667, 1.0000, ],
[0.5352, -0.0100, ],
[-0.7457, 0.3886, ],
[0.1491, 0.3203, ],
[-0.2458, -0.6367, ],
[-0.3418, 0.3672, ],
[0.5769, -0.2301, ],
[-0.0702, -0.4763, ],
[-0.5891, -0.7566, ],
[0.3960, 0.1548, ],
[0.6143, 0.5290, ],
[-0.5676, -0.1154, ],
[-0.2006, -0.5341, ],
[-0.3073, 0.8329, ],
[0.4370, -0.0547, ],
[-0.1299, -0.8517, ],
[0.6977, 0.1211, ],
[0.2961, -0.5770, ],
[0.6455, -0.1139, ],
[0.9756, -0.1842, ],
[0.7690, 0.0967, ],
[0.0632, -0.0819, ],
[-1.0000, -0.4217, ],
[0.1396, -0.4795, ],
[0.6849, 0.2793, ],
[-0.5300, -0.5838, ],
[-0.7129, -0.3692, ],
[0.0430, 0.5381, ],
[0.6718, -0.2752, ],
[0.3628, 0.8346, ],
[0.0655, 0.1560, ],
[-0.6984, 0.1971, ],
[0.5469, -0.2111, ],
[0.5350, -0.3138, ],
[0.9172, 0.9702, ],
[0.8271, 0.6190, ],
[0.5101, -0.8248, ],
[0.0524, 0.3161, ],
[0.3320, -0.4013, ],
[0.2686, -0.8318, ],
[0.8382, -0.2164, ],
[0.0043, 0.7391, ],
[0.1799, -0.2889, ],
[-0.5838, -0.1406, ],
[-0.1486, -0.6441, ],
[0.7624, 0.8791, ],
[0.4294, -0.0024, ],
[0.4587, -0.4912, ],
[0.1836, -0.7894, ],
[-0.4385, -0.5696, ],
[-0.3224, 0.3399, ],
[0.7355, -0.4394, ],
[0.5125, -0.0177, ],
[-0.9179, 0.0719, ],
[-0.6714, 0.3618, ],
[0.2624, -0.4634, ],
[0.6472, 0.1864, ],
[-0.7467, 0.2344, ],
[-0.6715, 0.2063, ],
[0.4357, 0.0277, ],
[1.0000, 0.0141, ],
[-0.1536, 0.5584, ],
[0.2930, 0.3581, ],
[0.3649, -0.7539, ],
[0.3232, 0.2234, ],
[0.7419, -0.0616, ],
[0.8686, 0.4810, ],
[0.3286, 0.2872, ],
[-0.4465, 0.1300, ],
[-0.2030, -0.3530, ],
[-0.6199, 0.6899, ],
[-1.0000, -0.2597, ],
[0.8727, -0.3522, ],
[1.0000, -0.1434, ],
[0.4080, 0.1335, ],
[-0.2525, -0.2558, ],
[-0.3575, -0.9138, ],
[-0.0929, 0.4983, ],
[-1.0000, 0.9234, ],
[-0.1479, 0.5141, ],
[-0.1465, 0.1552, ],
[-0.3286, -0.4471, ],
[0.2899, 0.4968, ],
[0.6914, 0.4965, ],
[-0.1857, -0.6102, ],
[0.4963, -0.7751, ],
[-0.4619, -0.1320, ],
[-0.0581, 0.9150, ],
[0.0519, -0.4812, ],
[0.3581, 0.0548, ],
[-0.2064, -0.9472, ],
[-0.6353, -0.2243, ],
[-0.6640, 0.0358, ],
[0.6113, -0.5417, ],
[0.6302, 0.4039, ],
[0.2752, 0.8196, ],


[13.0000, ],
[2.0000, ],
[6.0000, ],
[12.0000, ],
[18.0000, ],
[11.0000, ],
[11.0000, ],
[7.0000, ],
[8.0000, ],
[7.0000, ],
[0.0000, ],
[9.0000, ],
[13.0000, ],
[10.0000, ],
[5.0000, ],
[4.0000, ],
[14.0000, ],
[4.0000, ],
[10.0000, ],
[0.0000, ],
[3.0000, ],
[5.0000, ],
[4.0000, ],
[8.0000, ],
[6.0000, ],
[4.0000, ],
[6.0000, ],
[0.0000, ],
[10.0000, ],
[6.0000, ],
[10.0000, ],
[10.0000, ],
[0.0000, ],
[2.0000, ],
[11.0000, ],
[13.0000, ],
[0.0000, ],
[4.0000, ],
[8.0000, ],
[2.0000, ],
[2.0000, ],
[8.0000, ],
[4.0000, ],
[0.0000, ],
[9.0000, ],
[3.0000, ],
[5.0000, ],
[8.0000, ],
[5.0000, ],
[3.0000, ],
[11.0000, ],
[4.0000, ],
[12.0000, ],
[5.0000, ],
[13.0000, ],
[18.0000, ],
[12.0000, ],
[1.0000, ],
[8.0000, ],
[8.0000, ],
[17.0000, ],
[4.0000, ],
[14.0000, ],
[10.0000, ],
[7.0000, ],
[3.0000, ],
[9.0000, ],
[4.0000, ],
[20.0000, ],
[10.0000, ],
[12.0000, ],
[11.0000, ],
[6.0000, ],
[12.0000, ],
[6.0000, ],
[9.0000, ],
[18.0000, ],
[5.0000, ],
[8.0000, ],
[6.0000, ],
[1.0000, ],
[16.0000, ],
[8.0000, ],
[13.0000, ],
[6.0000, ],
[8.0000, ],
[3.0000, ],
[19.0000, ],
[8.0000, ],
[8.0000, ],
[7.0000, ],
[0.0000, ],
[3.0000, ],
[7.0000, ],
[3.0000, ],
[12.0000, ],
[0.0000, ],
[3.0000, ],
[8.0000, ],
[5.0000, ],


