[ 0,  0,  0,  0,  0,  0,  0,  0,  0,  0,  0,  0,  0,  0,  0,  0,  0,  9,  0,  0,  5,  0,  0,  0, ],
[ 0,  0,  0,  0,  0,  0,  0,  0,  0,  0,  0,  0,  0,  0,  0,  0,  0,  3,  0,  0,  0,  0,  0,  0, ],
[ 0,  0,  0,  0,  0,  0,  9,  0,  0,  0,  0, 12,  0,  8,  0,  0,  0,  0,  0,  0,  0,  2,  0,  0, ],
[ 3,  0,  0,  8,  0,  0,  0,  0,  0,  0,  0,  0,  0,  0,  0,  0,  0,  0,  0,  0,  0,  0,  0,  0, ],
[ 0,  0, 13,  0,  0,  0,  0,  0,  0,  9,  0,  0,  0,  0,  0,  0,  0,  0, 14,  0,  0,  0,  0,  0, ],
[ 0,  0,  0,  0,  0,  0,  0,  0,  0,  0,  0,  0,  8,  0,  9,  0,  0,  0,  0,  0,  0,  0,  0,  0, ],
[ 0,  0,  7,  0,  0,  0,  0,  0,  0,  0, 11,  0,  0,  2,  2,  4,  0,  0,  0,  0,  0,  0,  0,  0, ],
[ 0,  0,  0,  0,  0,  0,  0,  0,  6,  0, 10,  0,  0,  0,  0,  0,  0,  0,  0,  0,  0,  0,  0,  0, ],
[ 0,  0,  0,  0,  0,  0,  0,  0,  0, 13,  0,  0,  0,  0,  0,  0,  0,  0,  0,  0,  0,  0, 14,  0, ],
[ 0,  0,  0,  0,  0,  0,  0,  0,  0,  0,  0,  0,  9,  0,  0,  0,  0,  9,  0,  0,  0,  0,  0,  0, ],
[ 0,  0,  0,  0,  0,  0,  0,  0,  5,  0,  0,  0,  1,  0,  6,  0,  0,  0,  3,  5,  0,  0, 13,  0, ],
[ 0,  8,  0,  0,  0,  0,  0,  0,  0,  0,  0,  0,  0,  0,  5,  0,  0,  0,  0, 14,  0,  0,  0,  0, ],
[ 0,  0,  0,  0,  0,  0,  0,  0,  1,  0,  0,  0,  0,  0,  0,  0,  0,  0,  0,  0,  0,  0,  0,  0, ],
[ 0,  0,  0,  0,  2,  0,  0,  0,  0,  0,  0,  0,  0,  9,  0,  0,  0,  0,  4,  0,  0,  0,  0,  0, ],
[ 0,  0,  0,  0,  0,  0,  0,  0,  0, 14,  0,  0,  0,  0,  0,  0,  0,  0,  0,  0,  0,  0,  0,  0, ],
[ 0,  0,  0,  0,  0,  0,  0,  0,  0,  0,  0,  0,  0,  0,  0,  0, 12,  0,  0,  0,  0,  0,  0,  0, ],
[ 0,  0,  0,  0,  0,  0,  0,  0,  0,  0,  0,  0,  7,  0,  2,  0,  0,  0,  0,  5,  0,  0,  0,  0, ],
[ 0,  0,  0,  0,  0,  0,  0,  0,  0,  0,  0,  6,  0,  0,  0,  0,  0,  0,  0,  0,  0,  0,  0,  0, ],
[ 0, 11,  0,  0,  0,  0,  0,  0,  0,  0,  2,  0,  0,  0,  0,  0,  0,  0,  0,  0,  0,  0, 10,  0, ],
[ 0,  0,  0,  0,  0,  0,  0,  0,  0,  0,  0,  0,  0,  0,  0,  0,  0,  0,  0,  0,  0,  0,  0,  0, ],
[ 0,  0,  0,  0,  0, 14,  0,  0,  0,  0,  0,  0,  0,  0,  0,  0,  0,  0,  0,  0,  0,  0,  0,  9, ],
[ 0,  0,  0,  0,  0,  0,  0, 10,  0,  0,  0,  0,  0,  0,  0,  0,  0,  3,  0,  0,  0,  4,  0,  0, ],
[ 0,  0,  0,  0,  0,  0,  0,  0, 10,  0,  0,  0,  0,  0,  0,  0,  0,  0,  0,  0,  0,  0,  0,  0, ],
[ 0, 13,  0,  0,  0,  0,  0,  0,  0,  0,  0, 13,  0,  0,  0,  0,  0,  0,  0,  0,  0,  0,  0, 13, ],
[ 0,  0,  0,  0,  0,  0,  0,  0,  0,  0,  0, 14,  0,  0,  0,  0,  0,  0,  0,  0,  0,  0,  0,  0, ],
[ 0,  0,  0,  0,  0,  0,  0,  0,  0,  0,  0,  0,  0,  0,  0,  0,  0,  0,  0,  0,  0,  0,  0,  0, ],
[ 0,  0,  0,  0,  0,  0,  0,  0,  0, 13,  1,  0,  0,  8,  1,  0,  0,  0,  0,  0,  0,  0,  0,  0, ],
[ 0,  0,  7,  0,  0,  0,  0,  0,  0,  0,  0,  0,  0,  0,  0,  0,  0,  0,  0,  0,  0,  0,  0,  0, ],
[ 0,  0,  0,  0,  0,  0,  0,  0,  0,  0,  0,  0,  0,  0,  0,  0,  0,  0,  0,  0,  0,  0,  0,  0, ],
[ 0,  0,  0,  0,  0,  0,  0,  0,  0,  0,  0,  0,  0,  0, 14,  0,  0,  0,  0,  0,  0,  0,  0,  0, ],
[ 0,  0,  4,  0,  0,  0,  0,  0,  0,  0,  2,  0,  0,  0,  0,  0,  5,  0,  0,  0,  5,  0,  0, 12, ],
[ 0,  0,  0,  0, 10,  5,  0,  0,  0,  0,  0,  0,  0,  0,  0,  0,  0,  0,  0,  0,  0,  0,  0,  0, ],
[ 0,  8,  0,  0,  0,  0,  0,  0,  0,  0,  0,  0,  0,  0,  0,  0,  0,  0,  0, 14,  0,  0,  0,  0, ],
[ 0,  0,  0,  0,  6,  0,  0,  5,  0,  0,  0,  0,  0,  0,  0,  0,  0,  0,  0,  0,  0,  0,  0,  0, ],
[ 0,  0,  0,  0,  0,  0,  0,  0,  0,  0,  0,  0,  0,  0,  0,  0,  0,  0,  0,  0,  0,  0,  8,  0, ],
[ 0,  0,  0,  9,  0,  0,  4,  0,  0,  0,  0,  0,  0,  0,  0,  0,  0,  0,  0,  0, 13,  0,  0,  0, ],
[ 0,  0,  0, 13,  0,  0,  0,  0,  0,  0, 14,  0,  0,  0,  7, 13,  0,  0,  0,  0,  0,  7,  0,  0, ],
[ 0,  0,  0,  0,  0,  0,  0,  0,  0,  0,  0,  5,  0,  0,  0, 11,  0,  0,  0,  0,  0,  0,  0,  4, ],
[ 0,  0,  0,  0,  0,  0,  9,  0,  6,  1,  0,  0,  0,  0,  0,  1,  0,  0,  0,  0,  9,  0,  0,  0, ],
[ 0,  0,  0,  0,  0,  8,  0,  0,  3,  0,  0,  0,  0,  0,  0,  0,  0,  0,  0,  0,  0,  0,  0,  0, ],
[ 0,  0,  0,  0,  0,  0,  5,  0,  0,  0,  0,  0,  0,  0,  0,  5,  4,  5,  0,  0,  0,  0,  0,  0, ],
[ 0,  0,  0,  0,  0,  0,  0,  0,  0, 10,  0, 10,  0,  0,  0,  0,  0,  0,  0,  0,  0,  0,  0,  0, ],
[ 0,  0,  0, 11,  0,  0,  4,  0,  0,  0, 13,  7,  0, 10,  0,  0,  0,  0,  0,  0,  0,  0,  0,  0, ],
[ 0, 13,  0,  0,  0,  0,  0,  0,  0, 12,  0,  0,  0,  0,  0,  0,  0,  0,  0,  0,  9,  0,  0,  0, ],
[ 0,  0,  0,  0,  0,  0,  0,  0, 13,  6,  0,  0, 10,  0,  0,  0,  2,  0,  0,  0,  0,  0,  0,  0, ],
[ 0,  0,  0,  0,  0,  0,  0,  0,  0,  0,  0,  0,  0,  0,  0, 10,  0,  0,  0,  0,  0,  0,  0,  0, ],
[ 0,  9,  0,  0,  0,  1,  0,  0,  5,  0,  0,  0,  5,  0, 11,  0,  0,  0,  0,  0,  0,  0,  0,  0, ],
[ 0,  0,  0,  0,  0,  0,  0,  0,  0,  5,  0,  0,  0,  0,  4,  0,  8, 10,  0,  6,  0,  0,  0,  0, ],
[ 0,  0,  8,  5,  0,  0,  0,  0,  0,  0,  0,  0,  0, 10,  0,  0,  0,  0,  0,  0,  0,  0,  0,  0, ],
[ 0, 11,  0,  0,  0,  0,  5,  0,  0,  0,  0,  1,  0,  0,  0,  0,  0,  0,  0,  0,  0,  0,  0,  0, ],
[ 0,  9,  0, 13,  0,  0,  0,  0,  0,  0,  0,  0,  0,  0,  0,  0,  0,  0, 11,  0,  0,  0,  0,  0, ],
[12,  0,  0,  0,  0,  0,  0,  0,  0,  0,  0,  0,  0,  0,  0,  0,  0,  0,  0,  0,  0,  0,  0,  0, ],
[ 0,  0,  0,  0,  0,  0,  0,  0,  0,  0,  0,  0,  0,  0,  0,  0,  0,  0,  0,  0,  0,  0,  0,  0, ],
[ 0,  0,  3,  0,  0,  0,  0,  1,  0,  0,  0,  0, 14,  5,  0,  0,  8,  0,  0,  0,  0,  0,  0,  0, ],
[ 0,  0,  0,  0,  0,  0,  0,  0,  0,  0,  0,  0,  0,  0,  2,  0,  0,  0,  0,  0,  0,  0,  0,  3, ],
[ 0,  0,  0,  0,  0,  0,  0,  0,  0,  0,  0,  0,  0,  0,  0,  0,  0,  0,  0,  0,  0,  5,  0,  0, ],
[ 0,  7,  0, 11,  0,  0,  0,  0, 10,  0,  0,  2,  0,  0,  0,  0,  0,  0,  7,  0,  0,  0,  0,  0, ],
[ 0,  0, 14,  5,  0,  0,  0,  0,  0,  0,  0,  0,  0,  5,  0,  7,  8,  0,  0,  0,  0,  0,  0,  0, ],
[ 0,  0,  0,  0,  0,  0,  0,  0,  8,  0,  0,  0,  0,  0,  0,  0, 14,  0,  0,  0,  0,  0,  0,  0, ],
[ 3,  0,  2,  0,  0,  0,  0,  0,  0,  0,  0,  0,  0,  0,  0,  9,  0,  0,  0,  6,  0,  0,  0,  0, ],
[ 0,  0,  0, 14,  0,  0,  0,  0,  0,  0,  0,  0, 13,  0,  0,  0,  6,  9,  0,  0,  0,  0,  0,  0, ],
[ 0,  0,  0,  0,  0,  0,  0,  0,  0,  0,  0,  0,  0,  0,  0,  0,  0,  0,  0,  0,  0,  0,  0,  0, ],
[ 0,  4,  0,  0, 14,  0,  0, 11,  0,  9,  0,  0,  0,  0,  0,  0,  0,  0,  0,  0,  0,  0, 10,  0, ],
[ 0,  0,  0,  0,  0,  0,  0,  0,  0,  0,  0,  0,  0,  0,  0,  0,  0,  0,  0,  0, 12,  0,  0,  5, ],
[ 0,  9,  0,  0,  5,  7,  0,  0,  0,  0,  0,  0,  0,  0,  0,  0,  0,  0,  0,  0,  0,  4,  0,  0, ],
[ 0,  0,  0,  0,  0,  4,  0,  0,  7,  0,  7,  0,  0,  0,  6,  0,  0,  0, 12,  0,  0,  0,  0,  0, ],
[ 0,  0,  0,  0,  0,  0,  0,  0,  6,  0,  0,  0,  0,  0,  0, 14,  4,  0,  0,  0,  0,  0,  0,  0, ],
[ 0,  0,  0,  0,  0,  0,  0,  0,  2,  0,  0,  0,  0,  0,  0,  0,  0,  0,  0,  0, 13,  0,  0,  2, ],
[ 0,  0,  0,  0,  0,  0,  0,  0,  7,  0,  0,  0,  0,  0,  0,  0,  0,  0,  0,  0,  0,  0,  0,  0, ],
[ 0,  0,  5,  0,  0,  0,  0,  0,  0,  0,  0,  0,  0,  0,  0,  0,  0,  0,  0,  0,  0,  8,  0,  0, ],
[ 0,  0,  0,  0, 12,  0,  0,  0, 13,  0,  0,  0,  0,  0,  0,  0,  0,  0,  0,  0,  0,  0,  0,  0, ],
[ 0, 10,  0,  0,  0,  0,  0,  0,  0,  0,  0,  7,  0,  0,  0,  8,  0,  0,  0,  0,  0,  0,  0,  0, ],
[ 0,  0,  0,  0,  0,  0,  0,  0,  0,  0,  0,  0,  0,  0,  0,  0,  0,  0, 13, 11,  0,  0,  0,  6, ],
[ 0,  0,  0,  0,  0,  0,  0,  0,  0,  0,  0,  0,  0,  0,  0,  0,  0,  0,  0,  0,  0,  0,  0,  0, ],
[ 0,  0,  0,  0,  0,  0,  0, 12,  0,  6,  0,  0,  0,  0,  0,  7,  3,  0,  0,  0,  0,  0,  0,  0, ],
[ 0,  0,  0,  0,  0,  0, 10,  0,  0,  0,  0,  0,  0,  7, 10,  0,  0,  0,  0,  0,  0,  0,  0,  5, ],
[ 0,  0,  0,  0,  0,  0,  0,  0,  0,  0,  0,  0,  0,  0,  0,  0,  0,  0,  0,  0,  0,  0,  0,  0, ],
[ 0,  0,  0,  0,  0,  0,  0,  0,  0, 13,  0,  0,  0,  0,  0,  0,  0,  0,  0,  0,  0,  0,  0,  0, ],
[ 0,  0,  0,  0,  0,  0,  0,  0,  0,  0,  0,  0,  0,  0,  7,  0,  0,  0,  0,  0,  0,  0,  0,  0, ],
[ 0,  0,  0,  0,  0,  0,  0,  0,  0,  0,  0,  0,  0,  0,  0,  0,  0,  0,  0,  0,  0,  0,  0,  0, ],
[ 0,  0,  0,  0,  0,  0,  0,  0,  0,  0,  0,  0,  0,  0,  0,  2,  0,  0,  0,  0,  0,  0,  0,  0, ],
[ 0,  0,  0,  0,  0,  0,  0,  0,  0,  0,  0,  0,  5,  0,  0, 10,  0,  0,  0,  0,  0,  0,  0,  0, ],
[ 0,  0,  0,  0,  0,  0,  0, 11,  0,  0,  0,  0,  0,  0, 11,  1,  0,  0, 14,  0,  0,  0,  0,  0, ],
[ 6,  0,  0,  0,  0,  0,  0,  0,  0,  0,  0,  2,  0,  0,  0,  0,  0,  0,  0,  0,  0,  0,  0,  0, ],
[ 0,  0,  0,  0,  0,  0,  0,  0,  0,  0,  0,  0,  0,  0, 10,  0,  0,  0,  0,  0,  0,  0,  0,  0, ],
[ 0,  0,  0,  0,  0,  0, 13,  0,  0,  0,  0,  0,  0,  0,  0,  1,  0,  0,  0,  0,  0,  0,  0,  0, ],
[ 0,  0,  0,  0,  1,  0,  0,  0,  0,  0,  0,  0,  0,  0,  0,  0,  0,  0,  0,  0,  0,  0,  0,  3, ],
[ 0,  0,  0,  0,  0,  0,  0,  0,  0,  0,  0,  2,  0,  0,  5,  0,  0,  0,  0,  0,  0, 12,  0,  0, ],
[ 0,  8,  0,  0, 11,  0,  1,  0,  0,  0,  0,  3,  0,  0,  0,  0,  0,  0,  0,  0,  0,  0,  0,  0, ],
[ 0,  0,  0,  0,  7,  0,  0,  0,  0,  0,  0,  0,  0,  0,  0,  0,  0,  0,  0,  0,  0,  0,  5,  0, ],
[ 0,  0,  0,  0,  0,  0,  0,  0,  0,  0,  0,  0,  0,  0,  0,  0,  0,  0,  0,  0,  0,  0,  0,  0, ],
[ 0,  0,  0,  0,  0,  2,  0,  0,  0,  0,  0,  0,  0,  0,  0,  0,  0,  0,  0,  3,  0,  0,  2,  0, ],
[ 3,  0, 13,  0,  0,  0,  0,  0,  0,  0,  0,  0, 13,  0,  0,  0,  9,  0,  0,  0,  0,  0,  0,  0, ],
[ 0,  0,  0,  0,  0,  0,  8,  0,  0,  0,  9,  0,  0,  0,  0,  0,  0,  0,  0,  0,  0,  0,  0,  0, ],
[ 0,  0,  0,  0,  0,  0,  0,  0,  0,  0,  0,  0,  0,  0,  0,  0,  2,  0,  0,  0,  0,  0,  0,  0, ],
[ 0,  5,  0,  0,  0,  0,  0,  0,  0,  0,  0,  0,  0,  0,  0,  0,  0,  0,  0,  0,  0,  0,  8,  0, ],
[ 0,  0,  0,  0,  0,  0,  0,  0,  0,  0,  0,  0, 14,  0,  0,  0,  0,  0,  0,  0,  0,  0,  0,  0, ],
[14, 12,  0, 13,  0,  0,  0,  0,  0,  0,  0,  0,  0,  0,  0,  0,  0,  0,  0,  0,  0,  0,  0,  0, ],
[ 0,  0,  0, 10,  0,  0,  0,  0,  0,  0, 13,  0,  0,  0,  0,  0,  0,  0,  0,  0,  0,  0,  0,  0, ],
[ 0,  0, 12,  0,  0,  0,  0,  0,  0,  0,  0,  0,  0,  0,  0,  0,  0,  0,  0,  0,  0,  0,  0,  0, ],


[1.0000, -0.1989, ],
[-0.0289, -0.4792, ],
[0.1339, -0.4578, ],
[-0.1020, 0.0413, ],
[0.8679, 0.9304, ],
[0.4319, -0.2573, ],
[-0.5592, 0.3730, ],
[0.1491, 0.3209, ],
[-0.1698, 0.3737, ],
[-0.3446, 0.2418, ],
[-0.7752, -0.2853, ],
[-0.2429, -0.3023, ],
[0.3846, -0.7918, ],
[0.6843, 0.2255, ],
[0.5748, 0.5290, ],
[-0.6361, -0.1375, ],
[0.0685, -0.5363, ],
[-0.0442, 0.8433, ],
[0.5625, -0.2798, ],
[0.5284, -0.8587, ],
[0.9830, 0.1676, ],
[0.4350, -0.1950, ],
[0.6455, -0.1775, ],
[0.9756, -0.1321, ],
[0.8075, -0.0558, ],
[0.2180, -0.0819, ],
[-0.7919, -0.4214, ],
[0.1453, -0.4283, ],
[0.5670, 0.1434, ],
[-0.2167, -0.7206, ],
[-0.5565, -0.3692, ],
[-0.0150, 0.5733, ],
[-0.9925, -0.4020, ],
[0.5316, 0.8913, ],
[0.0745, -0.2867, ],
[0.0334, 0.1206, ],
[0.5075, 0.1238, ],
[0.4975, -0.1635, ],
[1.0000, 1.0000, ],
[0.8976, 0.4709, ],
[0.5101, -0.9507, ],
[0.0371, 0.2151, ],
[0.2170, 0.5424, ],
[0.3531, -0.7539, ],
[0.7890, -0.2164, ],
[0.2136, 1.0000, ],
[0.2130, -0.2889, ],
[-0.5838, -0.6199, ],
[-0.0979, -0.7321, ],
[0.7624, 1.0000, ],
[0.5556, -0.1825, ],
[0.0885, 0.2254, ],
[0.1344, -0.7032, ],
[0.0581, -0.6174, ],
[-0.4028, 0.6585, ],
[0.4499, -0.2885, ],
[0.6523, -0.0177, ],
[-0.8871, 0.1186, ],
[-0.6997, 0.4732, ],
[0.3344, -0.6036, ],
[0.4605, 0.1862, ],
[-0.5620, 0.2344, ],
[-0.6715, 0.0283, ],
[0.4357, 0.1624, ],
[1.0000, 0.0141, ],
[0.0094, -0.8109, ],
[0.2899, 0.3581, ],
[0.3649, -0.8506, ],
[0.3947, 0.1052, ],
[0.9959, -0.0283, ],
[0.9327, 0.6852, ],
[0.4116, 0.2559, ],
[-0.2654, 0.3598, ],
[-0.2030, -0.3212, ],
[-0.7947, 0.6679, ],
[-1.0000, -0.4151, ],
[1.0000, 0.3894, ],
[1.0000, 0.9585, ],
[-0.2345, 0.2134, ],
[1.0000, -0.7088, ],
[-0.3623, -1.0000, ],
[0.0173, 0.6455, ],
[-0.7971, 0.9696, ],
[-0.1785, 0.6862, ],
[-0.2855, 0.1552, ],
[-0.4304, -0.3963, ],
[0.0979, 0.4912, ],
[0.8885, 0.4965, ],
[-0.3513, -0.7104, ],
[0.4963, -0.1680, ],
[-0.4157, -0.1375, ],
[0.0780, 0.8341, ],
[0.0519, 0.6049, ],
[0.3603, 0.1497, ],
[-0.1560, -0.9472, ],
[-0.3975, 0.2009, ],
[-0.7111, 0.4504, ],
[0.6380, 0.3506, ],
[0.7385, 0.2920, ],
[0.1298, 0.8196, ],


[5.0000, ],
[2.0000, ],
[11.0000, ],
[5.0000, ],
[11.0000, ],
[6.0000, ],
[11.0000, ],
[7.0000, ],
[8.0000, ],
[6.0000, ],
[14.0000, ],
[9.0000, ],
[1.0000, ],
[6.0000, ],
[4.0000, ],
[4.0000, ],
[6.0000, ],
[3.0000, ],
[9.0000, ],
[0.0000, ],
[7.0000, ],
[8.0000, ],
[4.0000, ],
[12.0000, ],
[4.0000, ],
[0.0000, ],
[9.0000, ],
[3.0000, ],
[0.0000, ],
[4.0000, ],
[11.0000, ],
[6.0000, ],
[7.0000, ],
[5.0000, ],
[3.0000, ],
[9.0000, ],
[18.0000, ],
[8.0000, ],
[11.0000, ],
[5.0000, ],
[8.0000, ],
[8.0000, ],
[17.0000, ],
[11.0000, ],
[12.0000, ],
[4.0000, ],
[12.0000, ],
[14.0000, ],
[9.0000, ],
[7.0000, ],
[11.0000, ],
[4.0000, ],
[0.0000, ],
[12.0000, ],
[3.0000, ],
[2.0000, ],
[15.0000, ],
[14.0000, ],
[7.0000, ],
[9.0000, ],
[14.0000, ],
[0.0000, ],
[17.0000, ],
[6.0000, ],
[10.0000, ],
[15.0000, ],
[9.0000, ],
[6.0000, ],
[3.0000, ],
[5.0000, ],
[8.0000, ],
[10.0000, ],
[11.0000, ],
[0.0000, ],
[12.0000, ],
[13.0000, ],
[0.0000, ],
[4.0000, ],
[3.0000, ],
[0.0000, ],
[1.0000, ],
[6.0000, ],
[13.0000, ],
[4.0000, ],
[4.0000, ],
[5.0000, ],
[3.0000, ],
[7.0000, ],
[10.0000, ],
[5.0000, ],
[0.0000, ],
[4.0000, ],
[13.0000, ],
[6.0000, ],
[1.0000, ],
[5.0000, ],
[4.0000, ],
[12.0000, ],
[8.0000, ],
[4.0000, ],


