[ 0,  0,  0,  0,  9,  0,  0, 11,  0,  0,  0,  0,  0,  0,  0,  0,  0, 11,  5,  0,  0,  0,  0,  0, ],
[ 0,  0,  0,  0,  0,  0,  0,  0,  0,  0,  0,  0,  3,  0,  0,  0,  0,  0,  0,  8, 14,  0,  0,  0, ],
[ 0,  0,  0,  0,  0,  0,  0,  0,  0,  0,  0,  0,  0,  0,  0,  0,  0,  0,  0,  0,  0,  0,  0,  0, ],
[ 0,  0,  0,  0,  0,  0,  0,  0,  0,  0,  4,  0,  0,  0,  0,  1,  0,  0,  0,  0,  0,  0,  0,  0, ],
[ 0,  0,  0,  0,  0,  0,  0,  0,  0,  0,  0,  0,  0,  0,  0,  0,  0,  0,  0,  0,  0,  4,  0,  2, ],
[ 0,  0,  0, 13,  0,  0,  0,  0,  0,  0,  0,  0,  0,  0,  7,  0,  0,  2,  0,  0,  0,  0,  0,  0, ],
[ 0,  0,  0,  0,  0,  0,  0,  0,  0,  0,  0,  0,  0,  0,  0,  0,  8,  0,  0,  0,  0,  0,  0,  0, ],
[ 0,  0,  0,  0,  0,  0,  0,  0,  6,  0,  0,  0,  0,  0,  0,  0,  0,  0,  0,  0,  0,  0, 10,  0, ],
[ 0,  0,  0,  0,  0,  0,  2,  0,  0,  0,  0,  0,  0,  0,  0,  0,  0,  0,  0,  0,  0,  0,  0,  0, ],
[ 0,  0,  0,  0,  0,  0,  0,  0,  0,  0,  0,  0,  0,  0,  0,  0,  0,  0,  0,  0,  0,  0,  0,  0, ],
[ 0,  0,  0,  0,  0,  0,  0,  0,  0,  2,  0,  0,  0,  0,  0,  0,  0,  0,  0,  0,  0,  0,  0,  0, ],
[ 0,  0,  0,  0,  0,  0,  0,  0,  0,  0,  5,  0,  0,  0,  1,  0,  0,  0,  2,  0,  0,  0,  0,  0, ],
[ 0,  0,  0,  0,  0,  0,  0,  0,  0,  0,  0,  0,  0,  0,  0,  0,  0,  0,  0,  0,  0,  0,  0,  0, ],
[ 0,  0,  0,  0,  0,  0,  0,  0,  0,  0,  0,  0,  0,  0,  0,  0,  0,  0,  0,  0,  1,  0,  0,  0, ],
[ 0,  0,  0,  0,  0,  0,  0,  0,  5,  0,  0,  0,  0, 14,  0, 12,  0,  0,  0,  0,  0,  0,  0,  0, ],
[ 0,  0,  0,  0,  5,  0,  0,  0,  0,  0,  0,  0,  0,  0,  2,  0,  0,  0,  0,  0,  0,  6,  0,  0, ],
[ 0,  0,  0,  0,  0,  5,  8,  0,  0,  0,  0,  0,  9,  7,  3,  0,  0,  0,  0,  0,  0,  0,  0,  2, ],
[ 0,  7,  0,  0,  0,  3,  0,  0,  0,  5,  0,  0,  9,  0,  0,  0,  0,  0, 12,  0,  0, 10,  0,  0, ],
[ 0,  0,  0,  0,  0,  0,  0,  0,  0,  0,  0,  0,  0,  0,  0,  0,  0,  0,  0,  0,  0,  9,  5,  0, ],
[ 0,  0,  0,  0,  0, 14,  7,  0,  0,  0,  6,  0,  0,  0,  0,  0,  1,  0,  0,  0,  0,  0,  0,  0, ],
[ 0,  0,  0, 13,  0,  0,  0,  0,  0,  6,  0,  0,  0,  0,  0,  0,  0,  0,  0,  0,  0,  0,  0,  0, ],
[ 0,  0,  0,  0,  0,  0,  0,  0,  0,  0,  0,  0,  0,  0,  0,  0,  0,  0,  0,  0,  0,  0,  0,  0, ],
[ 0,  0,  0,  0,  0,  0,  0,  8,  0,  0,  0,  0,  0,  0,  0,  0,  0,  0,  0,  0,  0,  0,  0,  0, ],
[ 0,  0,  0,  0,  0,  0,  0,  0,  0,  0, 14,  0,  0,  0,  0,  0,  0,  0,  0,  0,  0,  0,  0,  0, ],
[ 8,  0,  7,  0,  1,  0,  0,  0,  0,  0,  0,  0,  0,  0,  0,  0,  0,  0,  0,  4,  0,  0,  0,  0, ],
[ 0,  0,  0,  0,  0,  0,  1,  0,  0,  0,  0,  0,  0,  0, 12,  0,  0,  0,  0,  0,  0,  0,  0,  8, ],
[ 0,  0,  0,  0,  0,  5,  0,  0,  0,  0,  0,  0,  0,  0,  9,  0,  8,  0,  4,  0,  0,  0,  0,  0, ],
[ 0,  0,  0,  0,  0,  0,  0,  0,  0,  0,  0,  0,  0,  0,  0,  0,  0,  0,  1,  0,  0,  0,  0,  0, ],
[ 6,  2,  0,  0,  0,  0,  0,  0,  0,  0,  0,  0,  0,  0,  0,  0,  0,  0,  0,  0,  0,  6,  0,  0, ],
[ 0,  0,  0,  0,  0,  0,  0,  0,  0,  0,  0,  0,  0,  0,  0,  0,  0,  0,  0,  0,  0,  0,  0,  0, ],
[ 0,  0,  0,  0,  0,  0,  0,  0,  0,  0,  0,  0,  0,  0,  0,  0,  0,  0,  9,  0,  0,  0,  0,  0, ],
[ 0,  0,  0,  0,  0,  0,  0,  0,  0,  0,  0,  0,  0,  7,  0,  0,  0,  0,  0,  0,  0,  0,  0,  0, ],
[ 0,  0,  0,  0,  0,  0,  0,  0,  0,  0,  9,  0,  0,  0,  0,  0,  0,  0,  0,  0,  0,  0,  0,  0, ],
[ 0,  0,  0,  0,  0,  0,  0,  0,  0,  0,  0,  0,  0,  0,  0,  0,  0,  0,  0,  4,  0,  0,  0,  0, ],
[ 0,  8,  0,  0,  0,  0, 11,  0,  0,  0,  0,  0,  0,  0,  0,  0,  0,  3,  0,  0,  0,  0,  0,  0, ],
[ 0,  0,  4,  0,  0,  0,  0,  0,  0,  0,  0,  0,  0,  0,  0,  0,  0,  0,  0,  0,  0,  0,  0,  0, ],
[ 0,  0,  0,  0,  0,  0,  0,  0, 12,  0,  0,  0,  0,  0,  0,  2,  4,  0,  0,  0,  0,  0,  0,  0, ],
[12,  0,  0,  0,  7,  0,  0,  0,  0,  0,  1,  0,  0,  0,  9,  0,  6,  0,  0,  0,  0,  0,  0,  0, ],
[ 3,  0,  0,  0,  0,  0, 12,  0,  0,  0,  0,  0,  0,  0,  0,  0,  0,  0,  0,  0,  3,  0,  0,  0, ],
[ 0,  0,  0,  0,  0,  0,  0, 13,  0,  0,  0,  0,  6,  0,  0,  0,  8,  0,  0,  0,  0,  0,  0,  0, ],
[ 0,  0,  0,  0,  0,  0,  0,  0,  0,  0,  0,  0,  0,  0,  0,  0,  4, 13,  0,  0,  0,  5,  2,  0, ],
[ 0,  0,  0,  0,  0,  0,  0,  0,  0, 10,  0, 10,  0,  0,  0,  0,  0,  0,  0,  0,  0,  0,  0,  0, ],
[ 0,  0,  0,  0,  0,  0,  0,  0,  0,  0,  0,  0,  0,  0,  0,  9,  6, 14,  0,  0,  0,  0,  0,  0, ],
[ 0,  0,  0,  0,  0,  0,  0,  0,  0,  0,  0,  0,  0,  0,  0,  0,  0,  0,  0,  0,  0,  0,  2,  0, ],
[ 0,  0,  0,  0,  0,  0,  0,  0,  0,  0,  0,  0,  1,  4,  0,  0,  0,  0,  0,  0,  0,  0,  0,  0, ],
[ 0,  0,  0,  0,  0,  0,  0,  0,  0,  0,  0,  0,  0,  0,  0,  0,  4,  0,  0,  0,  0,  0,  0, 12, ],
[ 0,  0,  0,  0,  0,  0,  4,  0,  0,  0,  0,  0,  0,  0,  0,  0,  0,  0,  0,  0,  0,  0,  0,  0, ],
[ 0,  0,  0,  0,  0,  0,  0,  0,  0,  0,  8,  0,  0,  0,  0,  0,  0,  0,  0,  0,  0,  0,  0,  0, ],
[ 0,  0,  0,  0,  0,  0,  0,  0,  0,  0,  0,  0,  4,  0,  0, 13,  0,  0, 13,  0,  0, 12,  0,  0, ],
[ 0,  0,  0,  0,  5,  0,  0,  0,  3,  0,  0,  0,  0,  0,  0,  0,  0,  0,  0,  9,  0,  0,  0,  0, ],
[ 0,  0,  0, 12,  0,  0,  0,  0,  0,  0,  0,  0,  0,  1,  0,  0,  0,  0,  0,  0, 12,  0,  0,  0, ],
[ 0,  0,  0,  0,  0,  0,  0,  0, 12,  0,  0,  0,  0,  0,  0,  0,  0,  0,  0,  0,  0,  0,  0,  4, ],
[ 0,  0,  0,  0,  0,  0,  0,  0,  0,  0,  0,  0,  0,  0,  0,  0,  0,  0,  0,  0,  0,  6,  0,  2, ],
[ 0,  0,  3,  0, 12,  0,  0, 10,  0,  0,  0,  0,  0,  0,  0,  0,  0,  0,  0,  0,  0,  0,  0,  0, ],
[ 0,  0,  0,  0,  0,  0,  0,  0,  0,  0,  0,  0,  0,  9,  0,  0,  0,  9,  0,  0,  0,  0,  0,  0, ],
[ 0,  0,  0,  0,  0,  0,  0,  0,  0,  0,  0,  0,  0,  0,  0,  0, 13,  0,  0,  7,  0,  0,  0,  0, ],
[ 2,  0,  0,  0,  0,  0,  0,  0,  0,  0,  0,  0,  5,  0,  0,  0,  0,  0,  0,  0,  0,  0,  0,  0, ],
[ 0,  0,  0,  0,  0,  0,  8,  0,  0,  0,  0,  0,  0,  0,  0,  0,  0,  0,  0,  0,  0,  0,  0,  0, ],
[ 0,  0,  0,  0,  0,  0,  0,  0,  0,  0,  0,  0,  0,  0,  0,  0,  0,  0,  0,  0,  0,  0,  0,  0, ],
[ 0,  0,  0,  0,  0,  0,  0,  0,  0,  0,  0,  0,  0,  0,  0,  0,  0,  0,  0,  0,  0,  0, 11,  0, ],
[ 0,  0,  0,  0,  0,  0,  0,  0,  4,  0,  3,  0, 11,  7,  0,  0,  0,  0,  0,  0,  0,  0,  0,  0, ],
[ 0,  0,  0,  0,  0,  0,  0,  0,  0,  0,  0,  0,  0,  0,  0, 12,  0,  0,  0,  0,  0,  0,  0,  0, ],
[ 0,  0,  0,  0,  0, 13, 12, 10,  0,  0,  0, 10,  0,  0,  0,  0,  2,  0,  0, 14,  0,  0,  0,  0, ],
[14,  0,  0,  0,  0,  0,  0,  0,  0,  3,  0,  0,  0,  0,  0,  0,  0,  0,  0,  0,  0,  0,  0,  0, ],
[ 0,  0,  3,  0,  0,  0,  0,  0,  0,  0,  0,  0,  6,  0,  0,  2,  0,  0,  0,  0,  0,  0,  0,  0, ],
[ 0,  0,  0,  0,  0,  0, 11,  0,  0,  0,  4,  0,  0,  0,  0,  0,  0,  0,  0,  0,  0,  3,  0,  0, ],
[ 0,  0,  0,  0,  0,  0,  0,  0,  0,  0,  0,  0,  0,  0,  0,  0,  0,  0,  0,  0,  0,  0,  0,  4, ],
[ 0,  0,  0, 11,  0,  0,  0,  0,  0,  0,  0,  0,  0,  4,  0,  0,  0,  0,  0,  0,  0,  0,  0,  0, ],
[ 1,  0,  0,  0,  0,  0,  0,  0,  0,  0,  0,  0,  0,  0,  6,  0,  0,  0,  0,  0,  0,  0,  0,  0, ],
[ 0,  0,  4,  0,  0,  0,  0,  0,  7,  0, 12,  0,  0,  0, 11,  0,  0,  4,  0,  0,  0,  0,  0,  0, ],
[ 0,  0,  0,  0,  0,  4,  0,  0,  0,  0, 13,  0,  0,  0,  0,  0,  0,  8,  1,  0,  0,  0, 10,  0, ],
[ 0,  0,  0,  0,  0,  0,  0,  0,  0,  0,  0,  0,  0,  0,  0,  0,  0,  0,  6,  0,  0,  9,  8,  0, ],
[ 0,  0,  0,  0,  0,  0,  0,  0,  0,  0,  2,  0,  0,  0,  0,  0,  0,  0,  0,  0,  0,  0,  0,  0, ],
[ 0,  0,  0,  0,  0,  0,  0,  7,  0,  0,  0,  0,  0,  0,  0,  0,  0,  0,  0,  0,  0,  0,  0,  0, ],
[ 0,  7,  0,  0,  0,  0,  0,  0,  0,  0,  0,  0,  0,  0,  0,  0,  0,  1,  0,  0,  0,  0,  0,  0, ],
[ 0,  0,  0,  0,  0,  0,  0,  0,  0,  0,  7,  0,  0,  0,  0,  0,  0,  0,  0,  0,  0,  0,  0, 13, ],
[ 0,  0,  2,  0,  0,  0,  0,  0,  0,  0,  0,  0,  0,  0,  0,  0,  0,  0,  0,  0,  0,  8,  0,  0, ],
[ 0,  0,  9,  0,  0,  0,  0,  0,  0,  0,  0,  0,  0,  0,  0,  0,  0,  0,  0,  3,  0,  0,  0,  0, ],
[ 0,  0,  0,  0, 10,  0,  0, 12,  0,  0,  0,  0,  0,  0,  0,  0,  0,  0,  0,  0,  0,  0,  4,  0, ],
[ 8,  5,  0,  0,  0,  0,  0,  0,  0,  0,  0,  0,  0,  0,  0,  0,  0,  1,  0,  0,  0,  4,  0,  0, ],
[ 0,  0, 13,  0,  0,  0,  0,  0,  0,  0,  0,  0,  0,  0,  0, 11,  0,  0, 14,  0,  0,  0,  0,  0, ],
[ 8,  0,  0,  0,  0,  0,  0,  0,  0,  0, 13,  0,  0,  0,  0,  0,  0,  0,  0,  0,  0,  0,  0,  0, ],
[ 0,  0,  0,  0,  0,  0,  0,  0,  0,  0,  0,  0,  0,  0,  0,  0,  0,  0,  0,  0, 10,  0,  0,  0, ],
[ 0,  0,  0,  0,  0,  0,  0,  0,  1,  0,  0,  0,  6,  0,  0,  0,  0,  0,  0,  0,  0,  0,  0,  0, ],
[ 0,  0,  0,  0,  0,  0,  0,  0,  0,  0,  0,  0,  0,  0,  0,  0,  0,  0,  0,  0,  9,  0,  0,  0, ],
[ 8,  0,  0,  0,  0,  0,  0,  0,  0,  0,  1,  0,  0,  0,  0,  0,  9,  0,  0,  0,  0,  0,  0,  0, ],
[ 0,  0,  0,  0, 13,  0,  0,  0,  0,  0,  0,  0,  2,  0,  0,  0,  0,  0,  0,  0,  0,  0,  0,  9, ],
[ 0,  0,  0,  2,  0,  0,  9,  0,  0,  0,  0,  1,  0, 12,  2,  0,  0,  0,  0,  0,  0,  0,  0, 10, ],
[ 0,  0,  0,  0,  0,  0,  7,  0,  0,  0,  0,  1,  0,  9,  0,  0,  0,  0,  0, 12,  0,  0,  0,  0, ],
[ 0,  0,  0,  0,  0,  0,  0,  0,  0,  0,  0,  0,  0,  0,  0,  0,  0,  3,  0,  0,  0,  0,  0,  0, ],
[ 0,  0,  0,  2,  0,  0, 13,  0,  0,  1, 11,  0,  0,  0,  0,  0,  0,  0,  0,  2,  0,  0,  1,  0, ],
[10,  0,  0,  0,  0,  0,  0,  0,  0,  0,  0,  0,  0,  0,  0,  0,  0,  0,  0,  0,  0,  0,  0,  0, ],
[ 0,  0,  0,  0,  3,  0,  0,  0,  0,  0,  0,  0,  0,  0,  0,  0,  5,  0,  0,  0,  0,  0,  0,  0, ],
[ 0,  8,  0,  0,  0,  0,  0,  0,  0,  0,  0,  0,  5, 14,  0,  0,  0, 11,  0,  0,  0,  0, 11,  3, ],
[ 0,  0,  0,  0,  7,  0,  0,  0,  0,  0,  0,  0,  0,  0,  2,  0,  0,  0,  8,  0,  0,  0,  0,  0, ],
[ 0,  0,  0,  0,  0,  0, 12,  0,  0,  0,  0,  0,  0,  0,  0,  0,  5,  0,  0,  0,  0,  0, 11,  0, ],
[ 0,  0,  0,  0,  0,  0,  0, 11,  0,  0,  0,  2,  0,  0,  0,  0,  0,  0, 10,  0,  0,  0,  7,  0, ],
[ 0,  0,  0,  0,  0,  0,  0,  0,  0,  0,  0,  0,  0,  0,  0,  0,  0,  0,  0,  0,  0,  0,  0,  0, ],
[ 0,  0,  0,  0,  0,  0,  0,  2,  0,  0, 12,  0,  0,  0,  0,  0,  0,  0,  0,  0, 12,  0,  0,  0, ],
[ 0,  0,  0,  0,  0,  0,  0, 13,  0,  0,  0,  0,  0,  0,  0,  0,  0,  0,  0,  0,  0,  0,  0,  0, ],


[0.0399, -0.2349, ],
[0.0936, -0.4012, ],
[-0.0349, 0.5918, ],
[0.0063, -0.2348, ],
[0.8429, 0.8546, ],
[0.5363, 0.0525, ],
[-0.7119, -0.9706, ],
[0.2706, 0.3113, ],
[0.5572, 0.6345, ],
[-0.4674, -0.7485, ],
[-0.5162, -0.1459, ],
[-0.1768, -0.4334, ],
[-0.3449, -0.6843, ],
[0.5528, 0.5984, ],
[0.5333, 0.6881, ],
[-0.6444, -0.1263, ],
[0.9202, -0.7390, ],
[-0.1929, 0.1533, ],
[0.6457, 0.4461, ],
[0.3852, -0.5791, ],
[1.0000, 0.7204, ],
[0.4203, -0.6148, ],
[0.5922, 0.0350, ],
[0.3131, -0.7730, ],
[0.9377, -0.0911, ],
[-0.6249, 0.1017, ],
[-0.4939, 0.5241, ],
[0.1843, -0.4322, ],
[0.4287, 0.2451, ],
[0.6359, -0.6506, ],
[-1.0000, 0.5399, ],
[0.3001, 0.5285, ],
[-1.0000, -0.0062, ],
[0.6496, 0.7977, ],
[0.9501, 0.3651, ],
[-0.5925, 0.2107, ],
[0.1589, 0.0341, ],
[0.2554, -0.7834, ],
[0.3423, -0.3469, ],
[0.9415, 0.5481, ],
[0.8272, 0.3745, ],
[0.0428, 0.1564, ],
[1.0000, -0.0149, ],
[1.0000, -0.8277, ],
[0.7420, -0.1314, ],
[0.6236, 1.0000, ],
[-0.5499, -0.5476, ],
[-0.5134, 0.5344, ],
[-0.2684, -0.4740, ],
[0.9469, 0.9004, ],
[0.0755, -0.2743, ],
[0.6058, 0.1525, ],
[0.4474, -0.9378, ],
[0.1344, -0.2653, ],
[0.4541, -0.6879, ],
[0.1676, -0.3786, ],
[-0.4948, -0.0377, ],
[-0.6668, 0.0190, ],
[-0.6714, 0.2969, ],
[-0.4261, -0.3484, ],
[0.8283, -0.0902, ],
[-0.3384, 0.0478, ],
[-0.6715, -0.0738, ],
[0.1111, 0.7063, ],
[0.2002, 0.9493, ],
[-0.3990, -0.5981, ],
[0.0291, 0.2617, ],
[0.2956, -0.6744, ],
[-0.9358, 0.0154, ],
[0.5784, 0.0127, ],
[-0.7104, 0.4086, ],
[0.1808, 0.2816, ],
[0.7308, -0.3915, ],
[0.9652, 0.4162, ],
[0.6898, -0.8188, ],
[0.4948, -0.1136, ],
[-0.6540, 0.6622, ],
[0.8974, 0.3446, ],
[-0.0739, 0.3502, ],
[0.9410, 0.1396, ],
[0.4547, 0.5809, ],
[-0.0929, 0.6455, ],
[0.1487, 0.1356, ],
[-0.5096, 0.7448, ],
[-0.1435, 0.0184, ],
[-0.3933, -0.2345, ],
[-0.1093, 0.5990, ],
[0.9307, 0.3491, ],
[0.4991, -0.9788, ],
[0.2818, -0.8416, ],
[-0.2293, -0.1726, ],
[0.6756, -0.3890, ],
[-0.1894, 0.5829, ],
[-0.4933, -0.1995, ],
[-0.4398, 0.8860, ],
[-0.9974, -1.0000, ],
[-0.6117, 0.4174, ],
[0.4440, -0.5417, ],
[0.8717, 0.1989, ],
[0.3245, -0.7926, ],


[13.0000, ],
[9.0000, ],
[0.0000, ],
[3.0000, ],
[3.0000, ],
[8.0000, ],
[3.0000, ],
[7.0000, ],
[1.0000, ],
[0.0000, ],
[1.0000, ],
[4.0000, ],
[0.0000, ],
[1.0000, ],
[10.0000, ],
[6.0000, ],
[14.0000, ],
[18.0000, ],
[5.0000, ],
[11.0000, ],
[7.0000, ],
[0.0000, ],
[3.0000, ],
[4.0000, ],
[9.0000, ],
[8.0000, ],
[10.0000, ],
[1.0000, ],
[7.0000, ],
[0.0000, ],
[3.0000, ],
[3.0000, ],
[3.0000, ],
[2.0000, ],
[9.0000, ],
[2.0000, ],
[7.0000, ],
[14.0000, ],
[8.0000, ],
[10.0000, ],
[9.0000, ],
[8.0000, ],
[10.0000, ],
[1.0000, ],
[3.0000, ],
[6.0000, ],
[2.0000, ],
[3.0000, ],
[14.0000, ],
[7.0000, ],
[9.0000, ],
[6.0000, ],
[4.0000, ],
[10.0000, ],
[6.0000, ],
[7.0000, ],
[3.0000, ],
[3.0000, ],
[0.0000, ],
[4.0000, ],
[11.0000, ],
[4.0000, ],
[21.0000, ],
[6.0000, ],
[6.0000, ],
[8.0000, ],
[2.0000, ],
[6.0000, ],
[4.0000, ],
[15.0000, ],
[14.0000, ],
[9.0000, ],
[1.0000, ],
[3.0000, ],
[4.0000, ],
[7.0000, ],
[4.0000, ],
[5.0000, ],
[10.0000, ],
[8.0000, ],
[12.0000, ],
[7.0000, ],
[4.0000, ],
[4.0000, ],
[3.0000, ],
[7.0000, ],
[8.0000, ],
[14.0000, ],
[11.0000, ],
[2.0000, ],
[12.0000, ],
[4.0000, ],
[4.0000, ],
[19.0000, ],
[7.0000, ],
[10.0000, ],
[12.0000, ],
[0.0000, ],
[9.0000, ],
[4.0000, ],


