[ 0,  0,  0,  0,  0,  0,  0,  0,  0,  0,  0,  0,  0,  0,  2,  2,  0,  0,  0,  0,  0,  0,  0,  0, ],
[ 0,  0,  0,  0,  0,  0,  0,  0, 14,  0, 14,  0,  0,  0,  0,  0,  0,  0,  0,  9,  0,  0,  0,  0, ],
[ 0,  0,  0,  0,  0,  0,  0,  0,  0,  0,  0,  0,  0, 14,  0,  0,  0,  0,  0,  0,  0,  0,  0,  0, ],
[12,  0,  0,  0,  0,  0,  0,  0,  0,  0,  0,  0,  0,  0,  0,  1, 11,  0,  0,  0,  0,  0,  0,  0, ],
[ 4,  0,  0,  0,  0,  0,  0,  0,  0,  0,  0,  0,  0,  0,  0,  0,  6,  0,  0,  0,  0,  0,  0,  0, ],
[ 0,  0,  0,  6,  0,  0,  0,  0,  0,  0,  0,  0,  0,  0,  0,  0,  0,  0,  0,  0,  0,  0,  0,  0, ],
[ 0,  0,  0,  0,  0,  0,  0,  1,  0,  0,  0,  0,  1,  0,  0,  2,  0,  0,  0,  0,  0,  0,  0,  0, ],
[ 0,  0,  0,  0,  0,  0,  0,  0,  6,  0, 10,  0,  0,  0,  0,  0,  0,  0,  0,  0,  0,  0,  0,  0, ],
[ 0,  0,  0,  0,  0,  0,  0,  0,  0,  0,  0,  0,  0,  0,  0,  0,  0,  0,  0,  0,  0,  0,  0,  0, ],
[ 0,  0,  0,  0,  0,  0,  0,  0,  0, 14,  0,  0,  0,  0,  0,  0,  0,  0,  0,  0,  0,  5,  0,  0, ],
[ 0,  0,  0,  0,  0,  0,  0,  0,  0,  0,  0,  0,  0,  0,  0,  0,  0,  0,  0,  0,  0,  0,  0,  7, ],
[ 0,  0,  0,  0,  6,  0,  0,  0,  0,  0,  0,  0,  0,  0,  1, 13,  0,  0,  0,  0,  0,  0,  0,  0, ],
[ 0,  0,  0,  0, 14,  0,  0,  0,  0,  0,  0,  0,  0,  2, 14,  0,  0,  0,  0,  0,  0,  0,  0,  0, ],
[ 0,  0,  0,  0,  0,  0,  0,  0,  0,  4,  0,  0,  0,  0, 14,  0, 12,  0,  0,  0,  0,  0,  0,  0, ],
[ 0,  0,  0,  0,  0,  0,  0,  0,  0,  0,  0,  0,  0,  0,  0,  0,  0,  0,  0, 11,  0,  1,  0,  7, ],
[ 9,  0,  0,  0,  0,  0,  0,  0,  0,  0,  0, 14,  0,  0,  0,  0,  0,  0,  0,  0,  0,  0,  0,  0, ],
[ 0,  8,  0,  0,  0,  0,  0,  0,  0,  0,  0,  0,  0,  0,  0,  0,  0,  0,  0,  0,  0,  0,  0,  5, ],
[ 0,  0,  0,  0,  0,  0,  0,  0,  0,  0,  0,  0,  0,  0,  0,  0,  0,  0, 14,  0,  0,  0,  0,  0, ],
[ 0,  0,  0,  0,  0,  0,  0,  0,  0,  0,  0,  0,  0,  0,  6,  2,  0, 13,  0,  5,  0,  0,  5,  0, ],
[ 3,  0,  0,  0,  0,  0,  0,  0,  0,  0,  0,  0,  9,  0,  0,  0,  0,  5,  0,  0,  6,  0,  1,  0, ],
[12,  9,  0,  0,  0,  0,  0,  0,  0,  0,  0,  0,  0,  6,  0,  0,  5,  0,  0,  5, 14,  0,  0,  0, ],
[ 0,  0,  0,  0,  0, 10,  0,  0,  7, 12,  0,  0,  0,  0,  0,  0,  0,  0,  0,  0,  0,  8,  0,  0, ],
[ 0,  0,  0,  0,  0,  0,  0,  0, 10,  0,  0,  0,  0,  0,  0,  0,  0,  0,  0,  0,  0,  0,  0,  0, ],
[ 0,  0,  0,  0,  0,  0,  0,  0,  0,  0,  0,  0,  0,  1,  8, 11,  4,  0,  0,  0,  0,  0,  1,  0, ],
[ 0,  0,  0,  0,  0,  0,  0,  7,  8,  0,  0,  0,  0,  0,  0,  0,  0,  0,  0,  0,  0,  0,  0,  0, ],
[ 0,  0,  0,  0,  0,  0,  0,  0,  0,  0,  0,  0,  0,  0,  0,  0,  0,  0,  0,  0,  0,  0,  0,  0, ],
[ 0,  0,  0,  0,  0,  0,  0,  0,  0,  0,  0,  0,  0,  0,  0,  0,  0,  0,  0,  0,  0,  0,  0,  0, ],
[ 0,  0,  0,  0,  9,  0,  0,  0,  0,  0,  0,  0, 12,  0,  0,  0,  0,  0,  0,  0,  0, 13,  0,  0, ],
[14,  0,  0,  0,  0,  0,  0,  0,  0,  0,  0,  0,  3,  0,  0,  0,  0,  0,  0,  0,  0,  0,  0,  0, ],
[ 0,  0,  0,  0,  0,  0,  0, 11, 13,  0,  0,  0,  0,  0,  0,  0,  0,  0,  0,  0,  0,  0,  0,  0, ],
[ 0,  0,  0,  0,  0,  0,  0,  0,  0,  0,  0,  0,  0,  0,  0,  0,  0,  0,  0,  0,  0,  0,  0,  0, ],
[ 0,  0,  0,  0, 10,  0,  0,  0,  0,  0,  0,  0,  0,  0,  0,  0,  0,  0,  0,  0,  0,  0,  0,  0, ],
[ 0,  0,  0,  0,  0,  0,  0,  0, 12,  0,  0,  0,  0,  0,  0,  0,  0,  0,  0,  0,  0,  0,  0,  0, ],
[ 0,  0,  0,  0,  0,  0,  0,  0,  0,  0,  0,  0,  0,  0,  0,  0,  0,  2,  0,  0,  0,  0,  0,  0, ],
[ 0,  0,  0,  0,  2,  0,  0,  0,  0,  0,  0,  0,  0,  0,  0,  0,  0,  3,  0,  0,  0,  0,  0,  0, ],
[ 0,  0,  0,  0,  0,  0,  0,  0,  5,  0,  0,  0,  0,  0,  0,  0,  0,  0,  0,  0,  0,  0,  0,  0, ],
[ 0,  0,  0,  0,  0, 10,  0,  0,  0,  0,  0, 14,  0,  0,  0,  0,  0, 11,  0,  0,  0,  0,  0,  0, ],
[ 0,  0,  0,  0,  0,  0,  0,  0,  0,  0,  0,  0,  0,  0,  0, 11,  0,  0,  0,  0,  0,  0,  0,  0, ],
[ 0,  0,  5,  0,  0,  0,  0,  0,  0,  0,  0,  4,  0,  0,  0, 10,  0,  0,  0,  0,  0,  0,  0,  0, ],
[ 0,  0,  0,  0,  0,  0,  5,  0,  0, 13,  0,  0,  0,  0,  0,  0,  0,  0,  0, 11,  0,  0,  4,  0, ],
[ 0,  0,  0,  0,  7,  0,  0,  0,  0,  0,  0,  0,  0,  0,  0,  0,  0,  0,  0,  0,  0,  0,  0,  0, ],
[ 0,  0,  0,  0,  0,  0,  0,  0,  0, 10,  0, 10,  0,  0,  0,  0,  0,  0,  0,  0,  0,  0,  0,  0, ],
[ 0,  0,  0,  0,  0,  0,  0,  0,  0,  0,  0,  0,  0,  0,  0,  0,  0,  0,  0,  0,  0,  0,  0,  0, ],
[ 0,  0,  0,  0,  0,  0,  0,  0,  0,  0,  0,  0, 10,  0,  0,  0,  0,  0,  0,  0,  0,  8,  0,  0, ],
[ 8,  0,  0,  0,  0,  0,  0, 10,  0,  0, 12,  0,  0,  0,  7,  2,  0,  0,  7,  0,  0,  0,  0,  0, ],
[ 0,  0,  3,  0,  0,  0,  0,  0,  0,  0,  0,  0,  0,  0,  0,  0,  0,  0,  0,  0, 10,  0,  0,  0, ],
[14, 11,  0,  0,  0,  0,  0,  0,  5,  0,  0,  0,  0,  0, 10,  0,  0,  0,  0,  0,  0,  0,  0,  0, ],
[ 0,  0,  0,  0,  0,  0,  0,  0,  3,  0,  0,  2,  0,  0,  0,  0,  0,  0,  0,  0,  0,  0,  0,  0, ],
[ 0,  0,  0,  0,  5,  0,  3,  0,  0,  0,  0,  0,  0, 10,  0,  0, 12,  0,  0,  0,  0,  0,  0,  0, ],
[ 0,  0,  0,  0,  0,  2,  0,  0,  0,  0,  0,  0,  0,  0,  0,  0,  7,  0,  0,  0,  0,  0,  0,  0, ],
[ 0,  0,  0,  3,  4,  0,  0,  0,  0,  0,  0,  0,  0,  0,  0,  0,  0,  9,  0,  0,  0,  0,  0,  0, ],
[ 0,  0,  0,  0,  0,  0,  0,  0,  0,  9,  0,  0,  7,  0,  0,  0,  0,  0,  0,  0,  0,  0,  0,  0, ],
[ 0,  0,  0,  7,  7,  5,  0,  0,  0,  0,  0,  0,  0,  0,  0,  0,  0,  0,  0,  0,  0,  4,  0,  0, ],
[ 0,  0,  0,  0,  0,  0,  0,  0,  0,  0,  0,  0,  0,  0,  0,  0,  8,  0,  0,  0,  0,  0,  0,  0, ],
[ 0,  0,  0,  0,  0,  0,  0,  0,  0,  0,  0,  0,  0,  0,  0,  0,  0,  0,  0,  0,  0,  0,  0,  0, ],
[ 0,  0,  0,  0,  0,  0,  0,  0,  0,  0,  0,  0,  0,  0,  0,  0,  0,  0,  0,  0,  0,  0,  0,  0, ],
[ 0,  0,  0, 11,  0,  0,  0,  0,  0,  0,  0,  0,  9,  0,  0,  0,  0,  0,  0,  2,  0,  0,  0,  3, ],
[ 0,  0,  0,  0,  0,  0,  0,  0,  0,  0,  0,  0,  0,  0,  0,  0,  0,  0,  0,  0,  0,  0,  0,  0, ],
[ 0,  0,  0,  8,  0,  0,  0,  0, 14,  0,  0,  0,  0,  0,  0,  0,  0,  0,  0,  0,  0,  0,  0,  0, ],
[ 0,  0,  0,  0,  0,  0,  0, 12,  0,  0,  9,  0,  0,  0,  6,  9,  0,  0,  0,  0,  0, 12,  0,  0, ],
[11,  0,  0, 14,  0,  0,  0,  0,  0,  0,  0,  0,  0,  0,  0,  3,  0,  0,  0,  0,  0,  0,  0,  0, ],
[ 2,  0,  0,  0,  0,  9,  0,  0,  0,  0,  0,  0,  0,  0,  0,  0,  0,  0, 10,  0,  0,  0,  0,  0, ],
[ 0,  0,  0,  0,  0,  0,  0,  0,  0,  0,  0,  0,  0,  0,  0,  0,  0,  0,  0,  5,  0,  0,  0,  0, ],
[ 0,  0,  0,  0,  0,  0,  0,  0,  0,  0,  0,  0,  0,  0,  0,  0,  0,  0,  0,  0,  3,  0,  0,  0, ],
[ 0,  4,  2,  0,  0,  0,  0,  0,  0,  0,  0,  0,  0,  0,  0,  0,  0,  0,  0,  0, 14,  0,  0,  0, ],
[ 0,  0,  0,  0,  0,  0,  0,  0,  0,  0,  0,  0,  0, 10,  0,  0,  2,  0,  0,  0,  0,  0,  0,  0, ],
[ 0,  0,  0,  0,  0,  0,  0,  0,  0,  4,  0,  0,  0,  0,  0, 13,  0,  0,  0,  0,  0,  0,  0,  0, ],
[ 0,  0,  0,  0,  0,  0,  0,  0,  0,  0,  0,  0,  0,  0,  0,  0,  0,  0,  0,  0,  0,  0,  0,  0, ],
[ 0,  0,  0,  0,  0,  0,  0,  0,  0,  0,  0,  4,  0,  0,  0,  0,  0,  0,  0,  0,  4,  0,  0,  0, ],
[ 0,  0,  5,  0,  0,  0,  0,  0,  0,  0,  0,  0,  0,  0,  0,  0,  0,  0,  0,  0,  0,  0,  0,  0, ],
[10,  0,  0,  2,  0,  0,  0,  0,  0,  0,  0,  0,  0,  0,  0,  4,  0,  0,  1,  0,  0,  0,  0,  0, ],
[ 0,  0,  0,  0,  0,  0,  0,  0,  0,  0,  0,  0,  0,  0,  0,  0,  0,  0,  0,  0,  0,  0,  3,  0, ],
[ 0,  0,  0,  0,  0,  0,  0,  0,  0,  0, 12,  0,  0,  0,  0,  0,  0,  0,  0,  0,  0,  0,  0,  0, ],
[ 0,  0,  0,  0,  0,  0,  0,  0,  0,  0,  0,  0,  0,  0,  0,  0,  0,  0,  0,  0,  0,  0,  0,  0, ],
[ 0,  0,  0,  0,  0,  0,  9,  0,  0,  0,  0,  0,  0,  0,  0,  0,  0,  0,  0,  0,  0,  0,  0,  0, ],
[ 0,  0,  0,  0,  0,  0,  0,  0,  0,  0,  0,  0,  4,  0,  0,  0,  0,  0,  0,  0,  0,  0,  0,  0, ],
[ 0,  0,  0,  0,  0,  0,  0,  0,  8,  0,  0,  0,  0,  0,  0,  0,  0,  0,  0,  0,  0,  0,  0,  0, ],
[ 0,  0,  0,  0,  0,  0,  0,  0,  0,  0,  0,  0,  0,  0,  0,  0,  0,  0,  0,  0,  0, 14,  0, 10, ],
[ 0,  0,  0,  7,  0,  1, 13,  0,  2,  0,  0,  0,  0,  3,  0,  1,  0,  0,  3,  0,  3,  0,  0,  0, ],
[ 9,  0,  0,  0,  0,  0,  4,  0,  0,  0,  0,  0,  0,  0,  0,  0,  0,  0,  0,  0,  0,  0,  0,  0, ],
[ 0,  0,  0,  0,  0,  0,  0,  0,  0,  0,  0,  0,  0,  0,  0,  7,  0,  0,  0,  0,  0,  0,  0,  0, ],
[ 0,  0,  4,  0,  0,  0,  0,  0,  0,  0,  0,  0,  0,  0,  0,  0,  0,  0,  0,  0,  0,  0,  0,  0, ],
[ 0,  0,  0,  0,  0,  0,  0,  0,  0,  0,  0,  0,  0,  0,  0,  0,  0,  0,  8,  0,  0,  0,  0,  0, ],
[ 0,  0,  0,  0,  0,  0,  0,  0,  0,  0,  0,  0,  0,  0,  0,  0,  0,  0,  0,  0,  0, 14,  0,  0, ],
[ 8,  0,  0,  0,  0,  2,  0,  0,  0, 13,  0,  0,  0,  0,  0,  0,  2,  0,  0,  0,  0, 10,  0,  0, ],
[ 0,  0,  0,  0,  0,  0,  0,  0,  0,  0,  0,  0,  0,  3,  8,  0,  0,  0,  0,  0,  0,  2,  0,  0, ],
[ 0,  0,  0,  0,  1,  0,  0,  0,  0,  0,  0,  0,  0,  0,  0,  0,  0,  0,  0, 14,  0,  0,  0,  3, ],
[ 0, 14,  0,  0,  0,  3,  0,  0,  0,  0,  0,  0,  0,  1,  2,  0,  0,  0,  0,  0,  4,  0,  0,  0, ],
[ 0,  0,  0,  0, 11,  0,  0,  0,  0,  0,  0,  0,  0,  0,  0,  0,  0,  0,  0,  0,  0,  0,  0,  0, ],
[ 0,  0,  0,  0,  7,  0,  0, 13,  0,  0,  0,  0,  0,  3,  0,  0,  0,  0,  0,  0,  9,  0,  0,  0, ],
[ 0, 10,  0,  0, 13,  0,  0,  0,  0,  0,  0,  0,  0,  0,  0,  0,  0,  0,  0,  0,  0,  0,  0,  0, ],
[ 0,  0,  0,  0,  0,  0,  0,  0,  0,  0,  0, 12,  0,  0,  0,  0,  0,  0,  0,  0,  0,  0,  2,  0, ],
[ 3,  0,  0,  0,  0,  0,  0,  0,  0,  0,  0,  0,  0,  0,  0,  0,  0,  0,  0,  0,  0,  8,  0,  0, ],
[ 0,  0,  0,  0,  0,  0,  0,  9,  0,  0,  0,  0,  0,  0,  0,  0,  0,  0,  0,  0,  0,  0,  0,  0, ],
[ 0,  0,  0,  0,  0,  0,  0,  0,  0,  0,  6,  0, 11,  7,  0,  0,  0,  0,  0,  0, 12,  0,  9,  0, ],
[ 9,  0,  0, 10,  0,  0,  0,  0,  0,  0,  6,  0,  0,  0,  0,  0,  0,  0,  0,  0,  0,  0,  0,  0, ],
[ 0,  0,  0,  0,  0,  0,  0,  0,  0,  0,  0,  5,  0,  0,  0,  0,  0,  0,  0,  0, 14,  0,  0,  0, ],
[ 0, 10,  9,  0,  5,  0,  0,  0,  0,  0,  0,  0,  0,  0,  0,  0,  0,  0,  0, 12,  0,  0,  5,  0, ],
[ 0,  0,  0, 10,  0,  0,  0,  0,  0,  0,  0,  0,  0,  0,  0,  0,  0,  0,  8,  0,  0,  0,  0,  0, ],
[ 0,  0,  0,  0,  0,  0,  0,  0,  0,  0,  0,  0,  0,  0, 10,  0,  0,  0,  0,  0,  0,  0,  0,  0, ],


[0.6902, -0.1989, ],
[-0.0796, -0.2687, ],
[0.1339, -0.3829, ],
[0.9179, 0.2335, ],
[0.6505, 0.5575, ],
[0.6284, -0.0777, ],
[-0.6841, 0.4139, ],
[0.2494, 0.1855, ],
[-0.2194, 0.3882, ],
[-0.5427, 0.6284, ],
[-0.9564, -0.0541, ],
[0.1311, -0.5539, ],
[0.1938, -0.7967, ],
[0.5478, 0.4730, ],
[0.5748, 0.6715, ],
[-0.5849, 0.0925, ],
[-0.3817, -0.9176, ],
[0.0097, 0.8329, ],
[0.3774, -0.0019, ],
[-0.2664, -0.6659, ],
[0.6977, 0.7393, ],
[0.4450, 0.0863, ],
[0.5819, -0.2401, ],
[1.0000, 0.2474, ],
[0.6395, -0.0115, ],
[0.2180, 0.4645, ],
[0.4253, -0.3624, ],
[0.2083, -0.3573, ],
[0.2484, -0.9204, ],
[0.9663, 0.2283, ],
[-0.3748, 0.1757, ],
[-0.0150, 0.5450, ],
[0.6718, -0.0185, ],
[0.3643, 0.7706, ],
[0.1747, 0.6937, ],
[-0.6634, 0.1971, ],
[-0.8656, -0.2224, ],
[-0.5056, -0.2076, ],
[0.3283, -0.5742, ],
[0.1096, 0.5131, ],
[0.5101, -0.9995, ],
[0.0428, 0.2151, ],
[0.3320, 0.5970, ],
[0.3784, -0.7468, ],
[0.7851, -0.2298, ],
[0.2136, 0.8498, ],
[0.2130, 0.5568, ],
[-0.4525, -0.4691, ],
[-0.1486, -0.8849, ],
[0.9418, 1.0000, ],
[0.5736, -0.0024, ],
[0.1149, -0.3530, ],
[0.1344, -0.7793, ],
[0.0229, -0.2559, ],
[-0.3224, 0.4517, ],
[0.6900, -0.1055, ],
[0.7069, -0.0185, ],
[0.3906, 0.2573, ],
[-0.8141, 0.6339, ],
[0.4499, -0.4071, ],
[0.6644, 0.1278, ],
[-0.5625, 0.4771, ],
[-0.6715, 0.0031, ],
[0.4407, 0.3333, ],
[1.0000, 0.7034, ],
[0.4571, -0.8109, ],
[0.2930, 0.2936, ],
[0.3649, -0.6959, ],
[0.1944, 0.3951, ],
[0.7419, 0.0004, ],
[0.7643, 0.3812, ],
[-0.6794, 0.3853, ],
[-0.3311, 0.2776, ],
[-0.2030, -0.4195, ],
[-0.7352, 0.6899, ],
[-1.0000, -0.2645, ],
[1.0000, 0.2934, ],
[0.9861, -0.0138, ],
[0.2413, 0.1335, ],
[-0.4987, -0.0874, ],
[-0.4410, -1.0000, ],
[-0.0663, 0.6455, ],
[0.1487, 0.9287, ],
[-0.5983, -1.0000, ],
[-0.4496, 0.1100, ],
[-0.3421, -0.4797, ],
[0.1868, 0.6516, ],
[1.0000, 0.4645, ],
[-0.1857, -0.6787, ],
[0.5423, -0.8390, ],
[-0.5770, -0.2380, ],
[0.0107, -0.3861, ],
[0.0519, -0.4762, ],
[0.3536, 0.3181, ],
[-0.7679, -1.0000, ],
[0.0562, 0.0697, ],
[-0.7111, 0.0457, ],
[0.5479, 0.3506, ],
[0.6124, 0.3552, ],
[0.3947, 0.8566, ],


[2.0000, ],
[11.0000, ],
[4.0000, ],
[9.0000, ],
[5.0000, ],
[3.0000, ],
[3.0000, ],
[7.0000, ],
[0.0000, ],
[6.0000, ],
[3.0000, ],
[8.0000, ],
[9.0000, ],
[10.0000, ],
[8.0000, ],
[7.0000, ],
[5.0000, ],
[4.0000, ],
[12.0000, ],
[11.0000, ],
[18.0000, ],
[14.0000, ],
[4.0000, ],
[11.0000, ],
[6.0000, ],
[0.0000, ],
[0.0000, ],
[11.0000, ],
[6.0000, ],
[8.0000, ],
[0.0000, ],
[4.0000, ],
[4.0000, ],
[1.0000, ],
[3.0000, ],
[2.0000, ],
[12.0000, ],
[4.0000, ],
[8.0000, ],
[12.0000, ],
[3.0000, ],
[8.0000, ],
[0.0000, ],
[7.0000, ],
[18.0000, ],
[6.0000, ],
[14.0000, ],
[3.0000, ],
[12.0000, ],
[4.0000, ],
[7.0000, ],
[6.0000, ],
[10.0000, ],
[3.0000, ],
[0.0000, ],
[0.0000, ],
[10.0000, ],
[0.0000, ],
[7.0000, ],
[17.0000, ],
[10.0000, ],
[8.0000, ],
[2.0000, ],
[2.0000, ],
[7.0000, ],
[5.0000, ],
[6.0000, ],
[0.0000, ],
[4.0000, ],
[2.0000, ],
[8.0000, ],
[2.0000, ],
[4.0000, ],
[0.0000, ],
[3.0000, ],
[2.0000, ],
[3.0000, ],
[8.0000, ],
[16.0000, ],
[5.0000, ],
[3.0000, ],
[2.0000, ],
[3.0000, ],
[4.0000, ],
[13.0000, ],
[6.0000, ],
[7.0000, ],
[10.0000, ],
[4.0000, ],
[12.0000, ],
[8.0000, ],
[5.0000, ],
[5.0000, ],
[3.0000, ],
[17.0000, ],
[10.0000, ],
[6.0000, ],
[15.0000, ],
[7.0000, ],
[4.0000, ],


