[ 4,  0,  0,  0,  0,  0,  0,  0, 11,  0, 11,  0,  0,  0,  0,  0,  0, 10,  0,  0,  0,  0,  0,  0, ],
[ 0,  0,  0,  0,  9,  0,  0,  0,  0,  0,  0,  0,  0,  0,  0,  0,  0,  0,  0,  0,  0,  0,  0,  0, ],
[ 0,  0,  0,  0,  0,  0,  0,  0,  0,  0,  0,  0,  0,  0,  0,  0,  0,  0,  0,  7,  0,  0,  0,  0, ],
[ 0,  0,  2,  0,  1,  0,  1,  0,  0,  0,  0,  0,  0,  0,  0,  0,  0,  0,  0,  0,  0,  0,  0,  0, ],
[ 4,  0,  0,  4,  0,  0,  0,  0,  0,  0,  0,  0,  0,  1,  0,  2,  0,  0,  0, 14,  0,  0,  0,  0, ],
[ 0,  0,  0,  0,  0,  0,  2,  0,  0,  0,  0,  0,  0,  0,  0,  0,  0,  0,  0,  0,  0,  0,  0,  0, ],
[ 0,  0,  0, 13, 13,  0,  0,  0,  0,  0,  0,  0,  4,  0,  0,  0,  0,  0,  0,  2,  0,  0,  0,  0, ],
[ 0,  0,  0,  0,  0,  0,  0,  0,  6,  0,  0,  0,  0,  0,  0,  0,  0,  0,  0,  0,  0,  0,  0,  0, ],
[ 0,  2,  0,  0,  2,  0,  2,  0,  0,  0,  0,  0,  0,  0,  0,  0,  0, 12,  0,  0,  0,  0,  0,  0, ],
[ 0,  0,  0,  0,  0,  0,  0,  0,  0,  0,  0,  0,  0,  0,  0,  0,  0,  0,  0,  7,  0,  0,  0,  0, ],
[ 0,  0,  0,  0, 13, 11,  0,  0,  0,  0,  0,  0,  0,  0,  0,  2,  0,  0,  0,  0,  0,  0,  0,  0, ],
[ 2,  0, 13,  0,  0,  0,  0,  0,  0,  0,  0,  0,  0,  0,  0,  0,  0,  0,  0,  1,  0,  0,  2,  0, ],
[ 0,  0,  0,  0,  0,  0,  0,  0,  1,  0,  0,  0,  0,  4,  7,  0,  0,  5,  0,  0,  0,  0,  0,  0, ],
[ 0,  0,  0,  0,  0,  0,  0,  0,  0,  0,  0,  0,  0,  0,  0,  2,  0,  0,  0,  0,  0,  0,  0,  0, ],
[14,  2,  0,  0,  0,  0,  0,  0,  0,  0,  2,  0,  0,  0,  0,  0,  0,  0,  0,  0,  0,  0, 12,  5, ],
[ 0,  0,  0,  0,  0,  9,  0,  0,  0,  0,  0,  0,  0,  0,  0,  0,  7,  0,  0,  0,  0,  0,  0,  0, ],
[ 0,  0,  0,  6,  0,  0,  0,  0,  0,  0,  0,  0,  0,  0,  0,  0,  0,  0,  0,  0,  0,  0,  0,  7, ],
[ 0,  0,  0, 13,  0,  0,  0,  0,  0,  0,  0,  0,  0,  0,  0,  0,  0,  2,  0,  0,  0,  0,  0,  0, ],
[ 0,  0,  0,  0,  0,  2,  0,  0,  0,  0,  0,  0,  0,  0,  0,  0,  2,  1,  0,  0,  0,  0, 10,  0, ],
[ 8,  0,  0,  0,  0,  0,  0,  0,  0,  0,  0,  0,  0,  2,  0,  0,  0,  0,  0,  0,  0,  0,  0,  0, ],
[ 0,  0,  0,  0,  0,  0,  0,  0,  0,  0,  0,  0,  0, 14,  0,  0,  0,  8,  0,  4,  0,  0,  0,  0, ],
[ 0,  0, 11,  0,  0,  0,  0,  0,  0,  0,  0,  0,  0,  0,  0,  2,  0,  0,  0,  0,  0,  0,  0,  0, ],
[ 0,  0,  0,  0,  7,  0,  0,  0,  0,  0,  0,  0,  0,  0,  1,  2,  0,  0,  6,  0,  0,  0,  0,  0, ],
[ 2,  0,  0,  0,  0,  0, 11,  0,  4,  0,  0,  0,  0,  0,  0,  0,  0,  0,  0,  0,  0,  0,  0,  0, ],
[ 1,  0,  0,  0,  0,  0,  0,  0,  0,  0,  0,  5,  0,  0,  0,  0,  0,  0,  0,  0,  3,  0,  4,  0, ],
[ 0,  0,  0,  0,  0,  8,  0,  2,  0,  0,  0,  0,  0,  0,  0,  0,  0,  0,  0,  0,  0,  0,  0,  0, ],
[ 0,  0,  0,  0,  0,  0,  0,  0,  0,  0,  0,  0,  0,  0,  0,  0,  0,  0,  0,  3,  0,  0,  0,  0, ],
[ 0,  0,  0,  0,  0,  0,  0,  0,  0,  0,  0,  0,  0,  0,  0,  9,  0,  0,  0,  0,  0,  0,  0,  0, ],
[ 0,  0,  0,  0,  0,  0,  0,  0,  0,  0,  0,  0,  0,  0,  0,  0,  7,  0,  0, 14,  0,  0,  0,  0, ],
[ 0,  0,  0,  0,  7,  0,  0, 13,  0,  0, 14,  0,  0,  0,  0,  0,  0,  0,  0,  0,  0,  0, 10,  0, ],
[ 0,  0,  0,  0,  0,  0,  0,  0,  0,  0,  0,  0, 11,  0,  0,  0,  0,  2,  0,  0,  0,  0,  0,  4, ],
[ 4,  0,  0,  0,  0,  0,  8,  0,  0,  0,  0,  0,  0,  0,  0,  0,  0,  0,  0,  0,  0,  0,  2,  0, ],
[11,  0, 10,  0,  0,  0,  0,  0,  0,  0,  0,  0,  0,  0, 12,  0,  0,  0,  0,  0,  0,  0,  0,  0, ],
[ 0,  1,  0,  0,  1,  0,  0,  0,  0,  8,  0,  0,  0,  0,  0,  0,  0,  2,  0,  0,  0,  0,  0,  0, ],
[ 0,  0,  0,  0,  0,  2,  0,  0,  0,  0,  0,  0,  0,  0,  0,  0,  0,  0,  0,  0,  0,  0,  0,  0, ],
[ 0,  0,  2,  0,  0,  0,  0,  0,  0, 14,  0,  0,  0,  2,  0,  0,  0,  0,  0,  2,  0,  0,  0,  3, ],
[ 2,  0,  0,  0,  0,  0,  0,  0,  0,  0,  0,  0,  0,  0,  0,  0,  8,  0,  2,  0,  0,  0,  0,  0, ],
[ 0,  0,  0,  0,  0,  2,  0,  0,  0,  0,  0,  0,  0,  0,  0, 11,  0,  0,  0,  0,  0,  0,  0,  0, ],
[ 0,  0,  0,  0,  0,  0,  0,  0,  0,  0,  0,  0,  0,  0,  0,  0,  0,  0,  0,  0,  0,  0,  0,  0, ],
[ 0,  0,  0,  0,  0,  0,  0,  0,  0,  0,  0,  0,  0,  0,  0,  0,  0,  0,  0,  2,  6,  0,  0,  0, ],
[ 0,  2,  0, 11,  0,  0,  0,  0,  0,  0, 13,  0,  0,  0,  0,  0,  0,  2,  0,  0,  0,  0,  0, 14, ],
[ 0,  0,  0,  2,  0,  0,  0,  0,  0,  0,  0,  0,  2,  0,  0,  0,  0,  0,  0,  0,  0,  0,  0,  0, ],
[ 2,  0,  0,  0,  0,  0,  2,  0,  0,  0,  0,  0,  0,  0,  0,  2,  0,  0,  0,  0,  0,  0,  0,  2, ],
[ 0,  0,  0,  0,  0,  0,  0,  0,  0,  0,  0,  0,  8,  0,  0,  0,  0,  3,  0,  0,  0,  0,  0,  0, ],
[ 0,  0,  0,  0,  0,  0, 12,  0,  0,  0,  0,  0,  0,  0, 11,  0,  0,  0,  0,  0,  0,  0,  0, 10, ],
[ 0,  0,  0,  4,  0,  0,  0,  0,  0,  0,  0,  0,  0,  0,  0,  0,  0,  0,  0,  0,  0,  0,  0,  0, ],
[ 0,  0,  0,  0,  7,  0,  0,  0,  0,  0,  0,  0,  0,  0,  0,  0,  0,  0,  0,  2,  0,  2,  0,  0, ],
[ 0,  2,  0,  0,  0,  0,  0,  0,  0,  0,  0,  0,  0,  0,  0,  0,  2,  0,  0,  0,  0,  0,  0,  2, ],
[ 0,  0,  0,  0,  0,  0,  0,  0,  0,  0,  0,  0,  2,  0,  0,  0,  0,  0,  0,  0,  0,  0,  0,  0, ],
[ 4,  9,  0,  0,  0,  0,  8,  0,  0,  0,  0,  0,  0,  0,  0,  0,  0,  0,  0,  0,  0,  0,  0,  0, ],
[ 0,  0,  0,  0,  0,  0,  0,  0,  0,  0,  0,  0,  0,  0,  0,  0,  0,  0,  0,  0,  0,  0,  0,  9, ],
[ 0,  0,  0,  0,  0,  0,  0,  0,  0,  0,  0,  0,  0,  0,  0,  0,  0,  0,  0,  0,  0,  0,  0,  0, ],
[ 0, 11,  0,  0,  0,  0,  9,  6,  0,  0, 13,  0,  0,  0,  0,  0,  0,  0,  0,  0,  0,  0,  0,  0, ],
[ 0,  0,  0,  0,  0,  0,  0,  0,  0, 14,  0,  0,  0,  0,  0,  0,  0,  0,  0,  0, 10,  0,  0,  9, ],
[ 0,  0,  0,  0,  0,  0,  0,  8,  0,  0,  0,  0,  0,  0,  0,  0,  0,  0,  0,  0,  0,  0,  0,  0, ],
[ 0,  0,  0,  0,  0,  0,  0,  9,  0,  0,  0,  0,  0,  0,  0,  0,  0, 12,  0,  0,  0,  0,  0,  0, ],
[ 0,  0,  0,  0,  0,  0,  0,  0,  4,  0,  0,  0,  0, 11,  1,  0,  0,  0,  0,  0,  0,  0,  0,  0, ],
[14,  0,  0,  0,  0,  0,  0,  0,  0,  0,  0,  0,  0,  0,  0,  0,  0,  0,  0,  0,  0,  0,  0, 14, ],
[ 0,  0,  9,  0,  0,  0, 12,  0,  0,  0,  0,  5,  0,  0,  0,  0,  0, 10,  3,  0,  0,  0,  0,  0, ],
[ 0,  0,  0,  0,  0,  0,  0,  0,  0,  0,  0,  0,  7,  0,  3,  0,  0, 10,  0,  0, 10,  0,  0,  0, ],
[14,  0,  0, 13,  0,  0,  0,  0,  0,  0,  0,  0,  0,  0,  8,  1,  0,  6, 10,  0,  0,  0,  0,  0, ],
[ 0,  0,  0,  0,  0,  0,  0,  6,  0,  0,  0,  0, 13, 11,  0,  0,  0,  0,  0,  0,  0,  0,  0,  0, ],
[ 0,  0,  0,  0,  0,  0,  0,  0,  0,  0,  0,  0,  0,  0,  0,  0,  0,  0,  0,  0,  0,  0,  0,  0, ],
[ 0,  0,  0,  0,  0,  0,  0,  0,  0,  0,  0, 12,  0,  0,  0,  0,  0,  0,  0,  0,  0,  0,  0,  0, ],
[ 0,  0,  0,  0,  0,  0,  0,  0,  0,  0,  4,  0,  0,  0,  0,  0,  0,  0,  0,  0,  0,  4,  0,  0, ],
[ 0,  0,  0,  0,  0,  0,  0,  0,  0,  0,  0,  0,  0,  0,  0,  9,  0,  0,  0,  0,  0,  0,  0,  0, ],
[ 0,  0,  0,  0,  0,  0,  4,  0,  0,  0,  0,  0,  0,  0,  0,  0,  0,  0, 10,  0,  5,  0,  0,  0, ],
[ 0,  0,  0,  0,  8,  0,  0,  0,  0,  0,  0,  0,  0,  0,  0,  0,  0,  0,  0,  0,  0,  0,  0,  0, ],
[ 0,  0,  0,  0,  0,  0,  0,  0,  0,  0,  0,  0,  0,  0,  0,  0,  0,  0,  0,  0,  0,  0,  0,  0, ],
[ 0,  0,  0,  0,  0,  0,  0,  0,  0,  0,  0,  0,  0,  0,  7,  0,  0,  0,  0,  0,  0,  0,  0,  0, ],
[13,  0,  0,  0,  0,  5,  0,  0,  0,  4,  0,  0,  0,  0,  0,  0,  0,  0,  0,  0,  0,  0, 10, 13, ],
[ 0,  0,  0,  0,  0,  0,  0,  0,  0,  0,  0,  0,  0,  0,  0,  0,  0,  0,  0,  0,  0,  0,  0,  0, ],
[ 0,  0,  0,  0,  0,  0,  0,  0,  0,  0,  0,  0,  0,  0,  6,  0,  0,  0,  0,  0,  0,  0,  0,  0, ],
[ 0,  0,  0, 13,  0,  0,  4,  0,  0,  0,  0,  0,  0,  0,  0,  0,  0,  0,  0,  0,  0,  0,  0,  0, ],
[ 0,  0,  0,  0, 12,  0,  0,  7,  0, 13,  0,  0, 12,  0,  0,  0,  0,  0,  0,  0,  0,  9,  0,  0, ],
[ 0,  0,  0,  6,  0,  0,  0,  0,  0,  0,  0,  0,  0,  0,  0,  0,  0,  0,  0,  0,  5,  8,  0,  0, ],
[ 0,  0,  0,  0,  0,  0,  0,  0,  0,  0,  0,  0,  0,  0,  0,  0,  0,  0,  0,  0, 10,  0,  0,  0, ],
[ 0,  0,  0,  0,  0,  0,  8, 11,  0,  5,  0,  2,  0,  0,  0,  1,  0,  0,  0,  0,  0,  0,  0,  0, ],
[ 0,  0,  0,  0,  0,  0,  0,  0,  0,  0,  0,  0,  0,  0,  0,  0,  0,  0,  0,  0,  3,  0,  0,  0, ],
[ 0,  0,  0,  0,  1,  0,  0,  1,  0,  0,  0,  0,  0,  0, 14,  0,  0,  0,  0,  0,  0,  0,  0,  0, ],
[ 0,  0,  0,  1,  0, 12,  0,  0,  0,  0,  0,  0,  7,  0,  0,  0,  0,  0,  0,  0,  0,  0,  0,  0, ],
[ 0,  0,  0,  0,  0,  0,  0,  0,  0,  0,  0,  0,  0,  0,  0,  0,  0,  0,  0,  0,  0,  0,  0,  0, ],
[ 0,  0,  0,  0,  0,  0,  0,  0,  0,  0,  0,  0, 12,  5,  0,  0,  0,  0,  8,  0,  6, 12,  0,  0, ],
[ 0,  0,  0,  0,  0,  0,  0,  0,  4,  0, 11,  0,  0,  0,  0,  0,  0,  0,  0,  0,  9,  0,  0,  0, ],
[ 0,  0,  0,  0,  0,  0,  4,  0,  0, 14,  0,  0,  0,  0,  0,  0,  0,  0,  0,  0,  0,  2,  0,  0, ],
[ 0,  0,  0,  0,  0,  0,  0,  0,  0,  0,  0,  0,  0,  0, 11,  0,  0,  0,  0,  0,  0,  0,  0,  0, ],
[ 0, 11,  0,  0,  3,  0,  0,  0,  0,  0,  0,  0,  0,  0,  0,  0,  0,  0,  0,  0,  0,  0,  0,  0, ],
[ 0,  0,  7,  0, 11,  0,  0,  0,  0,  0,  0,  0,  8,  0,  0,  1,  0,  0,  0,  0,  0,  0,  0,  4, ],
[ 0,  0,  0,  0,  0,  0,  0,  5,  0,  0,  0,  0,  0,  0,  0,  0,  0,  0,  0,  0,  2,  0,  0, 14, ],
[ 0,  0,  0,  0,  0,  0,  0, 13,  0,  0,  0,  0,  0,  0,  0,  0,  0,  0,  0,  0,  0,  0, 13,  0, ],
[12,  0,  0, 14,  0,  7,  0,  0,  0,  0, 11,  0,  0,  0,  0,  0,  0,  3,  0,  0,  0,  0,  0,  0, ],
[ 0,  0,  0,  0,  0,  0,  0,  0,  0,  0,  0,  0,  0,  0,  0,  0,  0,  0,  0,  0,  0,  0,  0,  0, ],
[ 0,  4,  0,  0,  0,  0,  0,  0,  0, 10,  0,  0,  0,  0,  0,  0,  0,  0,  0,  0,  0,  0,  0,  5, ],
[ 0,  0,  0, 14,  0,  0,  0,  0,  0, 10,  0,  0,  0,  0,  0,  0,  0,  0,  0,  0,  0,  0,  0,  0, ],
[ 0,  0,  0,  0,  0,  0,  0,  0,  0,  0,  0,  0,  0,  0,  0,  0,  0,  0,  0,  0,  0,  0,  0,  0, ],
[ 0,  0,  0,  0,  0,  3,  0,  0,  0,  0,  0,  0,  0,  0,  0,  0,  0,  0,  0,  0,  0,  0,  0,  0, ],
[ 0,  0,  0, 13,  0,  0,  0,  0,  0,  0,  0,  0,  0,  0,  0,  0,  0,  0,  0,  0,  0,  5,  0,  0, ],
[ 0,  7,  0,  0,  0,  0,  0,  0,  0,  0,  0,  0,  0,  0,  0,  0,  0,  0,  0,  0, 12,  8,  0,  0, ],
[ 0,  0,  0,  0,  0,  4,  0,  0,  0,  0,  0,  0,  0,  0,  0,  0,  0,  0,  0,  0,  0,  0,  0,  0, ],
[ 0,  0,  0,  0,  0,  0,  0,  0,  8,  0,  0,  0,  0,  0,  0,  0,  0,  0,  0,  0,  0,  0,  0,  0, ],


[-1.0000, 0.8760, ],
[-0.4720, -0.1406, ],
[0.4796, 0.7273, ],
[0.3613, -0.0505, ],
[1.0000, -0.7913, ],
[0.2176, 0.5253, ],
[0.8373, 0.8699, ],
[0.1667, -0.1857, ],
[-0.1264, 0.4638, ],
[-0.3228, -0.5398, ],
[0.5413, 0.3196, ],
[-0.1023, -0.0684, ],
[0.3933, -0.2002, ],
[-0.0362, 0.2496, ],
[0.6744, -0.3650, ],
[-0.3722, 0.2299, ],
[-0.0233, -0.9050, ],
[0.0451, 0.8329, ],
[0.8037, 0.5859, ],
[0.1065, -0.3296, ],
[-0.5102, 1.0000, ],
[-0.3488, 1.0000, ],
[0.0767, 0.4928, ],
[-0.5527, 0.4290, ],
[0.0229, -0.6377, ],
[0.3701, 0.2626, ],
[0.5163, 0.2149, ],
[-0.2127, -0.1287, ],
[0.2395, 0.9336, ],
[1.0000, -0.1374, ],
[0.4297, -0.1375, ],
[-0.0235, 0.4126, ],
[0.6299, -0.3405, ],
[0.1035, -0.0189, ],
[-0.4145, -0.7072, ],
[-0.1881, 0.6817, ],
[-0.2585, 0.1642, ],
[-0.3033, 0.3693, ],
[-0.7702, 1.0000, ],
[-0.0806, -0.2474, ],
[1.0000, 0.2934, ],
[1.0000, -0.0968, ],
[-0.1897, 0.0775, ],
[-0.0369, 0.3194, ],
[0.0577, -0.4281, ],
[0.7897, -0.2922, ],
[-0.2975, -0.1793, ],
[-0.6997, -0.4328, ],
[-0.6134, -0.0754, ],
[0.9025, 0.9004, ],
[0.0755, 0.7839, ],
[0.0346, 0.6839, ],
[0.3469, 0.6172, ],
[-0.8747, -0.2914, ],
[0.0421, -0.8228, ],
[-0.9013, -0.6947, ],
[0.2484, 0.4592, ],
[0.8046, 0.7643, ],
[0.9127, 0.1099, ],
[0.5299, 0.3797, ],
[-0.3910, 0.3670, ],
[-0.8315, -0.6959, ],
[-0.6715, 0.2318, ],
[-0.5584, 0.7060, ],
[-0.9004, -0.3890, ],
[-0.6824, -0.1108, ],
[-0.2836, 0.8231, ],
[-0.7869, -0.2954, ],
[-0.2023, -0.7908, ],
[0.7419, 0.0127, ],
[0.4163, -0.8821, ],
[-0.3051, -0.3996, ],
[-0.8312, -0.8851, ],
[-0.4496, -0.3212, ],
[1.0000, -0.8908, ],
[-0.8646, 0.7765, ],
[0.0667, 0.4841, ],
[0.3103, 0.8166, ],
[0.6033, 0.7328, ],
[-0.4987, 0.9763, ],
[0.6293, 0.3790, ],
[0.8895, 0.2707, ],
[0.0122, 0.0779, ],
[0.0888, 0.6949, ],
[0.4155, -0.2238, ],
[-0.1840, 0.1184, ],
[-0.4593, 0.2596, ],
[0.7636, 0.7510, ],
[0.2508, 0.2458, ],
[-0.5083, -0.7127, ],
[-0.7214, 0.6908, ],
[0.5989, 0.6285, ],
[-0.5542, -0.4697, ],
[-0.6213, 0.1445, ],
[-0.7572, -0.2937, ],
[0.8832, 0.8300, ],
[0.0077, -0.0814, ],
[0.4195, -0.9661, ],
[-0.2834, 0.2457, ],
[-0.4539, -0.7300, ],


[14.0000, ],
[3.0000, ],
[3.0000, ],
[3.0000, ],
[10.0000, ],
[1.0000, ],
[11.0000, ],
[3.0000, ],
[7.0000, ],
[3.0000, ],
[9.0000, ],
[7.0000, ],
[8.0000, ],
[1.0000, ],
[12.0000, ],
[6.0000, ],
[6.0000, ],
[5.0000, ],
[7.0000, ],
[4.0000, ],
[9.0000, ],
[5.0000, ],
[8.0000, ],
[7.0000, ],
[7.0000, ],
[4.0000, ],
[2.0000, ],
[3.0000, ],
[7.0000, ],
[15.0000, ],
[7.0000, ],
[6.0000, ],
[12.0000, ],
[6.0000, ],
[1.0000, ],
[9.0000, ],
[5.0000, ],
[5.0000, ],
[0.0000, ],
[4.0000, ],
[14.0000, ],
[2.0000, ],
[4.0000, ],
[5.0000, ],
[12.0000, ],
[2.0000, ],
[5.0000, ],
[3.0000, ],
[1.0000, ],
[8.0000, ],
[3.0000, ],
[0.0000, ],
[14.0000, ],
[11.0000, ],
[3.0000, ],
[7.0000, ],
[7.0000, ],
[8.0000, ],
[15.0000, ],
[13.0000, ],
[19.0000, ],
[11.0000, ],
[0.0000, ],
[4.0000, ],
[4.0000, ],
[3.0000, ],
[8.0000, ],
[3.0000, ],
[0.0000, ],
[3.0000, ],
[16.0000, ],
[0.0000, ],
[3.0000, ],
[6.0000, ],
[18.0000, ],
[8.0000, ],
[4.0000, ],
[11.0000, ],
[2.0000, ],
[6.0000, ],
[8.0000, ],
[0.0000, ],
[16.0000, ],
[9.0000, ],
[7.0000, ],
[4.0000, ],
[6.0000, ],
[13.0000, ],
[7.0000, ],
[8.0000, ],
[17.0000, ],
[0.0000, ],
[8.0000, ],
[8.0000, ],
[0.0000, ],
[2.0000, ],
[6.0000, ],
[10.0000, ],
[2.0000, ],
[3.0000, ],


