[ 0,  0,  0,  0,  0,  0,  0,  0,  0,  0,  0,  0,  0,  5,  0,  0,  0,  0,  5,  0,  0,  1,  0,  0, ],
[ 0,  0,  0, 14,  4,  0,  0,  5,  0,  0,  0,  0,  0,  0,  0,  0,  0,  0,  0,  0,  0,  0,  0,  0, ],
[ 0,  0,  0,  0,  0, 11,  0,  4,  0,  0,  0,  0,  0,  0,  0,  0,  0,  0,  0,  0,  0,  0,  0,  0, ],
[ 0,  0,  0,  0,  0,  0,  0,  0,  0,  0,  0,  0,  0,  0,  0,  0,  0,  0,  0,  0,  0,  0,  0,  0, ],
[ 5,  0,  0,  0,  0,  0,  0,  0,  0,  0,  0,  0,  0,  0,  0,  0,  0,  0,  0,  0,  0,  0,  0,  6, ],
[ 0,  0,  0,  0,  0,  0,  0,  5,  0,  0,  0,  0,  0,  0,  0,  0,  0,  0,  0,  0,  0,  8,  0,  0, ],
[ 0,  0, 11,  0,  0,  0,  0,  1,  0,  0,  0,  0,  0,  0,  0,  0,  0,  0,  0,  7,  0,  0,  0,  9, ],
[ 0,  0,  0,  0,  0,  0,  0,  0,  0,  0,  0,  0,  0,  0,  0,  0,  0,  0,  0,  0,  0,  0,  0,  0, ],
[ 0,  0,  0,  0,  0, 11,  0,  8,  0,  0, 10,  0,  0,  0,  0,  0,  0,  0,  0,  0,  0,  0,  0,  0, ],
[ 0,  0,  3,  0,  0,  0,  0,  0,  0,  0,  0,  0,  0,  0,  0,  0,  0,  0,  0,  0,  0,  0,  0,  0, ],
[ 0,  0,  0,  0,  0,  0, 14,  0,  0,  0,  0,  0,  0,  0,  0,  0,  0,  0,  0,  0,  0,  0,  0,  0, ],
[ 0,  0,  0,  0,  0,  0,  0,  0,  0,  6,  0,  0,  0,  0,  0,  0,  0,  0,  2,  0,  0,  0,  0,  0, ],
[ 8,  0,  0,  0,  0,  0, 12,  0,  0,  0,  0,  0,  0, 11,  0,  0,  0,  0,  8,  0,  0,  0,  0,  0, ],
[ 0,  0,  0,  0,  0,  0,  0,  0,  0,  0,  0,  0,  0,  0,  2,  0,  0,  6,  0, 10,  0,  0,  0,  5, ],
[ 0,  0,  0,  0,  0,  0,  0, 14,  0,  0,  0,  0,  0,  0,  0,  0,  0,  0, 12,  0,  0,  0,  0,  0, ],
[ 0,  0,  0,  0,  0,  0,  0,  0,  5,  0,  0,  0,  0,  0,  5,  0,  0,  0,  0, 10,  0,  0,  0,  0, ],
[ 0,  6,  0,  0,  0,  0,  0,  0,  0,  0,  5,  0,  7,  0,  0,  0,  0,  0,  0,  0,  0,  0,  0,  0, ],
[ 0,  0,  0,  0,  0,  0,  4,  0,  0,  7,  0,  0,  0,  0,  0,  0,  8,  0,  0,  0,  0,  0,  0,  0, ],
[ 0, 13,  0,  0,  0,  0,  0,  0,  0,  0,  0,  0,  0,  0,  0,  0,  0,  0,  0,  0,  0,  0,  5,  0, ],
[ 5,  0,  0,  0,  0,  0,  0,  0,  0,  0,  0,  0,  0,  0,  0,  0,  0, 10,  0,  0,  0,  0,  0,  0, ],
[ 0,  0,  0,  0,  0,  0,  0,  0,  0,  0,  0,  0,  0,  0,  0,  0,  0,  0,  0,  0,  0,  0,  0,  0, ],
[ 0,  0,  0,  0,  0,  3,  0,  0,  0,  0,  0,  0,  0,  0,  0,  0,  0,  0,  0,  0,  0,  0,  0,  0, ],
[ 0,  0,  0,  0,  0,  0,  0,  0,  0,  0,  0,  0,  0,  2,  0,  0,  0,  0,  6,  0,  0,  0,  0,  0, ],
[ 3,  0,  0,  0,  0, 14,  0,  0,  0,  0, 14, 13,  0,  0,  0,  0,  0,  0,  0,  0,  0,  0,  0,  0, ],
[ 0,  0,  0,  0,  0,  0,  0,  0,  0,  0,  0,  0,  0,  0,  0,  0,  0,  0,  0,  0,  0,  0,  0,  0, ],
[ 0,  0,  0,  4,  0,  0,  0,  0,  0,  0,  0,  0,  0,  0,  0,  0,  9,  0,  0,  0,  0,  0,  0,  0, ],
[ 0,  0,  0,  0,  0,  0,  0,  0,  0,  0,  0,  0,  0,  0,  0,  1,  0,  6,  0,  0,  0,  0,  0,  0, ],
[ 6,  0,  0,  0,  0,  0,  0,  0,  0,  7,  0,  0,  0,  4,  0,  0,  0,  0,  0, 10,  0,  0,  0,  0, ],
[ 0, 10,  0,  0,  0,  0,  0,  0,  0,  0,  0,  0,  0,  0,  0,  0,  0, 10,  0, 14,  0,  0,  0,  0, ],
[ 0,  0,  0,  0,  0,  0,  0,  0,  0,  0,  0,  0,  0,  0,  0,  0,  0, 11,  0,  2,  0,  0,  0,  0, ],
[ 0,  0,  0,  0,  0,  0,  0,  0,  0,  0,  0,  0,  0,  0,  0,  0,  0,  0,  0,  0,  0,  0,  0,  0, ],
[ 0,  0,  0,  0,  0,  4,  0,  0,  0,  0,  0,  0,  0,  0,  0,  0,  0,  0,  0,  1,  0,  0,  0,  0, ],
[ 0,  0,  0,  0,  0,  0,  0,  0,  0,  0,  0,  0,  2,  0,  0,  0,  0,  0,  5,  0,  0,  0,  0,  0, ],
[ 0,  0, 11,  0,  0,  0,  0,  0,  0,  0,  0,  5,  0,  0,  0, 11,  0,  0,  0,  0,  0,  0,  0,  0, ],
[ 0,  0, 14,  0,  0,  1,  0,  0,  0,  0,  0,  0,  0,  0,  0,  0,  0,  0,  0,  0, 11, 11,  0,  0, ],
[ 0,  9,  0,  0,  0,  0,  0,  0,  0,  0,  0,  0,  0,  0,  0,  0,  0,  0,  0,  0,  0,  0,  0,  0, ],
[ 0,  0,  0,  0,  0,  0,  0,  0,  0,  0,  0,  0,  0,  0,  0,  0,  0,  0,  0,  0,  0,  0,  0,  0, ],
[ 0,  0,  0,  0,  0,  0,  0,  0,  0,  0,  0,  0,  0,  0,  0,  0, 14,  0,  0,  0,  0,  0,  0,  0, ],
[ 0,  0,  0,  0,  0,  0,  0,  2,  0,  0,  0,  0,  0,  0,  0,  0,  0,  0,  0,  0,  0,  0,  0,  0, ],
[ 0,  0,  0,  0,  0,  0,  0,  0,  0,  0,  7,  0, 10,  0,  9,  0,  0,  0,  0,  0,  0,  0,  0,  0, ],
[ 0,  0,  0,  0,  0,  0,  0,  0,  0,  0,  0,  0,  0,  0,  0,  0,  1,  0,  0,  0,  0,  0,  0,  0, ],
[ 0,  0,  0,  0,  0,  0,  0,  0,  0, 10,  0, 10,  0,  0,  0,  0,  0,  0,  0,  0,  0,  0,  0,  0, ],
[ 0,  0,  0,  0,  0,  0,  2,  7,  0,  0,  0,  0,  0, 11,  0,  8,  0,  0,  0,  1,  0,  0,  0,  0, ],
[ 0,  0,  0,  0,  0,  0,  0,  0,  0,  0,  0,  0,  2,  0,  0,  0,  0,  0,  0,  0, 13,  0,  0,  0, ],
[ 0,  0,  0,  0,  0,  0,  0,  0,  7,  0,  0,  0,  0,  0,  0,  0,  0,  0,  0,  0,  0,  0,  0,  0, ],
[ 0,  0,  0,  6,  0,  0,  0,  0,  0,  0,  0,  0, 11,  0,  0,  0,  4,  0,  0,  0,  0,  0,  0,  0, ],
[ 0,  0,  0,  0,  0,  6,  0,  0,  0,  0,  0,  0,  0,  0,  0,  0,  0,  0,  0,  0,  0,  0,  0,  0, ],
[ 3,  0,  0,  0,  0,  0,  0,  0,  0,  0,  0,  0,  0,  0,  0,  0,  0,  0,  0,  0,  0,  0,  0,  0, ],
[ 0,  0,  8,  5,  9,  0,  0,  0,  0,  0,  0,  0,  0,  0,  0,  0,  0,  0,  0,  0,  0,  0,  0,  0, ],
[ 0,  0,  0,  0,  5,  0,  0, 11,  0,  0,  0,  0,  0,  0,  0,  0,  0,  0,  0,  0,  0,  0,  0,  0, ],
[ 9,  0,  0,  0,  0,  0,  0,  0,  0,  0,  0,  0,  0,  0,  0,  0,  0,  0,  0,  0,  0,  0,  0,  0, ],
[ 0,  0,  0,  0,  0,  0,  0,  0,  0, 14,  0,  0,  0,  0,  0,  0,  0,  6,  0,  0,  0,  0,  0,  0, ],
[ 0,  0,  0,  0,  0,  0,  0,  0,  0,  0,  0,  0,  0,  0,  0,  0,  0,  0,  0,  0,  0,  0,  0,  0, ],
[ 0,  0,  0,  0,  0,  4,  0,  0,  0,  0,  0,  0,  7,  2,  2,  0,  0,  0,  0,  0,  0, 14,  0,  0, ],
[ 0,  0,  0,  0,  0,  0,  0,  5,  0,  0,  0,  0,  0,  0,  0,  0,  0,  0,  0,  0,  0,  0,  0,  0, ],
[ 0,  0,  0,  0,  0,  0,  0,  0,  0,  0,  0,  0,  0,  0,  0,  0,  0,  0,  0,  0,  0,  0,  7,  0, ],
[ 0,  0,  0,  0, 13,  0,  0,  0,  0,  0,  0,  4,  5,  0,  0,  0,  3,  0,  4,  0,  0,  0,  0,  0, ],
[ 0,  0,  0,  0,  0,  0,  0,  0, 10,  0,  0,  0,  0,  0,  0,  0,  0,  0,  0,  0,  0,  0,  0,  0, ],
[ 0,  0,  1,  0,  0,  0,  0,  0,  0,  0,  0,  0,  0, 12,  0,  0,  0,  0,  0,  0,  2,  0,  0,  0, ],
[ 0,  0,  0,  0,  0,  0,  0,  0,  0,  0,  0,  8,  0,  0,  0,  0,  0,  0,  9,  0,  0,  0,  0,  0, ],
[13,  0,  0,  0,  0,  0,  0,  0,  0,  0,  0,  0,  0,  0,  0,  0,  6,  0, 11,  0,  0,  0,  0,  0, ],
[ 0,  0,  0,  0,  0,  0,  0,  0,  0,  0, 10,  0,  0,  0,  0,  0,  0,  0,  0,  0,  0,  0,  0,  0, ],
[ 0,  0,  0,  0,  9,  0,  0,  0,  0,  0, 14,  0,  0,  1,  4,  0,  0,  0,  0,  0,  0,  7,  0,  0, ],
[ 0,  0,  0,  0,  0,  0,  0,  0,  0,  0,  0,  0,  0,  0,  0,  0,  0,  0,  0,  0,  0, 11,  0,  0, ],
[ 0,  0,  0,  0,  0,  0, 10,  0,  4,  0,  0,  0,  0,  0,  0,  0,  0,  0,  0,  0,  0,  0,  0,  0, ],
[ 0,  0,  0,  0,  0,  0,  0,  0,  7,  0,  0,  0,  0,  0,  0,  0,  0,  0,  0,  0,  0,  0,  0,  0, ],
[ 0,  0,  0,  0,  0,  0,  9,  0,  0,  0,  0, 12,  0,  0,  0,  0,  0, 10,  0,  0,  0, 14,  0,  0, ],
[ 0,  0,  0,  0,  0,  0,  0,  0,  0,  0,  0,  0,  0,  0,  0,  0,  0,  0,  0,  0,  0,  0,  8,  0, ],
[ 0,  0,  3,  0,  0,  0,  0,  1,  0,  0,  0,  0,  0,  1,  0,  0,  0,  0,  0,  4,  0,  4,  0,  0, ],
[ 0,  0,  0,  0,  0,  0,  0,  0,  0,  0,  0,  0,  0,  0,  0,  0,  0, 14,  0,  0,  0,  0,  0,  0, ],
[ 9,  0,  0,  0,  0,  0,  0,  2,  0,  0,  0,  0,  0,  0,  0,  0,  0,  0, 11,  0,  0,  0,  0,  0, ],
[ 0,  0,  0,  0,  0,  0,  0,  0,  0,  0,  0,  0,  0,  0,  0,  0,  0,  0,  0,  0, 14,  9,  6,  5, ],
[ 0,  0,  0,  0,  0,  0, 13,  0,  0,  0,  0,  0,  2,  0,  0,  0,  0,  0,  0,  0,  0,  0,  0,  0, ],
[ 0,  0,  0, 13,  0, 11,  0,  0,  0,  0,  0,  0,  0,  0,  0,  0,  0,  0,  0,  0,  0,  0,  0,  0, ],
[ 1,  7,  0,  0,  0,  0,  0,  0,  0,  0,  0,  0,  0,  0,  0,  0,  0,  0,  4,  0,  0,  0,  0,  0, ],
[ 0,  7,  0,  0,  0,  1,  0,  0,  0,  0,  0,  0,  0,  0,  0,  0,  0,  0,  0,  0,  0, 12,  8,  0, ],
[ 0,  0,  0,  0,  0,  0,  0, 13,  0, 13,  0,  0,  0,  0, 13,  8,  0,  0,  0,  0,  0,  7,  0,  0, ],
[ 0,  0,  0,  0,  0,  0,  0,  0,  0,  0,  0,  0,  0,  0,  0,  0,  0,  0,  9,  0,  0,  0,  0,  0, ],
[ 0,  0,  0,  0,  8,  0,  0,  0,  0,  0,  0,  0,  0,  0,  0,  0,  0,  0,  0,  3,  0,  0,  0,  0, ],
[ 0,  4,  5,  0,  0,  0,  0, 11,  0,  0,  0,  0,  0,  0,  0,  0,  0,  0,  0,  0,  0,  0,  0,  0, ],
[ 0,  0,  0,  0,  0,  0,  0,  0,  0,  0,  0,  0,  0,  0, 10,  0,  0,  5,  0,  0,  0, 14,  0,  0, ],
[ 0,  0,  4,  0,  0, 14,  0,  0,  0,  0,  0,  0,  0,  0,  0,  0,  0,  0,  0,  0,  0,  0,  0,  0, ],
[ 0,  0,  0,  0,  0,  0,  0,  6,  0,  0,  0,  0,  0,  0,  0,  0,  0,  0,  0,  0,  0,  0,  0,  0, ],
[10,  0,  0,  0,  0,  0,  0,  0,  4,  0,  0,  0,  0,  0,  0,  0,  0,  0,  0,  0,  0,  0,  0,  4, ],
[ 0,  0,  0,  0,  3,  0, 12,  0,  0,  0,  0,  0,  0,  0,  0,  0,  0,  0,  4,  0,  0,  0,  0,  0, ],
[ 0,  0,  0,  0,  0,  0,  0,  0,  0,  0,  0,  0,  0,  0,  0,  0,  0,  0,  0,  0,  0,  0,  0,  0, ],
[ 0,  0,  2,  0,  0,  0,  5,  0,  0,  0,  0,  0,  0,  0,  0,  0, 14,  9,  0,  0,  5,  0,  0,  0, ],
[ 0,  0,  0,  0,  0,  0,  0,  0,  0,  5,  0,  0,  0, 14,  0,  0,  0,  0,  0,  0, 13, 13,  0,  0, ],
[ 0,  0,  0,  0, 11,  0,  0,  0,  0,  0,  0,  5,  0,  0,  0,  0,  0,  0,  3,  0,  0,  0,  0,  0, ],
[ 0,  0,  0,  0,  0,  0,  0,  0,  0,  2,  0,  0,  1,  0,  0,  0,  0,  0,  0,  0,  0,  0,  0,  0, ],
[ 0,  0,  0,  0,  0,  0,  0,  0,  2,  5,  0,  0,  0,  0,  0, 11,  0,  0,  9,  0,  0,  0,  1,  6, ],
[10,  0,  0,  0,  0,  0,  0,  0,  0,  0,  0,  0,  0,  0,  4,  0,  0,  0,  0,  0,  0,  0,  0,  0, ],
[ 0,  0,  0,  0,  0,  0,  0,  8,  0,  0,  0,  0,  0,  0,  0,  0,  0,  0, 13,  0,  6, 13,  9,  0, ],
[ 0,  8,  0,  0,  4,  0,  0,  0,  0,  0,  0,  0,  0,  0,  0,  0,  0,  0,  0, 13,  0,  0, 12,  0, ],
[ 0,  0,  0,  0,  8,  0,  0,  0,  0,  0,  0,  5,  0,  0,  0,  0,  0, 12,  0,  0, 12,  3,  0,  0, ],
[ 0,  0,  3,  0,  0,  0,  0,  0,  0,  0,  0,  0,  0,  0,  0,  0,  0,  7,  0,  0,  7,  0,  0,  0, ],
[ 0,  0,  0,  0,  0,  0,  0,  0,  0,  0,  0,  0,  0,  0,  0,  0,  0,  0,  0,  0,  0,  0,  0,  0, ],
[ 0,  0,  0,  0,  0,  0,  0,  0,  0,  0,  0,  0,  0,  0,  0,  0,  0,  0,  0,  0,  0,  0,  0,  0, ],
[ 0,  0,  0, 10,  0,  0,  0,  0,  0, 14,  0,  0,  0,  0, 12,  0,  0,  0,  0,  0, 12,  0,  0,  0, ],
[ 0,  0,  0,  0,  0,  0,  0,  3,  0,  0,  0,  0,  0,  0,  0,  0,  0,  0,  0,  0,  0,  0,  0,  0, ],


[0.4356, -1.0000, ],
[0.0936, -0.8739, ],
[-0.0598, 0.5262, ],
[0.9054, -0.3408, ],
[-0.2120, 0.9113, ],
[0.5352, 0.2447, ],
[-0.7711, -0.5990, ],
[0.1754, 0.6504, ],
[-0.0216, 0.3882, ],
[-0.4674, 0.5013, ],
[0.4663, 0.0745, ],
[-0.3013, 0.0095, ],
[-0.6282, -0.2279, ],
[-0.3923, 0.5505, ],
[0.0840, 0.4680, ],
[-0.5398, 0.0612, ],
[0.0587, 0.9630, ],
[0.1581, 0.5736, ],
[0.7264, -0.0547, ],
[0.1461, -0.1136, ],
[0.9586, 0.4008, ],
[0.3659, -0.3555, ],
[0.3797, 0.3533, ],
[-0.9830, -0.4890, ],
[0.9675, -0.7258, ],
[0.0282, 0.2175, ],
[0.5420, 0.5869, ],
[-0.0816, 0.6235, ],
[0.4392, 0.4018, ],
[0.6201, -0.6506, ],
[-1.0000, -0.1987, ],
[-0.0150, 0.4126, ],
[-0.9285, -0.0428, ],
[0.9173, 0.6348, ],
[0.8959, 0.7838, ],
[-0.6965, 0.3860, ],
[0.4696, -0.3843, ],
[0.2296, -0.2322, ],
[-1.0000, -0.4119, ],
[1.0000, -0.7491, ],
[0.5101, -0.8416, ],
[0.0371, 0.3993, ],
[0.9493, -0.1699, ],
[0.3908, -0.9777, ],
[0.7420, -0.5946, ],
[0.8689, -0.4370, ],
[-0.5499, -0.1949, ],
[-0.5838, 0.4626, ],
[-0.1486, 0.4757, ],
[0.8335, 0.3947, ],
[0.5296, -0.1825, ],
[0.6566, 0.2012, ],
[0.4295, -0.9378, ],
[0.1308, -1.0000, ],
[0.5487, 0.8879, ],
[0.5071, -0.2532, ],
[0.7066, -0.1538, ],
[0.3906, 0.4427, ],
[-0.8627, 0.5266, ],
[0.0224, 0.7780, ],
[0.4738, 0.4364, ],
[-0.4520, 0.1473, ],
[-0.5801, 0.0230, ],
[0.1756, 0.2326, ],
[0.9262, -0.0252, ],
[0.2762, -0.2003, ],
[0.9458, 0.3921, ],
[0.4257, -0.4616, ],
[-0.7927, 0.9222, ],
[0.5156, 0.0322, ],
[-0.6160, 0.6705, ],
[0.1495, 0.2594, ],
[-0.0762, -0.3915, ],
[0.1800, 0.5203, ],
[0.2875, 0.7594, ],
[-1.0000, -0.0340, ],
[0.0423, 0.1391, ],
[0.9813, 0.9585, ],
[0.0422, 0.2367, ],
[-0.4481, -0.7088, ],
[-0.2222, 0.3492, ],
[-0.1470, 0.3424, ],
[-1.0000, 0.8858, ],
[-0.5096, 0.7448, ],
[-0.9284, 0.1088, ],
[-0.4762, -0.4417, ],
[0.0169, 0.4984, ],
[0.9722, 0.4191, ],
[0.5298, -0.6705, ],
[-0.2419, -0.3668, ],
[-0.4733, 0.4211, ],
[-0.2296, 0.5267, ],
[-0.2718, -0.4762, ],
[-0.5694, -0.1613, ],
[-0.4398, -0.9472, ],
[-0.4740, -0.0964, ],
[-0.4644, 0.0358, ],
[1.0000, 0.4222, ],
[0.9333, 0.1989, ],
[0.4009, -1.0000, ],


[5.0000, ],
[8.0000, ],
[6.0000, ],
[0.0000, ],
[5.0000, ],
[5.0000, ],
[11.0000, ],
[0.0000, ],
[11.0000, ],
[2.0000, ],
[4.0000, ],
[4.0000, ],
[14.0000, ],
[10.0000, ],
[8.0000, ],
[8.0000, ],
[8.0000, ],
[8.0000, ],
[6.0000, ],
[6.0000, ],
[0.0000, ],
[2.0000, ],
[4.0000, ],
[14.0000, ],
[0.0000, ],
[5.0000, ],
[4.0000, ],
[12.0000, ],
[12.0000, ],
[5.0000, ],
[0.0000, ],
[3.0000, ],
[3.0000, ],
[10.0000, ],
[13.0000, ],
[3.0000, ],
[0.0000, ],
[4.0000, ],
[1.0000, ],
[10.0000, ],
[1.0000, ],
[8.0000, ],
[12.0000, ],
[5.0000, ],
[3.0000, ],
[9.0000, ],
[3.0000, ],
[2.0000, ],
[8.0000, ],
[6.0000, ],
[3.0000, ],
[7.0000, ],
[0.0000, ],
[11.0000, ],
[2.0000, ],
[3.0000, ],
[12.0000, ],
[4.0000, ],
[6.0000, ],
[6.0000, ],
[11.0000, ],
[4.0000, ],
[13.0000, ],
[4.0000, ],
[6.0000, ],
[3.0000, ],
[15.0000, ],
[3.0000, ],
[8.0000, ],
[4.0000, ],
[8.0000, ],
[12.0000, ],
[5.0000, ],
[8.0000, ],
[6.0000, ],
[11.0000, ],
[18.0000, ],
[3.0000, ],
[5.0000, ],
[8.0000, ],
[10.0000, ],
[6.0000, ],
[3.0000, ],
[8.0000, ],
[8.0000, ],
[0.0000, ],
[12.0000, ],
[14.0000, ],
[8.0000, ],
[2.0000, ],
[14.0000, ],
[6.0000, ],
[17.0000, ],
[13.0000, ],
[15.0000, ],
[8.0000, ],
[0.0000, ],
[0.0000, ],
[16.0000, ],
[2.0000, ],


