[ 4,  0,  0,  0,  0,  0, 13,  0,  0,  0,  0,  0,  0,  0,  2,  0,  0,  0,  0,  0,  0,  0,  0,  0, ],
[ 0,  0,  0,  0,  0,  0,  0,  0,  0,  0, 14,  0,  0,  0,  9,  0,  0,  0,  0,  0,  0,  0,  0,  0, ],
[ 0,  0,  0,  0,  0,  0,  0,  0,  0,  0,  0,  0,  0, 14,  0,  0,  0,  0,  0,  0,  0,  0,  0,  0, ],
[12,  0,  0,  0,  0,  0,  0,  0,  0,  0,  0,  0,  0,  0,  0, 10, 11,  0,  0,  0,  0,  0,  0,  0, ],
[ 0,  0,  0,  0,  0,  0,  0,  0,  0,  9,  0,  0,  0,  1,  0,  0,  0,  0,  0,  0,  0,  0,  4,  0, ],
[ 0,  0,  0,  0,  0,  0,  4,  0,  0,  0,  0,  0,  0,  0,  0,  0,  0, 10,  0,  0,  0,  0,  0,  0, ],
[ 0,  0,  0,  0,  0,  0,  2,  1,  0,  0,  0,  0,  0,  0,  0,  2,  0,  0,  0,  3,  0,  0,  0,  0, ],
[ 0,  0,  0,  0,  0,  0,  0,  0,  6,  0, 10,  0,  0,  0,  0,  0,  0,  0,  0,  0,  0,  0,  0,  0, ],
[ 0,  0,  0,  0,  0,  0,  0,  0,  0,  0,  0,  0,  0,  0,  0,  0,  0,  0,  0,  0,  0,  0,  0,  0, ],
[ 0,  0,  0,  0,  0,  0,  0,  0,  0,  0, 11,  0,  0,  0,  0,  0,  0,  0,  0,  0,  0,  0,  0,  0, ],
[ 5,  0,  0,  0,  0,  0,  0,  0,  0,  0,  0,  0,  0,  0,  0,  0,  0,  0,  0,  0,  0,  0,  0,  0, ],
[ 0,  0,  0,  0,  6,  0,  0,  0,  0,  0,  0,  0,  0,  0,  1,  0,  0,  0,  0,  0,  0,  0,  0,  0, ],
[ 0,  0,  0,  0, 14,  0, 12,  0,  0,  0,  0,  0,  0,  0,  0,  0,  0,  0,  0,  0,  3,  0,  0,  0, ],
[13,  8,  0,  0,  0,  0,  0,  2,  0,  0,  0,  0,  0, 10,  0,  0,  0,  0,  0,  0,  0,  0,  0,  0, ],
[ 0,  0,  0,  0,  0,  0,  0,  6,  0,  0,  0,  0,  0,  0,  0,  0,  8,  0,  0, 11,  0,  0,  0,  0, ],
[ 0,  0,  0,  0,  0,  0,  0,  0,  0,  0,  0,  0,  0,  0,  0,  0,  0,  0,  0,  0,  0,  0,  0,  0, ],
[ 1,  8,  0,  0, 11,  0,  0,  0,  0,  0,  0,  0,  0,  6,  0,  0,  0,  0,  1,  0,  0,  0,  0,  0, ],
[ 0, 11,  0,  3,  7,  0,  0,  0,  0,  0, 13, 14,  0,  0,  0,  0,  0,  0,  0,  0,  0,  0,  0,  0, ],
[ 0,  0,  0,  0,  0,  0,  0,  0,  0,  0,  0,  0,  0,  0,  0,  0,  0, 13,  0,  0,  0,  0,  0,  0, ],
[ 0, 12,  0,  0,  0,  0,  0,  0,  0,  0,  0,  0,  0,  0,  0,  0,  0,  5,  0,  0,  6,  0,  1,  0, ],
[12,  9,  0,  0,  0,  0,  0,  0,  0,  0,  0,  0,  0,  0,  0,  0,  0,  0,  0,  5,  0,  0,  0,  0, ],
[ 0,  0,  0,  0,  0, 10,  0,  0,  7,  0,  8,  0,  0,  0,  0,  0,  0,  2,  0,  0,  0,  0,  0,  0, ],
[ 0,  0,  0,  0,  0,  0,  0,  0, 10,  0,  0,  0,  0,  0,  0,  0,  0,  0,  0,  0,  0,  0,  0,  0, ],
[ 0,  0,  0,  0,  0,  0,  0,  0,  0,  0,  0,  0,  0,  1,  0,  0,  4,  0,  0,  0,  0,  0,  1,  0, ],
[ 0,  0,  0,  0,  0,  0,  0,  9,  8,  0,  0,  0,  0,  0,  0,  0,  0,  0,  0,  0,  0,  0,  0,  0, ],
[ 0,  0,  0,  0,  0,  4,  0,  0,  0,  0,  0,  0,  1,  9,  0,  0,  0,  0,  0,  0,  0,  0, 12,  0, ],
[ 0,  0,  0,  0,  0,  0,  8,  0,  0,  0,  0,  0,  0,  0,  0,  0,  0,  0,  0,  0,  0,  0,  0,  0, ],
[ 0,  0,  0,  0,  9,  0,  0,  0,  0,  0,  0,  0,  0,  0,  0,  0,  0,  0,  0,  0,  0, 13,  0,  0, ],
[ 0,  0,  0,  0,  0,  0,  0,  0,  0,  0,  0,  0,  3,  0,  0,  0,  0,  0,  0,  0,  0,  0,  0,  0, ],
[ 0,  0,  0,  0,  0,  0,  0,  0,  0,  0,  0, 11,  0,  0,  0,  0,  0,  0,  0,  0,  0,  0,  0,  0, ],
[ 0,  0,  0,  0,  0,  0,  0,  0,  0,  0,  0,  0, 11,  0,  0,  0,  0,  0,  6,  0,  0,  0,  0, 13, ],
[ 0,  0,  0,  2,  0, 14,  0,  0,  0,  0,  0,  0,  0,  0,  0,  0,  0,  0,  0,  0,  0,  0,  0,  0, ],
[ 0,  0,  0,  0,  0,  0,  0,  0,  0,  0,  0,  0,  0,  0,  0,  0,  0,  0,  0,  0,  0,  0,  4,  0, ],
[ 0,  0,  0,  0,  0,  0,  0,  0,  0,  0,  0,  0,  0,  0,  0,  0,  0,  2,  0,  3,  0, 11,  0,  0, ],
[ 0,  0,  0,  0,  0,  0,  0,  0,  0,  0,  3,  0,  0,  0,  0,  0,  0,  0,  0,  0,  0,  0,  0,  0, ],
[ 0,  0,  0,  0,  0,  0,  0,  0,  5,  0,  0,  0,  0,  0,  0,  0,  0,  0, 11,  0,  0,  0,  0,  0, ],
[ 0,  0,  0,  0,  0,  0,  0, 13,  0,  8,  0,  0,  0,  0,  0,  0,  0,  0,  0,  0,  0,  0,  0,  2, ],
[ 0,  0,  0,  0,  0,  0,  0,  0,  0,  0,  4,  0,  0,  1,  0, 11,  0,  0,  0,  0,  0,  0,  0,  0, ],
[ 0,  0,  8,  0,  0,  0,  0,  0,  0,  0,  0,  4,  0,  0,  0, 10,  0,  0, 14,  0,  0,  0,  0,  5, ],
[ 0,  0,  0,  0,  0,  0,  5,  0,  0,  0,  0,  0,  0,  7,  0,  0,  0,  0,  0,  0,  0,  0,  4,  0, ],
[ 0,  0,  0,  0,  7,  0,  0,  0,  0,  0,  0,  0,  0,  0,  0,  0,  0, 13,  0,  0,  0,  0,  0,  0, ],
[ 0,  0,  0,  0,  0,  0,  0,  0,  0, 10,  0, 10,  0,  0,  0,  0,  0,  0,  0,  0,  0,  0,  0,  0, ],
[ 0,  0,  0,  0,  0,  0,  0,  0,  0,  0,  0,  0,  0,  0,  1,  0,  0,  0,  0,  0,  0,  0,  0,  0, ],
[ 0,  0,  0,  0,  2,  0,  0,  0,  0,  0,  0,  0, 10,  0,  0,  0,  0,  0,  0,  0,  0,  8,  0,  0, ],
[ 0,  0,  0,  4,  0,  0,  0,  0,  0,  0,  7,  0,  0,  0,  7,  0,  0,  0,  0,  0,  0,  0,  0,  0, ],
[ 0,  0,  0,  0,  0,  0,  0,  0,  0,  0,  0,  0,  0,  0,  0,  0,  0,  0, 12,  0,  0,  0,  0,  0, ],
[ 0,  0,  0,  0,  0,  0,  0,  0,  0,  0,  0,  0,  0, 14,  0,  0,  0,  0,  0,  0,  0,  0,  0,  3, ],
[ 0,  0,  5,  0,  0,  0,  0,  0,  3,  0,  0,  2,  0,  1,  4, 10,  0,  9,  4,  0,  0,  0,  0,  0, ],
[ 0,  0, 13, 11,  0,  0,  3,  0,  0,  0,  0,  0,  0, 10,  0,  0,  0,  0,  0,  0,  0,  0,  0,  0, ],
[ 0,  0,  0,  0,  0,  2,  0,  0,  0,  0,  0,  0, 10,  0,  0,  0, 12,  0,  0,  0,  0,  0,  0,  0, ],
[ 0,  0,  0, 13,  0,  0,  0,  0,  0,  0,  0,  0,  0,  0,  0,  0,  0,  0,  0,  0, 13,  0,  0,  0, ],
[ 0,  0,  0,  0,  0,  0,  0,  0,  0,  9,  0,  0,  0,  0,  0,  0,  0,  0,  0,  0,  0,  0,  0,  0, ],
[ 0,  0,  0,  7,  0,  0,  0,  0,  0,  0,  0,  0,  0,  0,  0,  0,  0,  0,  0,  0,  0,  0,  0,  0, ],
[ 0,  0,  0,  0,  0,  0,  0,  0,  0,  0,  0,  0,  0,  0,  0,  0,  0,  0,  5,  0,  0,  0,  0,  0, ],
[ 0,  0,  0,  0,  0,  0,  0,  0,  0,  0,  0,  0,  0,  0,  0,  0,  0,  0,  0, 10,  0,  0,  0,  0, ],
[ 0,  0,  0,  0,  0,  0,  0,  0,  0,  0,  0,  0, 11,  0,  0,  0,  0,  0,  0,  0,  0,  0,  0,  0, ],
[ 0,  0, 13,  4,  0,  0,  0,  0,  0,  0,  0,  0,  9,  0,  7,  0,  0,  0,  0,  0,  0,  0,  0,  0, ],
[ 0,  0,  0,  0,  2,  0,  0,  0,  0,  0,  0,  0,  0,  0,  0,  0,  0,  0,  0,  0,  0,  0,  0,  0, ],
[ 0,  0,  0,  0,  0,  0,  0,  0,  0,  0,  0,  0,  0,  0,  0,  0,  0,  0,  0,  0,  0,  0,  0,  0, ],
[ 0,  0,  0,  0,  0,  0,  0,  0,  0,  0,  0,  0,  0,  0,  0,  0,  0, 13,  0,  0,  0,  0,  0,  0, ],
[ 0,  0,  0,  0,  0,  0,  0,  9,  0,  0,  0,  0,  0,  0,  6,  0,  0,  0,  0,  0,  0,  7,  0,  0, ],
[ 0,  0,  0,  0,  0,  0,  0,  0,  0,  0,  0,  0,  0,  0,  0,  0,  0,  0,  0,  0,  0,  0,  0,  0, ],
[ 0,  0,  0,  0,  0,  0,  0,  0,  0,  0,  0,  0,  8,  0,  0,  0,  0,  0,  0,  5,  0,  0,  0,  0, ],
[ 0,  0,  0,  0,  0,  0,  0,  0,  0,  0,  4,  0,  0,  0,  0,  0,  0,  0,  0,  0,  0,  0,  0,  0, ],
[ 0, 11,  0,  0,  0,  0,  5,  0,  0,  0,  0,  0,  0,  1,  0,  0,  0,  0,  0,  0,  0,  0,  0, 11, ],
[ 0,  0,  0,  0,  0,  0,  0,  0,  0,  0,  0,  0,  0,  0,  0,  0,  0,  0,  0,  0,  0,  0,  0,  0, ],
[ 0,  0,  0,  0,  0,  0,  0,  0,  0,  0,  0,  0,  0,  0,  0,  0,  0,  0,  0,  9,  0,  0, 10, 13, ],
[ 0,  0,  0,  0,  0,  0,  0,  0,  0,  0,  0,  0,  0,  0,  0,  0,  0,  0,  0,  0,  0,  0,  0,  0, ],
[ 0,  0,  0,  0,  0,  0,  0,  0,  0,  8,  0,  0,  0,  0,  0,  0,  0,  0,  0,  0,  0,  0,  0,  0, ],
[ 0,  0,  0,  0,  0,  0,  0,  0, 13,  0, 11,  0,  8,  0,  0,  0,  0,  0,  0,  0,  0,  0,  0,  0, ],
[10,  0,  0,  0,  0,  0,  0,  0,  0,  0,  0,  9,  0,  0,  0,  0,  0,  0,  2,  0,  0,  0,  0,  0, ],
[ 0,  0,  0,  0,  0,  0,  4,  0,  0,  0,  2,  0,  0,  0,  0,  0,  0,  0,  0,  0,  0, 13,  3,  0, ],
[ 0,  0, 14,  0,  0,  0,  0,  0,  0,  0,  0,  0,  0,  0,  0,  0,  0,  0,  0,  0,  0,  0,  0,  0, ],
[ 0,  0,  0,  0,  0,  0,  0,  0,  0,  0, 10,  0,  0,  0,  0,  0,  0,  0,  0,  0,  0,  0,  0,  0, ],
[ 0,  0,  0,  0,  0,  0,  0,  0,  0,  0,  0,  0,  0,  0,  0,  0,  0,  0,  0,  0,  0,  0,  0,  0, ],
[ 0,  8,  0,  0,  0,  0,  0,  0,  0,  5,  0,  0,  4,  0, 14,  0,  0,  0,  0,  0,  0,  0,  0,  0, ],
[ 0,  0,  0,  0,  0,  0,  0,  0,  0,  0,  0,  0,  0,  0,  0,  0,  0,  0,  0,  9,  0,  8,  0,  0, ],
[14,  2,  0,  0,  0,  0,  0,  0,  0,  0,  0,  0,  0,  0,  0,  0,  0,  0,  9,  0,  0, 14,  0,  0, ],
[ 0,  0,  0,  0,  0,  0, 13,  0,  0,  0,  0,  0,  0,  0,  0,  0,  0,  0,  0,  0,  3,  0,  0,  0, ],
[ 0,  0,  0,  0,  0,  0,  4,  0,  0,  0,  0,  0,  0,  0,  0,  0,  0,  0,  0,  0,  0,  0, 10,  0, ],
[ 4,  0,  0,  9,  0,  0, 14,  3,  0,  0,  0,  0,  0,  0,  0,  7,  0,  8,  0, 13,  0,  0,  0,  0, ],
[ 0,  0,  4,  0,  0,  0,  0,  0,  0,  0,  7,  0,  0,  0,  0,  0,  2,  0,  0,  0,  0,  0,  0,  0, ],
[ 0,  0,  0,  0,  0,  0,  0,  0,  0,  0,  4,  0,  0,  0,  0,  1,  6,  0,  8,  0,  0,  0,  0,  0, ],
[ 0,  0,  0,  0, 11,  0,  0,  0,  0,  0,  0,  0,  0,  0,  0,  0,  2,  0,  0,  0,  0,  0,  0,  0, ],
[ 0,  0,  0,  0,  0,  0,  0,  0,  0,  0,  0,  0,  0,  0,  0,  0,  0,  7,  3,  0,  0,  0,  0,  0, ],
[ 0,  0,  0,  0,  0,  0,  0,  0,  0,  1,  0,  0,  0,  0,  8,  0,  0,  0,  0,  0,  0,  2,  0,  0, ],
[ 0,  0,  0,  0,  0,  0,  0,  0,  0,  0,  0, 13,  0,  0,  0,  0,  0,  0,  0,  0,  0,  0,  0,  0, ],
[ 0,  0,  0,  0,  0,  0,  0,  0,  0,  0,  0,  0,  0,  0,  2,  0,  0,  0, 14,  0,  3,  0,  0,  7, ],
[ 0,  0,  0,  0, 11,  0,  0,  0,  0,  0,  0,  3,  0,  0, 11,  0,  0,  0,  0,  0,  0,  9,  4,  0, ],
[ 0,  0, 11,  0,  7,  0,  0, 13,  0,  0,  0,  0,  0,  3,  0,  0,  0,  0, 12,  0,  9,  0,  0,  0, ],
[ 0, 10,  0,  0, 13, 12,  0,  0,  0,  0,  0,  5,  0,  0,  0, 12,  0,  0,  0,  0,  0,  0,  1,  0, ],
[ 0,  0,  0,  0,  0, 11,  0,  0,  7,  0,  0,  0,  0,  0,  0,  0,  0,  0,  0,  0,  0,  0,  2,  0, ],
[ 0,  0,  0,  0,  0,  0,  0,  0,  0,  0,  0,  0,  0,  0,  0,  0,  0,  7,  1,  0,  0,  0,  0,  0, ],
[ 0,  0,  0,  0,  0,  0,  0,  9,  0,  0,  0,  0,  0,  0,  0,  0,  0,  0,  0,  0,  0,  0,  0,  0, ],
[ 0,  0,  0,  0,  0,  0, 10,  5,  0,  0,  0,  0,  0,  7,  0,  0,  3,  0,  0,  0, 12,  0,  9,  0, ],
[ 0,  0,  0,  0,  0,  0,  0,  0,  0,  0,  0,  0,  0,  0,  0,  0,  0,  0,  0,  0,  0,  0,  0,  0, ],
[ 0,  0,  0,  0,  0,  0, 13,  0,  0,  0,  0,  5,  0,  0,  0,  0,  0, 14,  0,  0,  0,  0,  0,  0, ],
[ 0,  0,  9,  0,  5,  0,  0,  0,  0,  0,  0,  0,  0,  0,  0,  0,  0,  0,  0,  0,  0,  0,  0,  0, ],
[ 0,  0,  0, 10,  0, 13,  0,  0,  0, 10,  0,  8,  0,  2,  0,  0,  0,  0,  0,  0,  0,  0,  0,  0, ],
[ 0,  0,  0,  0,  0,  0,  0,  0,  2,  0,  0,  0,  0,  0, 10,  0,  0,  3,  3,  0,  0,  0,  0,  0, ],


[0.8823, -0.2369, ],
[0.1763, -0.2687, ],
[-0.0349, -0.3829, ],
[-0.0892, 0.2007, ],
[0.8362, 0.8428, ],
[0.6284, -0.1843, ],
[-0.8129, 0.4139, ],
[0.2709, 0.1522, ],
[-0.2500, -0.6367, ],
[-0.5427, 0.6284, ],
[-0.9564, 0.0369, ],
[-0.0702, -0.3936, ],
[0.3525, -0.7967, ],
[0.5478, 0.4730, ],
[0.6143, 0.6715, ],
[-0.7195, -0.2283, ],
[-0.3817, -0.5363, ],
[-0.1027, 0.8329, ],
[0.3837, -0.0019, ],
[0.3889, -0.4070, ],
[0.6911, 0.6939, ],
[0.4450, 0.2562, ],
[0.7415, -0.1775, ],
[-0.9850, 0.3043, ],
[0.6395, -0.0115, ],
[0.1900, 0.4645, ],
[0.7344, -0.4214, ],
[0.2083, -0.3573, ],
[0.3207, 0.4581, ],
[0.7645, -0.3493, ],
[-0.6725, 0.3575, ],
[0.0570, 0.5866, ],
[0.8421, -0.0000, ],
[0.3643, 0.7290, ],
[0.8300, 0.6214, ],
[-0.6935, 0.1791, ],
[-0.8656, 1.0000, ],
[-0.3944, -0.2322, ],
[0.3555, 0.9702, ],
[0.9578, 0.5129, ],
[0.5101, -0.9995, ],
[0.0428, 0.2151, ],
[0.2508, 0.3183, ],
[0.3784, 0.5149, ],
[0.9247, -0.2164, ],
[0.2527, 0.8498, ],
[0.0527, -0.2215, ],
[-0.4525, 0.8086, ],
[-0.8495, -0.8849, ],
[0.8619, 0.7292, ],
[0.4698, 0.0179, ],
[0.1052, -0.4706, ],
[0.1344, -0.7793, ],
[0.0293, -0.4418, ],
[-0.3224, 0.4517, ],
[0.6900, -0.3709, ],
[0.7069, -0.1251, ],
[0.3906, 0.2034, ],
[-0.9087, 0.3572, ],
[0.3029, -0.7221, ],
[0.4209, 0.1153, ],
[0.3471, 0.4771, ],
[-0.6715, 0.0031, ],
[0.4317, -0.1056, ],
[1.0000, -0.2170, ],
[0.6448, -0.8289, ],
[0.8068, 0.2936, ],
[0.2609, -1.0000, ],
[0.1944, 0.2149, ],
[0.7419, 0.1504, ],
[0.8789, 0.3812, ],
[-0.6794, 0.3175, ],
[-0.3311, 0.2909, ],
[-0.1759, -0.4195, ],
[-0.7352, 0.6899, ],
[-1.0000, -0.2645, ],
[0.9651, 0.2934, ],
[0.9827, 0.0457, ],
[0.2413, 0.1786, ],
[-0.4987, 0.0585, ],
[-0.3575, -0.8133, ],
[-0.0735, 0.7391, ],
[0.1487, 0.9419, ],
[-0.5096, -1.0000, ],
[-0.1658, 0.1693, ],
[-0.4125, -0.4797, ],
[0.1868, 0.4899, ],
[0.8031, 0.4645, ],
[-0.1857, -0.6787, ],
[0.6047, -0.8390, ],
[-0.1535, -0.2380, ],
[-0.1178, -0.3861, ],
[0.0519, -0.4762, ],
[-0.7469, 0.1912, ],
[-0.2982, -1.0000, ],
[-0.3817, 0.0697, ],
[-0.9603, -0.0396, ],
[0.6376, -0.5417, ],
[0.4802, 0.2023, ],
[0.4009, 0.8566, ],


[7.0000, ],
[7.0000, ],
[4.0000, ],
[12.0000, ],
[6.0000, ],
[6.0000, ],
[5.0000, ],
[7.0000, ],
[0.0000, ],
[4.0000, ],
[2.0000, ],
[4.0000, ],
[10.0000, ],
[12.0000, ],
[10.0000, ],
[0.0000, ],
[12.0000, ],
[17.0000, ],
[4.0000, ],
[10.0000, ],
[9.0000, ],
[11.0000, ],
[4.0000, ],
[4.0000, ],
[6.0000, ],
[10.0000, ],
[3.0000, ],
[7.0000, ],
[2.0000, ],
[4.0000, ],
[11.0000, ],
[5.0000, ],
[2.0000, ],
[7.0000, ],
[2.0000, ],
[6.0000, ],
[8.0000, ],
[7.0000, ],
[15.0000, ],
[7.0000, ],
[7.0000, ],
[8.0000, ],
[1.0000, ],
[8.0000, ],
[8.0000, ],
[4.0000, ],
[6.0000, ],
[17.0000, ],
[14.0000, ],
[9.0000, ],
[8.0000, ],
[3.0000, ],
[3.0000, ],
[2.0000, ],
[4.0000, ],
[4.0000, ],
[12.0000, ],
[1.0000, ],
[0.0000, ],
[4.0000, ],
[9.0000, ],
[0.0000, ],
[5.0000, ],
[2.0000, ],
[11.0000, ],
[0.0000, ],
[11.0000, ],
[0.0000, ],
[3.0000, ],
[11.0000, ],
[8.0000, ],
[9.0000, ],
[4.0000, ],
[4.0000, ],
[0.0000, ],
[11.0000, ],
[6.0000, ],
[12.0000, ],
[6.0000, ],
[6.0000, ],
[21.0000, ],
[6.0000, ],
[9.0000, ],
[5.0000, ],
[5.0000, ],
[5.0000, ],
[4.0000, ],
[10.0000, ],
[15.0000, ],
[20.0000, ],
[19.0000, ],
[8.0000, ],
[4.0000, ],
[3.0000, ],
[18.0000, ],
[0.0000, ],
[10.0000, ],
[5.0000, ],
[16.0000, ],
[9.0000, ],


