[ 0,  0,  0,  0,  0,  0,  0,  0,  0,  0,  0,  0,  0,  0,  0,  0,  0,  9,  0,  0,  0,  0,  0,  0, ],
[ 0,  0,  0,  0,  0,  0,  0,  0,  0,  0,  0,  0,  0,  0,  0,  0,  0,  0,  0,  2,  0,  0,  0,  0, ],
[ 0,  0,  0,  3,  0, 13,  0,  0,  0,  0,  0,  0,  0,  0,  0,  0, 13,  0,  0,  0,  0,  0,  0,  0, ],
[ 0,  0,  0,  0,  0,  0, 11,  0,  0,  0,  0, 12,  0,  0,  0, 10,  0,  0,  0,  0,  0,  0,  0,  0, ],
[ 0,  0,  0,  0,  0,  0,  0,  0,  0,  9,  0,  0,  0, 11,  0,  0,  0,  0,  0,  0,  0,  0,  0,  0, ],
[ 0,  0,  0,  0,  0,  0,  0,  0,  4,  0,  0,  0,  0,  0,  9,  0,  0,  0,  0,  0,  0,  0,  0,  0, ],
[ 0,  0,  0,  0,  0,  0, 13,  0,  0,  0,  0,  0,  0,  0,  0,  0,  0,  0,  0,  0,  0,  0,  0,  0, ],
[ 0,  0,  0,  0,  0,  0,  0,  0,  6,  0, 10,  0,  0,  0,  0,  0,  0,  0,  0,  0,  0,  0,  0,  0, ],
[ 0,  0,  0,  0,  0,  0,  0,  0,  0,  4,  0,  0,  0,  0,  0,  0,  0,  0,  0,  0,  0,  0,  0,  0, ],
[ 0,  0,  3,  0,  0,  0,  6,  0,  0,  0,  0, 14,  0,  0,  0,  0,  0,  0,  0,  0,  0, 13,  0,  0, ],
[ 0,  0,  0,  0,  0,  0,  0,  0,  0,  0,  0,  2,  1,  0,  0,  0,  0,  0,  0,  5,  0,  0,  0, 14, ],
[ 0,  0,  0,  0,  0,  0,  0,  0,  0,  0,  0,  0,  0,  0,  0,  0,  0,  0,  0,  0,  0,  0,  0,  0, ],
[ 0,  0,  0,  0,  0,  0,  0,  0,  1,  0,  0,  0,  0,  0,  0,  0, 14,  0,  0,  0,  0,  0,  0,  0, ],
[ 0,  0,  0, 12,  0,  0,  5,  0,  0,  0,  0, 10,  0, 10,  0,  0,  4,  0,  0,  0,  4,  0,  0,  0, ],
[ 0, 13,  0,  0,  0,  3,  0,  0,  0,  5,  0,  0,  0,  0,  0,  0,  0,  0, 12,  0,  0,  1,  0,  0, ],
[ 9,  0,  0,  0,  0,  0,  0,  0,  0,  0,  0,  0,  0, 13,  0,  0,  0,  0,  0,  0,  1,  0,  0,  0, ],
[ 0,  0,  0,  0,  0,  0,  0,  0,  0,  0,  5,  0,  7,  0,  0,  0,  0,  0,  0,  0,  0,  0,  0,  0, ],
[ 0,  0,  0,  0,  0,  0,  0,  0,  0,  0,  0,  9,  2,  0,  0,  0,  0,  0,  0,  0,  0,  0,  0,  0, ],
[ 0,  0,  0,  0,  0,  0,  0,  0,  1,  0,  0,  0,  0,  0,  0,  0,  0,  0,  0,  0,  0,  0,  0,  0, ],
[ 0,  0,  0,  0,  0,  0,  0,  0,  0,  0,  0,  0,  0,  0,  0,  0,  0,  0,  0,  0,  0,  0,  0,  0, ],
[ 0,  0,  0,  0,  0,  4,  0,  0,  0,  0,  0,  0,  7,  0,  0,  0,  0,  0,  3,  0, 14,  5,  0,  0, ],
[ 0,  0,  0,  0,  0,  0,  0,  0,  0,  0,  8,  0, 10,  0,  0,  0,  0,  0,  0,  0,  0,  0,  0,  0, ],
[ 0,  0,  0,  0,  0,  0,  0,  0, 10,  0,  0,  0,  0,  0,  0,  0,  0,  0,  0,  0,  0,  0,  0,  0, ],
[ 0,  0,  0,  0,  0,  0,  0,  0,  0,  0, 14,  0,  0,  0,  0,  0,  0,  0,  0,  0,  0,  0,  0,  0, ],
[ 0,  0,  0,  0,  0,  0,  0,  0,  6,  0,  0,  0,  0,  0,  0,  0,  0,  0,  0,  0,  0,  0,  0,  0, ],
[ 0,  0,  0,  0,  0,  0,  0,  0, 11,  0,  0,  0,  0,  0,  0,  0,  0,  0,  0,  0,  0,  0,  0,  0, ],
[ 0,  0,  0,  0,  0,  0,  8,  0,  0,  0,  0,  0,  0,  0,  0,  0,  0,  0,  0,  0,  0,  0,  0,  5, ],
[ 0,  0,  0,  5,  0,  0,  0,  0,  0,  0,  0,  0,  7,  0,  0,  0,  0,  0,  0,  0,  0,  0,  0,  0, ],
[ 1,  5,  0,  0,  0,  0,  0,  0, 13,  0, 12,  2,  0,  0, 14,  0,  0,  0,  0,  0,  0,  0,  0,  0, ],
[ 0,  0,  0,  0,  0,  0,  0,  0,  0,  3,  0,  0,  2,  0,  0,  0,  1,  0,  0,  2,  0,  0,  0,  0, ],
[ 8,  0,  0,  0,  0,  2,  0,  0,  0,  0,  0,  0,  0,  0,  0,  0,  0,  0,  1,  0,  0,  0,  0,  0, ],
[ 0,  0,  0,  0,  0,  0,  0,  0,  0,  0,  0,  0,  0,  0,  0,  0,  6, 14,  0,  4,  0,  0,  0,  0, ],
[ 0,  0,  0,  0,  0,  0,  0,  0,  0,  0,  0,  0,  0,  0,  0,  0,  0,  0,  0,  0,  0,  0,  0,  0, ],
[ 0,  0,  0,  0, 10,  0,  0,  0,  0,  0,  0,  0,  0, 13,  0,  0,  0,  0,  0,  0,  0,  0,  0,  0, ],
[ 0,  0, 14,  0,  0,  0, 12,  0,  0,  0,  0,  0,  0,  0,  0,  0,  0,  3,  0,  0,  0,  0,  0,  0, ],
[ 0,  0,  0,  0,  0,  0,  0,  0,  0,  0,  0,  0,  0,  0,  0,  0,  0,  0,  0,  0,  0,  0,  0,  6, ],
[ 0,  0,  0,  0,  0,  0,  0,  0,  0,  0,  0,  0,  0,  0,  0,  0,  0,  0,  0,  0,  0,  0,  0,  0, ],
[ 0,  0,  0,  0,  0,  0,  0,  0,  0,  0,  0,  0,  0,  0, 13, 11,  0,  0,  6,  0,  0,  0,  0,  0, ],
[ 0,  0,  0,  1,  0,  0, 10,  1,  0,  0,  0,  8,  0,  0,  0,  0,  0,  0,  0,  0, 11,  0,  0,  0, ],
[12,  0,  0,  0,  0,  0,  0,  0,  0, 11,  0,  0,  0,  0,  0,  0,  0,  0,  0,  0,  0,  0,  0,  0, ],
[ 0,  0,  0,  0,  0,  0,  0,  3,  0,  7,  0,  0,  0,  0,  0,  5,  0, 13,  0,  0,  0,  0,  0,  0, ],
[ 0,  0,  0,  0,  0,  0,  0,  0,  0, 10,  0, 10,  0,  0,  0,  0,  0,  0,  0,  0,  0,  0,  0,  0, ],
[ 0,  0,  0,  0,  0,  0,  0,  0,  0,  0,  0,  0,  0,  0,  0,  0,  0,  0, 14,  0,  0,  0,  0,  0, ],
[ 0,  0,  0,  0,  0,  0,  0,  0,  0, 12,  0,  5,  0,  0,  0,  0,  0,  0, 11,  0,  0,  0,  0,  0, ],
[ 0,  0,  0,  0,  0,  0,  0,  0,  0,  0,  0,  0,  0,  0,  0,  7,  0,  0,  5,  0,  0,  0,  0,  0, ],
[ 0,  0,  0,  0,  0,  0,  0,  0,  0,  0,  0,  0,  0,  4,  0,  0,  4,  0,  0,  0,  0,  0,  0,  0, ],
[ 0,  0,  0,  0,  0,  0,  0,  0,  5,  0,  0,  4,  0,  0,  1,  0,  0,  0,  0,  4,  0,  0, 10, 14, ],
[ 0,  0,  0,  0,  0,  0,  0,  0,  0,  0,  0,  0,  0,  0,  0, 10,  0, 10,  0,  0,  0,  0,  0,  6, ],
[ 0,  0,  0, 11,  0,  0,  0,  0,  0,  0,  0,  0,  0,  0,  0,  0,  0,  0,  0,  0,  0,  0,  0,  0, ],
[ 0,  0,  0,  0,  5,  0,  0,  0,  0,  9,  0,  0,  0,  0,  0,  0,  0,  8,  0,  0,  0,  0,  0,  0, ],
[ 0, 12, 14,  0,  0,  0,  0, 11,  0,  0,  0,  0,  0,  0,  0,  0,  0,  0,  0,  0,  0,  0,  0,  2, ],
[ 0,  0,  0,  0,  0,  0,  0,  0,  0,  0,  0,  0,  0,  0,  0,  0,  0,  0,  0,  0,  0,  0,  0,  0, ],
[ 0,  0,  0,  0,  7,  0,  0,  0,  0,  0,  0,  0,  0,  0,  0,  0,  0,  0,  0,  0,  0,  0,  0,  0, ],
[ 0,  0,  0,  0,  0,  0,  0,  0,  0,  0,  0,  1,  0,  0,  0,  0,  0,  0,  0,  0,  0,  0,  0,  0, ],
[ 0,  0,  0,  0,  0,  0,  7,  0,  0,  0,  0,  0,  0,  0,  1,  0,  4,  0,  0,  0,  0,  0,  0,  0, ],
[ 0,  0,  0,  0,  0,  0,  0,  6,  0,  0,  0,  0,  0,  0,  0,  0,  0,  0,  0,  0,  0,  0,  0,  0, ],
[ 0,  0,  0,  0,  0,  0,  0,  0,  0,  0,  0,  0,  0,  8,  0,  0,  6,  0,  0,  0,  0,  0,  0,  0, ],
[ 0,  0,  7,  0,  0,  0,  0,  0,  0,  0,  0,  0,  0,  0,  0,  0,  0,  2,  0,  0,  0,  0,  0,  0, ],
[ 0,  0,  0,  0,  2, 12,  0,  0,  0,  0, 13,  0,  0,  0,  0,  0,  3,  0,  0,  0,  0,  0,  0,  0, ],
[ 0,  4,  0,  0,  0,  0,  0,  0,  0,  0,  0,  0,  0,  0,  0,  0,  0,  0, 14,  0,  0,  0, 11,  0, ],
[ 0,  0,  0, 14,  0,  0,  0,  0,  0,  0,  0,  0,  0,  0,  0,  0,  0,  0,  0,  0,  0,  0,  0,  0, ],
[ 0,  9,  0,  0,  0,  0,  0,  0,  0,  0,  0,  0,  0,  0,  4,  0,  0, 12,  0,  0,  0,  0,  0,  0, ],
[ 0,  0, 11,  0,  9,  0,  0,  0,  0,  0, 12,  0,  0,  0,  0,  0,  0,  0,  0,  0,  0,  0,  2,  3, ],
[ 0,  0,  0,  0,  0,  0,  0,  0,  0,  0,  5,  0,  0,  0,  0,  0,  0,  0,  3,  0,  0,  9,  0,  0, ],
[ 0,  0,  0,  0,  0,  0,  0,  0,  0,  0,  0,  0,  0,  0,  0,  0,  0,  0,  0,  0,  0,  0,  0,  0, ],
[ 0,  0,  0,  0,  0,  0,  0,  0,  0,  0,  0,  0,  0,  7,  0,  0,  0,  0,  0,  0,  0,  0,  0,  0, ],
[ 0,  0,  0,  0, 12,  0,  0,  0,  0,  0,  0,  0,  0,  0,  0,  0,  0,  0,  0,  0,  0,  0,  0, 13, ],
[ 0,  0,  0,  0,  0,  0,  0,  0,  2,  0,  0,  0,  0,  0,  0,  0,  0,  0,  9,  0, 11,  0,  0,  2, ],
[ 0,  0,  0,  0,  0,  0,  0,  0,  0,  8, 10,  0,  0,  0,  0,  0,  0,  0,  0,  0,  0,  0,  0,  0, ],
[ 8,  0,  5,  0,  7,  8,  0,  0,  0,  0,  0,  0,  6,  0,  5,  0,  0,  0,  2,  0,  0,  0,  0,  0, ],
[ 0,  0,  0,  0,  0,  0,  0,  2,  0,  0,  0,  1,  0,  0,  0,  0,  0,  0, 11,  0,  0,  0,  0,  0, ],
[ 0,  0,  0,  0,  0,  0,  0,  0,  0,  0,  0,  0,  0,  0,  0,  0,  0,  0,  0,  0,  0,  0,  6,  0, ],
[ 0,  0, 12,  0,  0,  0,  0,  0,  0,  0,  0,  0,  2,  0,  0,  0,  0,  0,  0, 14,  0,  0,  0,  0, ],
[ 0,  0,  0,  0,  0,  0,  0,  0,  0,  0,  0,  0,  0,  0,  0,  0,  0,  0,  0,  0,  0,  0,  0,  0, ],
[ 0,  0,  0,  0,  0,  0,  0,  0,  0,  0,  0,  0,  0,  0,  0,  6,  0,  0,  0,  0,  0,  0,  0,  0, ],
[ 0,  0,  0,  0,  0,  0,  0,  0,  0,  0,  0,  0,  0,  0,  0,  0,  0,  0,  0,  0,  0,  0,  0,  0, ],
[ 0, 14,  4,  0,  0,  0,  0,  0,  0,  0,  0,  0,  0,  0,  0,  0,  0,  0,  0,  9,  0, 14,  0,  0, ],
[ 0,  2,  0,  0,  0,  0,  0,  0, 13,  0,  0,  0,  0,  0,  0,  0,  0,  0,  0,  0,  0,  0,  0,  0, ],
[ 0,  0,  0,  0,  0,  0,  0,  0,  0,  0,  0, 10,  2,  2,  0,  0,  0,  0,  0,  3,  0,  0, 10,  0, ],
[ 0,  0,  5,  0,  0,  0,  0,  0,  1,  0,  0,  0,  0,  0,  0,  0,  0,  0,  0,  0,  0,  0,  0,  0, ],
[ 0,  0,  0,  0,  0,  0, 14,  0,  0,  0,  0,  7,  0,  0,  0,  0,  0,  0,  0,  0,  0,  0,  0,  0, ],
[ 0,  0,  0,  0,  0,  0,  0,  0,  0,  0,  0,  0,  0,  7,  0,  0,  0,  0,  0,  0,  0,  0,  0,  0, ],
[ 2,  0,  0,  0,  0,  9,  0,  0,  0,  0,  0, 14,  0,  0,  0,  0,  0,  0, 10,  0,  0,  0,  0,  0, ],
[ 0,  0,  0,  0, 11,  0,  0,  0,  0,  0,  0,  0,  0,  0,  0,  0,  0,  0,  0,  0,  0,  5,  0,  0, ],
[ 0, 10,  0,  0,  0,  0,  0,  0,  0,  0,  0,  0,  0, 12,  0,  1,  1,  0,  0,  0,  0,  0,  0,  0, ],
[ 0,  0,  0, 14,  0,  0,  0,  0,  0,  0,  0,  0,  0,  0,  0,  0,  0,  0,  0,  0,  0,  0,  0,  4, ],
[ 0,  0,  0,  0,  0,  0,  0,  0,  0,  5,  0,  0,  0,  0,  0,  0, 14,  0,  0,  3,  0,  4,  0,  3, ],
[ 0,  0,  0,  0,  0,  0,  0,  0,  4,  0,  0,  0,  0, 14,  0,  0,  0,  0,  0,  0,  0,  7,  0,  0, ],
[ 0,  0,  0,  0,  0,  0,  0,  0,  0,  0,  0,  0,  0,  0,  0,  0,  7,  0,  0,  0,  0,  0,  5,  0, ],
[ 0,  0, 11,  0,  0,  0,  0,  0, 13,  0,  0,  0,  0,  0,  0,  0,  7,  0,  0,  0,  0,  0,  0,  6, ],
[ 0,  0,  0,  2,  0,  0,  0,  0,  0,  0,  0,  5,  0,  0,  0,  0,  0,  0,  0,  0, 10,  0,  0,  0, ],
[ 0,  0,  0,  0,  0,  0,  0,  0,  0,  0,  0,  0,  0,  4,  0,  0,  0,  0,  0,  0,  0,  0,  2,  0, ],
[ 0,  0, 13,  0,  0,  0,  0,  7,  0,  2,  0, 14,  0,  0,  0,  0,  0,  0,  0,  0,  0,  0,  0,  0, ],
[ 0,  0,  0,  0,  0,  0,  0,  0,  0,  0,  0,  0,  0,  0,  0,  0,  0,  0,  0,  0,  0,  0,  0,  0, ],
[ 0,  0,  0,  0,  0,  0,  0,  0,  0,  0,  0,  5,  0,  0,  0,  0,  0,  0,  0,  0,  0,  0,  0, 11, ],
[ 0,  0,  0,  0, 10,  0,  0,  0,  0,  0,  0,  0,  0,  0,  0,  0,  0,  0,  0,  0,  0,  0,  0,  0, ],
[ 0,  0,  0,  0,  0,  0,  0, 12,  0,  0,  0,  0,  8,  0,  0,  0,  0,  0,  0, 14,  2,  0,  0,  0, ],
[ 9,  0,  0,  0,  0,  0,  0,  0,  0,  0,  0,  0,  0,  0,  0,  0,  5,  0,  0,  0,  0,  0,  0,  0, ],
[ 0,  0,  0,  0,  0,  0,  0,  0,  9,  0,  0,  0,  0,  0,  0,  0,  0,  0,  0,  0,  0,  0,  0,  0, ],
[ 0,  0,  0,  0,  0,  0,  0,  0,  0,  0,  0,  0,  0,  0,  0,  4,  0,  0,  0,  0,  0,  0,  0,  0, ],


[1.0000, -0.9791, ],
[0.0936, -0.7945, ],
[-0.1793, -0.4578, ],
[-0.1974, 0.2335, ],
[0.7753, 1.0000, ],
[0.5352, -0.0777, ],
[-0.6180, 0.3886, ],
[0.1797, 0.2612, ],
[-0.1601, -0.6367, ],
[-0.3888, 0.6284, ],
[0.5171, -0.2416, ],
[0.2860, -0.4763, ],
[-0.6377, -1.0000, ],
[0.5217, 0.0556, ],
[0.2292, 0.5290, ],
[-0.6144, -0.1375, ],
[0.6770, -0.4623, ],
[-0.0442, 0.9819, ],
[0.4370, -0.0133, ],
[-0.1299, -0.8517, ],
[0.7917, 0.0814, ],
[0.3044, 0.2562, ],
[0.6455, -0.2544, ],
[-1.0000, -0.7122, ],
[0.7690, -0.7265, ],
[0.2180, -0.0819, ],
[-1.0000, 0.7187, ],
[0.1359, 0.7637, ],
[0.5521, 0.2685, ],
[-0.4610, -0.5069, ],
[-0.5565, 0.3850, ],
[-0.0150, 0.5525, ],
[0.9062, -0.2005, ],
[0.3643, 0.5523, ],
[-0.2922, -0.0419, ],
[-0.4870, 0.3075, ],
[-0.7624, 0.1238, ],
[0.6061, 0.0068, ],
[1.0000, 0.9702, ],
[0.8271, 0.5131, ],
[0.5101, -0.6780, ],
[0.0371, 0.2151, ],
[0.3937, 0.4169, ],
[0.3531, -0.6628, ],
[0.2063, -0.3178, ],
[0.2527, 0.8498, ],
[0.2130, -0.3320, ],
[-0.3132, -0.6199, ],
[-0.1585, 0.5530, ],
[0.8782, 0.7569, ],
[0.3775, -0.1825, ],
[0.0885, 0.1182, ],
[0.1344, -0.7793, ],
[-0.4417, -0.5724, ],
[-0.3224, 0.3399, ],
[0.5021, -0.2524, ],
[0.8079, 0.0173, ],
[-0.9377, 0.1412, ],
[-0.8141, 0.2877, ],
[0.0846, -0.5736, ],
[0.6651, 0.4364, ],
[-0.8058, 0.2344, ],
[-0.7729, 0.2063, ],
[0.2529, 0.2584, ],
[1.0000, 0.0141, ],
[0.6674, 0.5584, ],
[0.8068, 0.3302, ],
[0.2609, -0.5254, ],
[0.1698, 0.1169, ],
[0.8567, -0.1419, ],
[1.0000, 0.4060, ],
[0.0586, 0.3853, ],
[-0.3165, 0.1300, ],
[-0.2030, -0.3212, ],
[-0.7750, 0.5445, ],
[-0.9115, -0.2645, ],
[0.9756, -0.4425, ],
[0.2183, -0.0033, ],
[0.2612, 0.1335, ],
[-0.6335, -0.2558, ],
[0.8504, -0.9819, ],
[0.0620, 0.6455, ],
[-0.1135, -0.1985, ],
[-0.3164, 0.7659, ],
[-0.7607, 0.1552, ],
[-0.4949, -0.3963, ],
[-0.0314, 0.5990, ],
[0.9132, 0.4965, ],
[0.6264, -0.6787, ],
[-0.3761, -0.1680, ],
[-0.4626, 0.6129, ],
[-0.0581, 0.9150, ],
[0.0519, 0.6049, ],
[0.2118, 0.1673, ],
[-0.3872, -0.9472, ],
[-0.1710, -0.4726, ],
[-0.8497, 0.0358, ],
[0.6918, -0.5009, ],
[0.8747, 0.5442, ],
[0.3245, 0.7234, ],


[3.0000, ],
[1.0000, ],
[10.0000, ],
[12.0000, ],
[7.0000, ],
[5.0000, ],
[4.0000, ],
[7.0000, ],
[2.0000, ],
[13.0000, ],
[8.0000, ],
[0.0000, ],
[5.0000, ],
[18.0000, ],
[13.0000, ],
[8.0000, ],
[5.0000, ],
[4.0000, ],
[1.0000, ],
[0.0000, ],
[13.0000, ],
[7.0000, ],
[4.0000, ],
[4.0000, ],
[3.0000, ],
[4.0000, ],
[5.0000, ],
[5.0000, ],
[16.0000, ],
[5.0000, ],
[5.0000, ],
[9.0000, ],
[0.0000, ],
[8.0000, ],
[10.0000, ],
[3.0000, ],
[0.0000, ],
[11.0000, ],
[13.0000, ],
[8.0000, ],
[11.0000, ],
[8.0000, ],
[4.0000, ],
[10.0000, ],
[5.0000, ],
[4.0000, ],
[15.0000, ],
[11.0000, ],
[4.0000, ],
[8.0000, ],
[13.0000, ],
[0.0000, ],
[3.0000, ],
[1.0000, ],
[6.0000, ],
[3.0000, ],
[6.0000, ],
[4.0000, ],
[11.0000, ],
[10.0000, ],
[4.0000, ],
[9.0000, ],
[14.0000, ],
[7.0000, ],
[0.0000, ],
[3.0000, ],
[8.0000, ],
[9.0000, ],
[7.0000, ],
[17.0000, ],
[6.0000, ],
[3.0000, ],
[9.0000, ],
[0.0000, ],
[3.0000, ],
[0.0000, ],
[13.0000, ],
[5.0000, ],
[12.0000, ],
[3.0000, ],
[7.0000, ],
[3.0000, ],
[12.0000, ],
[6.0000, ],
[10.0000, ],
[6.0000, ],
[12.0000, ],
[9.0000, ],
[5.0000, ],
[14.0000, ],
[7.0000, ],
[3.0000, ],
[12.0000, ],
[0.0000, ],
[6.0000, ],
[4.0000, ],
[12.0000, ],
[5.0000, ],
[3.0000, ],
[2.0000, ],


