[ 0,  0,  0,  0,  9,  0,  0, 11,  0,  0,  3, 10,  0,  0,  0,  0,  0,  0,  0,  0,  0,  0,  0,  0, ],
[ 0,  0,  0,  0,  0,  0, 12,  0,  0,  0,  0,  7,  0,  0,  0,  0,  0,  0,  0,  0,  0,  5,  0, 14, ],
[ 0,  0,  0,  0,  0,  0,  0,  0,  0,  0,  0,  0,  0,  0,  0,  0,  0,  8,  0,  0,  0,  0,  0,  0, ],
[ 0,  0,  0,  0,  1,  8,  0,  0,  0,  0,  0, 11,  0, 13,  0,  0,  0,  0,  0,  0,  0,  0,  0,  0, ],
[ 0,  0,  0,  0,  0,  0,  0,  0,  0,  0,  0,  0,  0, 11,  0,  0,  0,  0,  0,  0,  0,  4,  0,  0, ],
[ 0,  0,  0,  0,  0,  0,  0,  0,  0,  0,  0,  0,  0,  0,  2,  0,  0,  0,  0,  0,  0,  0,  0,  0, ],
[ 0,  0,  0,  0,  0,  0,  0,  0,  0,  0,  0,  0,  0,  0,  0,  0,  8,  0,  0,  0,  0, 13,  0,  0, ],
[ 0,  0,  0,  0,  0,  0,  0,  0,  0,  0,  0,  0,  0,  0,  0,  1,  0,  0,  0,  0,  0,  2, 10,  0, ],
[ 0,  0,  2,  0,  0,  0,  2,  0,  0,  0,  0,  0,  0,  0,  0,  0,  0,  0,  0,  0,  2,  0,  0,  0, ],
[ 0,  0,  0,  0,  0,  0,  0,  0,  0,  0,  0,  0,  0,  0,  0,  0,  0,  0,  0,  0,  0,  4,  0,  0, ],
[ 0,  0,  0,  0,  0,  0,  0,  0,  0,  2,  0,  0,  0,  0,  0,  0,  0,  0,  0,  0,  0,  0,  0,  0, ],
[ 0,  0,  0,  0,  0,  9, 13, 11,  0,  0,  0,  0,  0,  0,  0,  0,  0,  0,  0,  0,  0,  0,  0,  0, ],
[ 0,  0,  0,  0,  0,  0,  0,  0,  0,  0,  0,  1,  0,  0,  0,  0,  0,  0,  0,  0,  0,  0,  0,  0, ],
[ 0,  0,  0,  0,  0,  9,  0,  6,  0,  0,  0,  0,  0,  0,  0,  0,  0,  0,  0,  0,  1,  0,  0,  0, ],
[ 0,  1,  0,  0,  0,  0,  0,  0,  5,  0,  0,  0,  0,  0,  0,  0, 13,  0,  0,  1,  0,  0,  0,  0, ],
[ 0,  0,  0,  0,  0,  0,  0,  0,  0,  0,  0,  0,  0,  0,  0,  0,  0,  0,  0,  0,  0,  0,  0,  0, ],
[ 0,  0,  0,  0,  0,  5,  8,  0,  0,  0,  0,  0,  9,  0,  1,  0,  0,  2,  0,  0,  0,  0,  0,  0, ],
[ 0,  0,  0,  0,  0,  0,  0,  0,  0,  0,  0,  0,  0,  0,  0,  0,  8,  0,  5,  0,  0,  0,  0,  0, ],
[ 0,  0,  0,  0,  0,  0,  0,  0,  0,  0,  0,  0, 14,  0,  0,  0,  0,  0,  0,  0, 11,  0,  5,  0, ],
[ 0,  0,  0,  0,  0,  0,  0,  0,  0,  0,  0,  0,  0,  0,  0,  0, 13,  8,  0,  0,  0,  0,  0,  0, ],
[ 0,  0,  0, 13,  0,  0,  0,  0,  0,  0,  0,  0,  2,  0,  0,  0,  0,  0,  0,  0,  0,  0,  7,  0, ],
[ 0,  0,  0,  0,  0,  0,  0,  0,  0,  0, 13,  0,  0,  0,  0,  0,  0,  0,  0,  0,  0,  0,  0,  0, ],
[ 0,  0,  0,  0,  0,  0,  0,  8,  0,  0,  0,  0,  0,  6,  0,  0,  0,  0,  0,  0,  0,  0,  0,  0, ],
[ 0,  0,  2,  0,  3,  9, 11,  0,  0,  0,  0,  0,  0,  0,  0,  0,  0,  0,  0,  0,  0,  0, 11,  0, ],
[ 0,  0,  7,  0,  0,  0,  0,  0,  0,  0,  0,  0,  0,  0,  2,  0,  0,  0,  1,  0,  3,  0,  0,  0, ],
[ 0,  0,  0,  0,  0,  0,  0,  0,  0,  0,  0,  6,  0,  6,  0,  0,  0,  0,  0,  0,  0,  0,  0,  0, ],
[ 0,  0,  0,  0,  0,  0,  0,  0,  0,  0,  0,  0,  0,  0,  0,  0,  0,  0,  0,  0,  0,  0, 13,  0, ],
[ 0,  0,  0,  0,  0,  0,  0,  0,  0,  0,  0,  0,  0,  0,  0,  0,  0,  0,  4,  0,  0,  0,  0,  0, ],
[ 0,  0,  0,  0,  0,  0,  0,  0,  0,  0,  0,  0,  0,  0,  0,  0,  0,  0,  0,  0,  0,  6,  0,  0, ],
[ 0,  0,  0,  0,  0,  0,  0,  0,  0,  0,  0,  0,  0,  0,  0,  0,  0,  0,  0,  0,  0,  0,  0,  0, ],
[ 0,  0,  0,  0,  0,  0,  0,  0,  0,  0,  0,  0,  0,  0,  0,  0,  0,  0,  0,  0,  0,  0,  0,  0, ],
[ 0,  0,  0,  0,  0,  0,  0,  0,  0,  0,  0,  0,  0,  0,  0,  0,  0,  0,  0,  0,  0,  0,  0,  0, ],
[ 0,  0,  0,  0,  0,  0,  0,  0,  0,  0,  0,  0,  0,  0,  0,  0,  0,  0,  0,  0,  0,  0,  0,  0, ],
[ 0,  0,  0,  1,  0,  0,  0,  0,  0,  0,  0,  0,  0,  0,  0,  0,  0,  0,  0,  4,  0,  0,  0,  0, ],
[ 0,  0,  0,  6,  0,  0,  0,  0,  0,  0,  0,  0,  0,  0,  0,  0,  0,  3,  0,  0,  0,  0,  0,  0, ],
[ 0,  0,  0,  0,  0,  0,  0,  0,  0,  0,  0,  0,  0,  0,  0,  0,  0,  0,  2,  0,  0,  0,  0,  0, ],
[ 2,  0,  0,  0,  0,  8,  6,  0,  0,  0,  0,  0,  0,  0,  0,  0,  0,  0,  0,  0,  0,  0,  0,  0, ],
[12,  0,  0,  0,  0,  0,  0,  0,  0,  0,  0,  0,  0,  0, 12,  0,  0,  0,  8,  0,  0, 10,  0,  0, ],
[ 0,  0,  0,  0,  0,  0,  0,  0,  0,  0,  0,  0,  0,  0,  0,  0,  0,  0,  0,  0,  3,  0,  0,  0, ],
[ 0,  0,  0,  0,  0,  0,  0,  0,  0,  0,  0,  0, 12,  0,  0,  0,  0,  0,  0,  0,  0,  0,  0,  0, ],
[ 0,  0,  0,  0,  0,  0,  0,  1,  0,  0,  0,  0,  0,  0,  0,  0,  0,  0,  0,  0,  0,  0,  0,  0, ],
[ 0,  0,  0,  0,  0,  0,  0,  0,  0, 10,  0, 10,  0,  0,  0,  0,  0,  0,  0,  0,  0,  0,  0,  0, ],
[ 0,  0,  0,  0,  0,  0,  0,  0,  0,  0, 12,  0,  0,  0, 12,  8,  6,  0,  0,  0,  0,  0,  0,  0, ],
[ 0,  0,  0,  0,  0,  0,  0,  0,  5, 12,  0,  0,  0,  0,  0,  0,  0,  0,  0,  0,  0,  0,  2,  0, ],
[ 0,  0,  0,  0,  0,  0,  0,  0,  0,  0,  0,  0,  0,  4,  0,  0,  0,  0,  4,  0,  0,  0,  0,  0, ],
[ 0,  0,  0,  0,  0,  0,  0,  0,  0,  0,  0,  0,  7,  0,  0,  0,  0,  9,  0,  0,  0,  0,  5,  0, ],
[ 0,  0,  0,  0,  0,  0,  0,  0,  0,  5,  0,  0,  0,  0,  0,  0,  0,  0,  0,  0,  0,  6,  0,  0, ],
[ 0,  0,  0,  0,  0,  0,  0,  0,  0,  0,  0,  0,  0,  0,  0,  0,  0,  7,  0,  0,  0,  0,  0,  0, ],
[ 0,  0,  1,  0,  0,  0,  0,  0,  0,  0,  0,  0,  0,  7,  0,  0,  0,  0,  0,  0,  0,  0,  0,  0, ],
[ 0,  0,  0,  0,  0,  0,  0,  0,  0,  0,  0,  1,  0, 14,  0,  7,  0,  0,  0,  0,  0,  0,  0,  7, ],
[ 0, 13,  0,  0,  0,  8,  0,  0,  0,  5,  0,  0,  0,  1,  0, 10,  0,  0,  0,  0,  0,  0,  0,  0, ],
[ 0,  0,  0,  0,  0,  0,  0,  0,  0,  0, 13,  0,  0,  1,  0,  4,  0,  8,  0,  3,  0,  0,  0,  0, ],
[ 0,  0,  0,  1,  3,  0,  0,  0,  0,  0,  0,  0,  0,  0,  0,  0,  0,  0,  0,  0,  0,  0,  0,  0, ],
[ 0,  0,  0,  0,  0,  0,  0,  0,  0,  0,  0,  0,  0,  0,  0,  0,  0,  0,  0,  7,  0,  0,  0,  0, ],
[ 0,  1,  0,  0,  0,  0,  0,  0,  0,  0,  0,  0,  0,  0,  0,  8,  0,  0,  0,  0,  0,  0,  0,  0, ],
[ 0,  0,  0,  0,  0,  0,  0,  0,  0,  0,  0,  0, 12,  0,  0,  0, 13,  0,  0,  7,  0,  0,  0,  0, ],
[ 0,  0,  0,  0,  0,  0,  0,  0,  0,  0,  0,  0,  0,  0,  0,  0,  0,  0,  0,  0,  0,  0,  0,  0, ],
[ 0,  0,  0,  0, 12,  0,  0,  0,  0,  0,  0,  0,  0,  0,  0,  0,  0,  0,  0,  0,  0,  0,  0,  0, ],
[ 0,  0,  0,  0,  0,  3,  0,  0,  0,  0,  0,  0,  0,  0,  0,  0,  0,  0,  0,  0,  0,  0,  0,  0, ],
[ 0,  0,  0,  0,  0,  0,  9,  0,  0,  0,  0,  0,  0,  0,  0,  0,  0,  0,  0,  0,  0,  0, 11,  0, ],
[ 0,  0,  0,  0,  7,  0,  0,  0,  0,  0,  0,  0,  0,  0,  0,  0,  6,  0,  0,  0,  0,  0,  0,  0, ],
[ 0,  0,  0,  0,  0,  0,  0,  0,  0,  0,  0,  0,  0,  0,  0,  0,  0,  0,  0,  0,  0,  0,  0,  0, ],
[12, 14,  0,  0,  0,  0, 12, 10,  0,  0,  0,  0,  0,  0,  0,  0,  0,  0,  0,  0,  0,  0,  0,  0, ],
[ 0,  0,  0,  0,  0,  0,  0,  0,  0,  0,  0,  0,  0,  0,  0,  0,  0,  0,  0,  0,  0, 10,  0,  0, ],
[ 0,  7,  0,  0,  0,  0,  0,  0,  0,  0,  8,  0,  6,  0,  0,  2,  0,  9,  0,  0,  0,  0,  0,  0, ],
[12,  0,  0,  0,  0,  0,  0,  0,  0,  0,  0,  0,  0,  8,  1,  0,  0,  0,  0,  0,  0,  3,  0,  0, ],
[ 0,  0,  0,  0,  0,  0,  0,  0,  0,  0,  0,  0,  0,  0,  0,  0,  0,  0,  0,  0,  0,  0,  0,  0, ],
[ 0,  8,  0,  0,  0,  0,  0,  0,  0,  0,  0,  0,  4,  0,  0,  0,  0,  0,  0,  0,  0,  0,  0,  0, ],
[ 0, 12,  0,  0,  4,  0, 13,  0,  0,  0,  0,  0,  0,  0,  0,  3,  0,  0,  0,  0,  0,  0,  0,  0, ],
[ 0,  3, 13,  0,  8,  0,  0,  0,  0,  0,  0,  0,  0,  0,  0,  0,  0,  0,  0,  0,  0,  0,  0,  0, ],
[ 9,  0,  0,  0,  0,  0,  0,  0,  0,  0,  0,  0,  0,  0,  0,  0,  0,  8,  0,  0,  0,  0,  0,  0, ],
[ 0,  0,  0,  0,  0,  0,  0,  0,  0,  0,  0,  0,  0,  0,  0,  0,  0,  0,  0,  0,  0,  9,  0,  0, ],
[ 0,  0,  0,  0,  0, 13,  0,  0,  0,  0,  0,  1,  0,  0,  5,  0,  0,  0,  0,  0,  0,  0,  0,  0, ],
[ 0,  0,  0,  0,  0,  0,  0,  0,  0,  0, 13,  0,  0,  0, 14,  0,  0,  0,  0,  0,  0,  0,  0,  0, ],
[ 0,  0,  0,  0, 14,  0,  0,  0,  0,  0,  0,  0,  0,  0,  0,  0,  0,  0,  0,  0,  0,  2,  0, 12, ],
[ 0,  0,  0,  0,  0,  0,  0,  0,  0,  0,  7,  0,  0,  0,  0,  0,  0,  0,  0,  0,  0,  0,  0, 13, ],
[ 0,  0,  2,  0,  0, 11,  0,  0,  0,  0,  0,  0,  2,  0,  0,  0,  0,  0, 12,  0,  0,  0,  0,  0, ],
[ 0,  1,  0,  0,  0,  2,  0,  0,  0,  0,  0,  0,  0,  0,  0,  0,  0,  0,  0,  3,  0,  0,  0,  0, ],
[ 0,  0,  0,  0, 10,  0,  0,  0,  0,  0,  0,  0,  0,  0,  6,  0,  0,  0,  0,  0, 10,  0,  0,  0, ],
[ 0,  0,  0,  0,  0,  0,  3,  5,  0,  0,  0,  0,  0,  0, 14,  0,  0,  0,  0,  0,  0,  0,  0,  0, ],
[ 0,  0,  0,  0,  0,  0,  0,  0,  0,  0,  0,  0,  0,  0,  0,  0,  0,  0,  0,  0,  0,  0,  0,  0, ],
[ 0,  0,  0,  0,  0,  0,  0,  0,  0,  0,  0,  0,  0,  0,  0,  2,  0,  0,  0,  0,  0,  0,  5,  0, ],
[ 0,  0,  0,  0,  0,  0,  0,  0,  0,  0,  0,  0,  0,  0,  0,  0,  0,  0,  0,  0,  6,  0,  0,  0, ],
[ 9,  0,  0,  0,  0,  0,  0, 13,  0,  0,  0,  0,  6,  0,  0,  8,  0,  4,  0, 10,  0,  2,  0,  0, ],
[ 0,  0,  1,  0,  0,  0,  0,  0,  0,  0,  0,  0,  0,  8,  0,  0,  0,  0,  0,  0,  0,  0, 13,  0, ],
[ 0,  0,  0,  0,  0,  0,  0,  0,  0,  8,  1,  0,  0,  0, 11,  0,  9,  0,  0,  0,  0,  0,  0,  0, ],
[ 0,  0,  0,  0,  3,  0,  0,  0,  0,  0,  0,  0,  0,  0,  0,  0, 14,  0,  0,  0,  0,  0,  0,  9, ],
[ 0,  0,  0,  0,  0,  0,  0,  0,  0,  0,  0,  0,  0,  0,  2,  0,  0,  0,  0,  0,  0,  0,  0,  0, ],
[ 0,  0,  0,  0, 14,  0,  0,  0,  0, 10,  0,  0,  0,  0,  0,  7,  0,  0,  0,  0,  0,  0,  0,  0, ],
[ 0,  0,  0,  0,  0,  0,  0,  0,  0,  0,  0,  0,  0,  0,  0,  0,  0, 14,  0,  0,  0,  0,  0,  0, ],
[ 0,  0,  0,  0,  0,  0,  0,  0,  2,  1, 11,  0, 11,  0,  0,  0,  0,  0,  0,  0,  0,  0,  1,  0, ],
[ 0,  0,  0,  1,  0,  8,  0,  0,  0,  0,  0,  0,  0,  0,  0,  0,  0,  0,  0,  0,  0,  0,  0,  0, ],
[ 0,  0,  4,  0,  0, 13,  0,  0,  0,  8,  0,  0,  0,  0,  0,  0,  0,  0,  0,  0,  0,  0,  0,  0, ],
[ 0,  8,  0,  0, 11,  0,  0,  0,  0,  0,  0,  0,  0,  0,  0,  7,  0,  0, 13,  0,  0,  0,  0,  3, ],
[ 3,  0,  0,  0,  0,  0,  0,  0,  0,  0,  0,  0,  0,  0,  2,  0,  0,  0,  0,  0,  0,  0,  0,  0, ],
[ 1,  0,  0,  0,  0,  0,  0,  0,  0,  0,  0,  0,  8,  0,  0,  6,  9,  0, 11, 10,  0,  0,  0,  0, ],
[ 0,  1,  0,  0,  0,  0,  0,  0,  0,  0,  0,  2,  0,  0,  0,  7,  0,  0,  0,  0,  0,  5,  7,  0, ],
[ 0,  0,  0,  6,  0,  0,  0,  0,  0,  0,  0,  0,  0,  0,  0,  0,  0,  0,  0,  0,  0,  0,  0,  0, ],
[ 0,  0,  0,  0,  0,  0,  0,  0,  0,  0,  0,  0,  0,  0,  0,  0,  7,  0,  0,  0,  0,  0,  0,  0, ],
[ 0,  0,  0,  0,  0,  0,  0,  0,  0,  0,  0,  0,  8,  0,  0,  0,  0,  0,  0,  0,  0,  0,  0,  0, ],


[0.0961, -0.2349, ],
[0.0465, 0.8746, ],
[-0.0349, 0.6095, ],
[-0.1862, -0.3307, ],
[0.9367, 0.9514, ],
[0.2883, 0.0505, ],
[-0.6507, -0.9706, ],
[0.6312, 0.3880, ],
[0.8144, 0.2631, ],
[-0.4674, -0.5834, ],
[-0.5818, -0.2638, ],
[-0.0391, -0.4763, ],
[0.3199, 0.6663, ],
[-0.9457, 0.9124, ],
[0.3454, 0.6824, ],
[-0.4586, 0.0052, ],
[0.6504, -0.6528, ],
[0.2520, 0.1965, ],
[0.6457, 0.4461, ],
[-0.0444, -0.6587, ],
[1.0000, 0.6217, ],
[0.3659, -0.3599, ],
[0.6875, -0.7524, ],
[0.3131, -0.7224, ],
[0.5554, 0.0750, ],
[0.0071, 0.1017, ],
[-0.4939, 0.8336, ],
[0.1843, -0.4322, ],
[0.5190, 0.3919, ],
[-0.4292, -0.8836, ],
[-1.0000, 0.3463, ],
[-0.1140, 0.5285, ],
[-0.9151, -0.1754, ],
[0.6046, 0.7869, ],
[0.9501, 0.6937, ],
[-0.5644, 0.2107, ],
[0.5460, 0.3228, ],
[0.3776, 0.0068, ],
[0.3115, 0.6535, ],
[0.9415, 0.5459, ],
[0.6970, -0.3540, ],
[-0.0060, 0.1080, ],
[1.0000, 0.5600, ],
[-0.0891, -1.0000, ],
[-0.5291, -0.2032, ],
[-0.6477, 1.0000, ],
[0.6880, -0.2297, ],
[-0.5134, -1.0000, ],
[-0.4281, -0.7344, ],
[0.9469, 0.8938, ],
[0.4263, 0.4031, ],
[0.7982, 0.1383, ],
[0.1137, -0.9378, ],
[0.1413, 0.8220, ],
[-0.2625, -0.3155, ],
[0.1427, 0.0455, ],
[0.6633, -0.0973, ],
[-0.8719, -0.0300, ],
[-0.5691, 0.4906, ],
[-0.4261, -0.3484, ],
[0.6963, -0.1187, ],
[-0.4520, 0.0124, ],
[0.0928, 0.6042, ],
[0.1111, 0.2645, ],
[-0.6461, 0.9493, ],
[0.2442, -0.6480, ],
[0.1147, -0.7458, ],
[-0.7931, -0.5872, ],
[-0.7927, 0.0154, ],
[-0.7781, 0.6788, ],
[-0.3839, 0.3664, ],
[-0.1885, 0.6685, ],
[0.7809, -0.3915, ],
[0.9652, 0.3218, ],
[0.7598, -0.3740, ],
[-0.6752, -0.1136, ],
[0.6867, 0.6622, ],
[-0.7223, 0.3081, ],
[0.0775, -0.0897, ],
[0.9410, 0.2206, ],
[0.4891, 0.7798, ],
[-0.0929, 0.2707, ],
[-0.1946, 0.7653, ],
[-0.5366, -1.0000, ],
[-0.6682, 0.1990, ],
[-0.3933, 0.8162, ],
[-0.2016, 0.5990, ],
[-0.2787, 0.2591, ],
[-0.0851, -0.8447, ],
[0.2818, -1.0000, ],
[-0.2293, -0.2161, ],
[0.5213, -0.5486, ],
[-0.1894, 0.5829, ],
[-0.7494, -0.1995, ],
[-0.0530, -0.9472, ],
[0.2360, -1.0000, ],
[-0.6117, 0.5165, ],
[0.4368, -0.5947, ],
[0.9472, 0.1989, ],
[0.2556, -0.7926, ],


[13.0000, ],
[13.0000, ],
[3.0000, ],
[12.0000, ],
[6.0000, ],
[1.0000, ],
[7.0000, ],
[6.0000, ],
[3.0000, ],
[2.0000, ],
[1.0000, ],
[11.0000, ],
[1.0000, ],
[7.0000, ],
[8.0000, ],
[0.0000, ],
[10.0000, ],
[5.0000, ],
[10.0000, ],
[7.0000, ],
[8.0000, ],
[4.0000, ],
[6.0000, ],
[14.0000, ],
[7.0000, ],
[6.0000, ],
[4.0000, ],
[2.0000, ],
[3.0000, ],
[0.0000, ],
[0.0000, ],
[0.0000, ],
[0.0000, ],
[3.0000, ],
[5.0000, ],
[1.0000, ],
[7.0000, ],
[15.0000, ],
[2.0000, ],
[4.0000, ],
[1.0000, ],
[8.0000, ],
[14.0000, ],
[7.0000, ],
[4.0000, ],
[8.0000, ],
[5.0000, ],
[3.0000, ],
[4.0000, ],
[11.0000, ],
[14.0000, ],
[12.0000, ],
[3.0000, ],
[3.0000, ],
[4.0000, ],
[11.0000, ],
[0.0000, ],
[4.0000, ],
[2.0000, ],
[7.0000, ],
[6.0000, ],
[0.0000, ],
[16.0000, ],
[4.0000, ],
[13.0000, ],
[10.0000, ],
[0.0000, ],
[5.0000, ],
[12.0000, ],
[9.0000, ],
[6.0000, ],
[3.0000, ],
[7.0000, ],
[8.0000, ],
[9.0000, ],
[7.0000, ],
[10.0000, ],
[4.0000, ],
[11.0000, ],
[8.0000, ],
[0.0000, ],
[3.0000, ],
[3.0000, ],
[20.0000, ],
[8.0000, ],
[11.0000, ],
[9.0000, ],
[1.0000, ],
[11.0000, ],
[4.0000, ],
[11.0000, ],
[4.0000, ],
[9.0000, ],
[16.0000, ],
[3.0000, ],
[18.0000, ],
[10.0000, ],
[3.0000, ],
[3.0000, ],
[3.0000, ],


