[ 0,  0,  9,  0,  0,  0,  0,  0,  0,  0,  0,  0,  0,  0,  2,  0,  0,  0,  0,  0,  0,  0,  0,  0, ],
[ 0,  0,  0,  0,  0,  0,  0,  0,  0,  0,  0,  0,  7,  0,  0,  0,  0,  1,  0,  0,  0,  0,  7,  0, ],
[ 0,  0,  0,  1,  0,  0,  0,  0,  0,  0,  0,  0,  0,  0,  0,  0,  0,  0,  0,  0,  0,  0,  0,  0, ],
[ 0,  0,  0,  0,  0,  0,  0,  0,  0,  0,  0,  0,  0,  0,  0,  0,  0,  0,  0,  0, 12,  0,  0,  0, ],
[ 0,  0,  0,  0,  0,  0,  0,  0,  0,  0,  0,  0,  0,  0,  0,  0,  0,  0,  5,  0,  0,  0,  0,  0, ],
[ 0,  0,  0,  0,  0,  0,  5,  0,  0,  0,  0,  0,  0,  0,  0,  0,  0,  0,  0,  3,  0,  0,  0,  0, ],
[ 0,  0,  0,  0,  0,  0,  0,  0,  0,  0,  0,  0,  0,  0,  0,  0,  0,  0,  0,  0,  0,  0,  0,  0, ],
[ 0,  0,  0,  0,  0,  0,  0,  0,  6,  0, 10,  0,  0,  0,  0,  0,  0,  0,  0,  0,  0,  0,  0,  0, ],
[ 0,  0,  0,  0,  0,  0,  0,  0,  0,  0,  0,  0,  0,  0,  0, 10,  0,  0,  0,  0,  0,  0,  0,  0, ],
[ 0,  0,  3,  0,  0,  0,  0,  0,  0,  0,  0,  0,  0,  0,  0, 10,  0,  0,  0,  0,  0,  8,  0,  4, ],
[ 0,  0,  0,  0,  0,  0,  0,  0,  0,  0,  0,  0,  0,  0,  0,  0,  0,  0,  2,  0,  0,  0,  0,  0, ],
[ 0,  0,  0,  0,  0,  0,  0,  0,  0,  0,  0,  0,  0,  0,  0,  0,  0,  0,  0,  2,  0,  0,  0,  0, ],
[ 0,  0,  0,  0,  0,  0,  0,  0,  1,  0,  0,  0,  0,  0,  0,  0, 13,  0,  8,  0,  0,  0,  0,  0, ],
[ 0,  0,  0,  0,  0,  3,  0,  0,  0, 12,  0,  0,  1,  0,  0,  0,  0,  0,  0,  0,  0,  0,  0,  0, ],
[ 8,  0,  0,  0,  0,  3,  0,  7,  0,  0,  0,  0,  0,  8,  0,  0,  0,  0,  0,  0,  0,  0,  0,  5, ],
[ 0,  0, 14,  0,  0,  0,  0,  0,  0,  0,  0, 11,  0,  0,  0,  0,  0,  0,  0,  0,  8,  0, 14,  0, ],
[ 0,  0,  0,  0,  0,  0,  0,  0,  0,  0,  0,  8,  0,  0,  0,  0,  0,  0,  0,  0,  0,  0,  0,  0, ],
[ 0,  0,  0,  0,  0,  0,  0,  0,  0,  0,  0,  0,  0,  0,  0,  0,  0,  1,  0,  0,  0, 10,  0,  0, ],
[ 0,  0,  0,  0,  0,  0,  0,  0,  0,  0, 13,  0,  0,  0,  0,  0,  0,  0,  0,  0,  0,  0,  0,  0, ],
[ 0,  0, 14,  0,  0,  0,  0,  0,  0,  0,  0,  0,  6,  0,  9,  0,  0,  0,  0,  0,  0,  0,  0,  3, ],
[ 0,  0,  0,  0,  0,  0, 13, 10,  0,  0,  0,  0,  0,  0,  0,  0,  2,  0,  0,  0,  0,  0,  0,  0, ],
[ 0,  0,  0,  0,  0,  0,  0,  0,  0,  0,  0,  0,  0,  2,  6,  0,  0,  0,  7,  0,  0,  0,  0,  0, ],
[13,  0,  0,  0, 12,  0,  0,  0,  0,  0,  0,  0, 12,  0,  0,  0,  0,  0,  0,  0,  0,  0,  0,  0, ],
[ 8,  0,  8,  0,  0,  0,  0,  0,  0,  0,  0,  0,  0,  0,  4, 12,  0,  0,  0,  0,  0,  0,  0,  0, ],
[ 0,  6,  0,  0,  0,  0,  0,  0,  0,  0,  0,  0,  0,  0,  0,  0,  0,  0,  0,  0,  9,  0,  0,  0, ],
[ 0,  0,  0,  0, 13,  0,  2,  0,  0,  0,  2,  0, 14,  0,  0,  0,  0,  0,  0,  0,  0,  0,  0, 14, ],
[ 0,  0,  0,  0,  0,  0, 14,  0,  0,  0,  0,  2,  0,  0,  0,  0,  5,  0,  0,  0,  0,  0,  0,  0, ],
[ 0,  0,  0,  0, 10,  0,  0,  0,  0,  0,  0,  0, 12,  0,  0,  0,  0,  0,  0,  0,  0, 11,  0,  0, ],
[ 0,  0,  0,  0,  0,  0, 11,  0,  0,  0,  0, 14,  0,  0,  0,  0,  0,  0,  0,  0,  0,  0,  0,  0, ],
[ 6,  0, 13,  0,  0,  0,  0,  0,  0,  0,  0,  0,  0,  0,  0,  0,  0,  0,  0,  0,  0,  0,  0,  0, ],
[ 0,  0,  0,  0,  0,  0,  0,  0,  0,  0,  0,  0,  0,  0,  0,  0,  0,  0,  0,  0,  0,  0,  0, 14, ],
[ 0,  0,  0,  5, 13,  0,  0,  0,  0, 11, 12,  0,  0,  2,  0,  0,  0,  0,  0,  0,  0,  0,  0,  0, ],
[ 0,  0,  0,  0,  0,  0,  0,  0,  0,  6,  0,  0,  0,  0,  0,  0,  0,  0,  0,  0,  0,  0,  0,  0, ],
[ 0,  0,  0,  0,  0,  0,  0,  0,  0,  0,  0,  5,  0,  0,  0,  1,  0,  0,  0,  0,  0,  0,  0,  0, ],
[ 0,  0, 13,  0,  0,  0,  0,  9,  0,  0,  0,  0,  0,  0,  0,  0,  0,  8,  0,  0,  0,  0,  0,  0, ],
[ 0,  0,  0,  0,  0,  0,  6,  0,  0,  6,  0,  0,  0,  0,  0,  0,  0,  0,  2,  0,  0,  1,  0,  0, ],
[ 0,  0,  0,  0,  0,  6,  0,  0,  0,  0,  0,  0,  0,  0,  0,  2,  0,  0,  0,  0,  0,  0, 12,  0, ],
[ 0,  0,  0,  0,  0,  0,  0,  0,  0,  0,  0,  0,  0,  0,  0,  0,  0,  0,  0,  0,  0,  0,  0,  0, ],
[ 0,  0,  0,  0,  0,  0,  0,  0,  0,  0,  0,  8,  0,  0,  0,  0,  5,  0,  0,  0,  0,  0,  0,  0, ],
[ 0,  0,  0,  0,  0,  0,  2,  0, 14,  0,  0,  0,  0,  0,  0,  0,  0,  0,  1,  0,  0,  0,  0,  0, ],
[ 0, 12,  0,  0,  0,  0,  0,  0, 13,  0,  0,  0,  0,  0,  0,  0,  0,  0,  0,  0,  2,  0,  0, 10, ],
[ 0,  6,  0,  0,  3,  0,  0,  0,  0,  0,  0,  0,  0,  0,  0,  0,  0,  0,  0,  0,  0,  0,  0,  0, ],
[ 0,  0,  0,  0, 11,  0,  0,  0,  2,  0,  0,  7,  6,  0,  3,  2,  0,  3,  0,  0,  0,  0,  0,  0, ],
[ 0,  0,  0,  0,  0,  0,  0,  0,  0, 12,  0,  4,  0,  0,  0,  0,  0,  0,  0,  0,  9,  0,  0,  0, ],
[ 0,  0,  0,  0,  0,  0,  0,  0,  0,  0,  0,  0,  1,  0,  0,  0,  0,  0,  0,  0,  0,  0,  0,  0, ],
[ 0,  0,  0,  0,  0,  0,  0,  0,  0,  0,  0,  0,  0,  0,  0,  0,  0,  0,  0,  0,  0,  0,  3,  0, ],
[ 0,  0,  0,  0,  0,  0,  0,  4, 10,  0,  0,  0,  0,  2,  0,  0,  0,  0,  0,  0,  0,  0,  0,  0, ],
[ 0,  0,  0,  0,  0,  0,  0,  0,  0,  0,  0,  6,  0,  0,  0,  0,  0, 12,  0,  0,  0,  0,  0,  0, ],
[ 1,  0,  5,  0,  0,  0,  0,  0,  0,  0,  0,  0,  0,  0,  0,  0, 12,  0, 14,  0,  0,  0,  0,  0, ],
[ 0,  0,  0,  9,  9,  0,  8,  0,  0,  0,  0,  0,  0,  0,  0,  0,  0,  0,  0,  0,  0,  0, 13,  0, ],
[ 0,  0,  0,  0,  0,  0,  0,  0,  0,  0, 13,  0,  0,  0,  0,  0,  7,  0,  0,  0,  0,  0,  0,  2, ],
[ 0,  0,  0,  0,  0,  0,  0,  1,  6,  0,  0,  0,  0,  0,  0,  0,  0,  0,  0,  0,  0,  0,  0,  0, ],
[ 0, 12,  0,  0,  0,  0,  0,  0,  0,  0,  0,  4,  0,  0,  0,  0,  0,  0,  0,  0,  5,  0,  0,  0, ],
[ 0,  0,  0,  0,  0,  0,  0,  0,  0,  0,  0,  0,  0,  0,  4,  0,  0,  0,  0,  0,  0,  0,  0,  0, ],
[ 5,  0,  0,  0,  0,  0,  0,  0,  0,  0,  0,  0,  0,  0,  0,  0,  0,  2,  0,  0,  0,  0,  0,  0, ],
[13,  0,  0,  0,  0,  0,  0,  0,  0,  0,  0,  0,  0,  8,  0,  0,  0,  0,  0,  0,  0,  0,  0,  0, ],
[ 0,  0,  0,  0,  0,  0,  0,  0,  4,  0,  0,  0,  0,  0,  8,  0,  3,  0,  0,  0,  0,  0,  0,  0, ],
[13,  0,  0,  2,  0,  0,  0,  0,  0,  0,  0,  0,  0, 11,  0,  0,  1,  0,  0,  0,  0,  0,  0,  0, ],
[ 0,  0,  0,  0,  0,  0,  0,  0,  0,  0,  0,  0,  0,  0,  0,  0,  0,  0,  0,  0,  0,  0,  0,  2, ],
[ 0,  0,  0,  0, 12,  0,  0,  0,  0,  0,  4,  0,  0,  0,  0,  0,  0,  0,  0,  0,  0,  0,  0,  0, ],
[ 0,  0,  0,  0,  0,  0,  0,  0, 13,  0, 10,  3,  0,  0,  0,  5,  0,  0,  0,  0,  0,  0,  0,  0, ],
[ 0,  0,  0,  0,  2,  0,  0,  0,  0,  0,  0,  0,  0, 13,  7,  0,  0,  0,  0,  0,  0,  0,  0,  0, ],
[ 0,  0,  0,  0,  0,  0,  0,  0,  0,  0,  0,  0,  0,  0,  0,  2,  0,  0,  0,  0,  0,  0,  0,  0, ],
[ 0,  0,  0,  0,  0,  0,  0,  0,  5,  0,  0,  0,  0,  0,  0,  0,  0,  0,  0,  0,  0,  0,  0,  0, ],
[ 0,  0,  0,  0,  0,  0,  0,  0,  0,  0,  0,  0,  0,  0,  0,  0,  0,  0,  0,  0,  0,  6,  0,  0, ],
[ 0,  0,  0,  0, 12,  0,  4,  0,  0,  0,  0,  0,  0,  0,  0,  0,  0,  0,  0,  0,  0,  0,  0,  0, ],
[ 0,  0,  0,  0,  0,  0,  0,  0,  0,  0,  0,  0,  0,  0,  0,  0,  0,  0,  0,  0,  0,  0,  0,  0, ],
[ 2,  0,  0,  0,  0,  0,  0,  0,  0,  0,  0,  0,  0,  0,  8,  0,  0,  0,  0,  0,  5,  0,  0,  0, ],
[ 0,  0,  0,  0,  0,  0,  0,  0,  0,  0,  0,  0,  0,  0,  0,  0,  0,  0,  0,  0,  0,  0,  9,  0, ],
[ 0,  0,  2,  0,  0, 12,  0,  0,  0,  0,  0,  0,  0,  0,  0,  0,  0,  0,  0,  0,  0,  0,  0,  0, ],
[ 9,  0,  0,  0,  0,  0,  0,  0,  8,  0,  0,  0,  0,  0,  0, 11,  0,  0,  0,  0,  0,  0,  0,  0, ],
[ 0,  0, 12,  0,  0,  0,  0,  0,  0, 12,  0,  0,  0,  0,  0,  8,  0,  0,  6,  0, 14,  0,  0,  0, ],
[ 0,  0,  0,  0,  0,  0,  0,  0,  0,  5,  0,  0,  0,  0,  0,  0,  0,  0,  0,  0,  0,  0,  0,  0, ],
[ 0,  0,  0,  0,  0,  0,  0,  0,  0,  0,  0, 12,  0,  0,  0,  0,  0,  9, 11,  0,  0,  0,  0,  0, ],
[ 0,  0,  0,  0,  0,  0,  0,  0,  0,  0,  0,  0,  0,  0,  0,  0,  0,  0,  0,  0,  0,  0,  3,  0, ],
[ 0,  0,  0,  0,  9,  6,  0,  4,  0,  0,  0,  0,  0,  1,  4,  0,  0,  0,  0,  0,  0,  0,  0,  0, ],
[ 0,  2,  0,  0,  0,  0, 11,  0,  0,  0, 12,  0,  0,  0,  0,  0,  0,  0,  0,  0,  0,  0,  0,  0, ],
[ 0,  0,  0,  0,  0,  0,  0,  0,  0,  0,  0,  0,  0,  0,  0,  0,  0,  0,  0,  0,  0,  0,  0,  0, ],
[12,  0,  0,  0,  0,  0,  0,  0,  0,  0,  0,  0,  0,  0,  0,  0,  0,  0,  0,  0,  0,  1,  4,  0, ],
[ 0,  0,  0,  0,  5,  0,  4,  1,  0,  0,  0,  0,  0,  0,  0,  0,  0,  0,  0,  0,  0,  0,  0,  5, ],
[ 0,  0,  0,  0,  0,  0,  0,  0,  0,  0,  0,  0,  0,  0,  7,  0,  0,  0,  9,  0,  0,  0,  0,  0, ],
[ 0,  0,  0,  0,  0,  0,  0,  0,  1,  0,  0,  4,  0,  0,  0, 14,  0,  0,  0,  0,  0,  0,  0,  0, ],
[ 0,  0,  0,  0, 13,  0,  0,  0,  0,  0,  0,  0,  0,  0,  0, 12,  1,  0,  0,  2,  0,  0,  0,  0, ],
[ 0,  0,  0,  0,  0,  0, 12,  0,  0,  0,  0,  0,  0,  0,  0,  0,  4,  0,  0,  0,  0,  8, 11,  0, ],
[ 0,  0,  0,  0,  0,  0,  0,  0,  0,  0,  0,  0,  0,  0,  0,  0,  0,  0,  0,  0,  0,  0,  0,  0, ],
[ 0, 11,  0,  0,  0,  0,  0,  0,  0,  0,  0,  0,  0,  0,  9,  0, 12,  0,  0,  0,  0,  0, 11,  0, ],
[ 0,  0,  0,  0,  0,  0,  5,  0,  0,  0,  0,  0,  0,  0,  0,  0,  0,  0,  0,  0,  0,  0,  0,  0, ],
[ 3,  0,  0,  0,  0,  0,  0,  0,  0,  0,  0,  0,  0, 12,  0,  0,  0,  0,  0,  0,  0,  0,  0,  0, ],
[ 0,  0,  0,  0,  0,  0,  0,  0,  0,  0,  0,  0,  0, 12,  0,  0,  0,  0,  0,  0,  0,  0,  0,  0, ],
[ 0,  0,  0,  0, 12,  0,  0,  0,  0,  0,  0,  0,  0,  0,  4,  0,  4,  0,  0,  0,  0,  0,  0,  0, ],
[ 0,  0,  0,  0,  0,  0,  9, 10,  0,  0,  0,  0,  0,  0,  0,  0,  0,  0,  0, 13,  0,  0,  0,  0, ],
[ 0,  0,  0,  0,  0,  0,  0,  0,  0,  0,  0,  0,  9,  0,  4, 14,  0,  0,  0,  0,  0,  0,  0,  0, ],
[ 0,  0,  0,  0,  0,  0,  7,  5,  0,  0,  0,  0,  0,  0,  0, 13,  0,  0,  0,  0,  0,  0,  0,  0, ],
[11,  0,  0,  0,  8,  0,  0,  0,  0,  0,  0,  0,  0,  0,  0,  0,  0,  0,  0,  0,  0,  8,  6,  0, ],
[ 0,  0,  4,  0,  0,  0,  0,  0,  0,  0,  0,  0,  0,  0,  0,  0,  0,  0,  0,  0,  0,  0,  0,  0, ],
[ 0,  0,  0,  0,  0,  0,  0,  0,  0,  0,  0,  0,  0,  0,  0,  0,  0,  7,  6, 14,  0,  0,  0,  0, ],
[ 0,  0,  0,  0,  0,  3, 13,  7,  0,  0,  0,  0,  0,  0,  0,  0,  0,  0,  0,  0,  1,  0,  0,  0, ],
[ 0,  0,  0,  0,  0,  0,  0,  0,  0,  0,  0,  0,  0,  0,  0,  0,  0,  0,  0,  0,  0,  0,  0,  0, ],
[ 0, 10,  0,  0,  0,  0,  0,  0,  0,  7,  0,  0,  0,  0,  0,  0,  0,  0, 11,  0,  0,  0,  0,  0, ],
[ 0,  0,  0,  0,  0,  0,  0,  0,  0,  0,  0,  0,  0,  0,  0,  0,  0,  0,  0,  0,  6,  0,  0,  0, ],


[0.8373, -0.1540, ],
[-0.6260, -0.1865, ],
[0.0485, -0.3924, ],
[0.9756, 0.2554, ],
[-0.3425, 0.8412, ],
[0.2631, -0.2947, ],
[0.9484, 0.2923, ],
[0.0227, 0.1497, ],
[0.1055, -0.6367, ],
[-0.4674, 0.2863, ],
[-0.9514, 0.1908, ],
[0.8738, 0.0805, ],
[0.2892, -0.8181, ],
[0.5945, 0.4984, ],
[0.3813, 0.4824, ],
[0.1052, -0.1375, ],
[0.6850, -0.9050, ],
[-0.0164, 0.8329, ],
[-0.6000, 0.6354, ],
[0.1587, -0.8873, ],
[0.1899, 0.5017, ],
[0.1040, 1.0000, ],
[0.3587, 0.0350, ],
[0.2820, -0.4647, ],
[0.4754, -0.6377, ],
[-0.3838, -0.0819, ],
[-0.3995, -0.4995, ],
[-0.2127, -0.1923, ],
[-0.3744, 0.0123, ],
[-0.6089, 0.4700, ],
[-1.0000, -0.2000, ],
[-0.1055, 0.3773, ],
[0.2824, -0.0180, ],
[0.9802, 0.2209, ],
[0.1747, 0.5367, ],
[0.2167, 0.9061, ],
[-0.8018, -0.2658, ],
[0.3837, -0.2114, ],
[-0.2962, 1.0000, ],
[1.0000, -0.7491, ],
[0.4831, 0.8597, ],
[0.0428, 0.1363, ],
[-0.4854, 0.5600, ],
[0.4204, 0.3294, ],
[0.6351, -0.5946, ],
[0.8861, -0.0945, ],
[-0.2975, 0.5056, ],
[-0.6168, -0.8996, ],
[-0.4871, -0.8256, ],
[0.0229, 0.0608, ],
[-0.5952, 1.0000, ],
[0.7759, -0.4706, ],
[-0.1969, 0.9648, ],
[0.1413, -0.6102, ],
[0.4875, -0.6879, ],
[0.5658, 0.0094, ],
[0.5710, -0.0377, ],
[0.3906, 0.1608, ],
[-0.8320, 0.4195, ],
[-0.1848, 0.9333, ],
[-0.3827, -0.6018, ],
[0.2246, 0.0478, ],
[1.0000, 0.8985, ],
[0.6351, -0.4767, ],
[0.5625, 0.0623, ],
[0.7383, 0.0805, ],
[0.8101, 0.6835, ],
[0.3294, -0.4834, ],
[0.0177, -0.0259, ],
[0.7917, -0.1871, ],
[0.8359, 0.5082, ],
[-0.0598, 0.6685, ],
[-0.8591, 0.2800, ],
[-0.2505, 0.5386, ],
[0.9335, -0.6344, ],
[-0.7950, -0.9398, ],
[0.0423, 0.3702, ],
[0.3266, -0.0321, ],
[1.0000, -0.6379, ],
[-0.4987, -0.2259, ],
[0.4065, -0.8478, ],
[-0.4323, 0.0074, ],
[-0.9976, -0.1301, ],
[0.1724, 0.4977, ],
[-0.6732, -0.1547, ],
[-0.2645, -0.5974, ],
[-0.2848, 0.2786, ],
[0.8345, 0.6178, ],
[-0.2184, -0.6719, ],
[-0.4060, -0.3004, ],
[0.4024, 0.4211, ],
[-0.0630, -0.7829, ],
[-0.0362, -0.2499, ],
[0.8583, 0.1145, ],
[-0.7572, -1.0000, ],
[-0.1693, 0.1073, ],
[0.9050, 0.4886, ],
[-0.0684, 0.3506, ],
[-0.0532, 0.2971, ],
[0.4914, 0.0596, ],


[4.0000, ],
[7.0000, ],
[1.0000, ],
[4.0000, ],
[2.0000, ],
[4.0000, ],
[0.0000, ],
[7.0000, ],
[4.0000, ],
[11.0000, ],
[1.0000, ],
[1.0000, ],
[8.0000, ],
[7.0000, ],
[13.0000, ],
[15.0000, ],
[3.0000, ],
[5.0000, ],
[4.0000, ],
[12.0000, ],
[9.0000, ],
[7.0000, ],
[12.0000, ],
[12.0000, ],
[6.0000, ],
[14.0000, ],
[7.0000, ],
[12.0000, ],
[8.0000, ],
[7.0000, ],
[4.0000, ],
[15.0000, ],
[3.0000, ],
[3.0000, ],
[10.0000, ],
[8.0000, ],
[8.0000, ],
[0.0000, ],
[5.0000, ],
[6.0000, ],
[13.0000, ],
[5.0000, ],
[16.0000, ],
[9.0000, ],
[1.0000, ],
[2.0000, ],
[7.0000, ],
[7.0000, ],
[11.0000, ],
[13.0000, ],
[8.0000, ],
[4.0000, ],
[8.0000, ],
[2.0000, ],
[3.0000, ],
[7.0000, ],
[7.0000, ],
[10.0000, ],
[1.0000, ],
[6.0000, ],
[12.0000, ],
[8.0000, ],
[1.0000, ],
[2.0000, ],
[3.0000, ],
[6.0000, ],
[0.0000, ],
[6.0000, ],
[3.0000, ],
[5.0000, ],
[10.0000, ],
[18.0000, ],
[2.0000, ],
[11.0000, ],
[2.0000, ],
[11.0000, ],
[9.0000, ],
[0.0000, ],
[7.0000, ],
[7.0000, ],
[6.0000, ],
[7.0000, ],
[10.0000, ],
[13.0000, ],
[0.0000, ],
[15.0000, ],
[2.0000, ],
[6.0000, ],
[4.0000, ],
[8.0000, ],
[11.0000, ],
[9.0000, ],
[9.0000, ],
[13.0000, ],
[2.0000, ],
[10.0000, ],
[10.0000, ],
[0.0000, ],
[11.0000, ],
[3.0000, ],


