[ 0,  0,  0,  0,  0,  0,  0,  0,  0,  5,  0,  0,  0,  0,  0,  0,  0,  0,  5,  0,  0,  0,  0,  0, ],
[ 0,  0,  0,  0,  4,  0,  0,  0,  0,  0,  0,  0,  7,  0,  0,  0,  0,  1,  0,  0,  3,  0,  0,  0, ],
[ 0,  6,  0,  0,  0,  0,  0,  0,  0,  0,  0,  0,  0,  0,  0,  0,  0,  0,  0,  0,  0,  0,  0,  0, ],
[ 0,  0,  0,  0,  0,  0,  0,  0,  0,  0,  0,  0,  0,  0,  0,  0,  0,  0,  0,  0,  0,  0,  0,  0, ],
[ 0,  0,  0,  0,  0,  0,  0,  0,  0,  0,  0,  0,  0,  0,  0,  0,  0,  0,  0,  0,  0,  4,  0,  0, ],
[ 0,  0,  0,  0,  0,  0,  0,  5,  0,  0,  0,  0,  0,  0,  0,  0,  0,  0,  0,  0,  1, 14,  0,  0, ],
[ 0,  0, 11,  0, 11,  0,  0,  0,  0,  0,  0,  0,  0,  0,  0,  0,  0,  0,  0,  0,  0,  0,  0,  0, ],
[ 0,  0,  0,  0,  0,  0,  0,  0,  0,  0,  0,  0,  0,  0,  0,  0,  0,  0,  0,  0,  0,  0,  0,  0, ],
[ 0,  0,  0,  0,  0,  0,  0,  0,  0,  0,  0,  0,  0,  0,  0,  0,  0,  0,  0,  0,  0,  0,  0,  0, ],
[ 0,  2,  3,  0, 14,  0,  6,  0,  0,  0,  0,  0,  0,  0,  4, 10,  0,  0,  0,  0,  0,  0,  0,  0, ],
[ 9,  0,  0,  0,  0,  0,  0,  0,  0,  0,  0,  0,  0,  0,  0,  0,  9,  0,  0,  0,  0,  0,  0,  0, ],
[ 0,  0,  0,  0,  0,  0,  0,  0,  0,  0,  0,  0, 14, 13,  1,  0,  0,  6,  0,  0,  0,  0,  0,  0, ],
[ 8,  0,  0,  0,  0,  0,  0,  0,  0,  0,  0,  0,  0,  0,  0,  0,  0,  0,  8,  0,  0,  0,  5,  0, ],
[ 0, 13,  0,  0,  0,  0,  0,  0,  0,  0,  0,  0,  0,  0,  2,  0,  0,  0,  0,  0,  0,  0,  0, 14, ],
[ 0, 13,  0,  0,  0, 12,  0,  0,  5,  0,  0,  0,  0,  0,  0,  0,  0,  0, 12,  0,  0,  0,  0,  0, ],
[ 0,  0,  0,  0,  0,  0,  0, 11,  0,  0,  0,  0,  0,  0,  5,  0,  0,  0,  0,  0,  0,  0,  0,  0, ],
[ 0,  0, 14,  0,  0,  0,  0,  0,  0,  0,  5,  0,  0,  0,  0,  0,  0,  0,  0,  0,  0,  0,  0,  0, ],
[ 0,  0,  0,  0,  0,  0,  0,  0,  0,  0,  0,  0,  5,  0,  0,  0,  0,  0,  0,  0,  0,  0,  0,  2, ],
[ 0,  0,  0,  0,  0,  0,  0,  0,  0,  0,  0,  0,  0,  0,  6,  0,  0,  0,  0,  0,  0,  0,  5,  0, ],
[ 0,  0,  0,  0,  0,  0,  0,  0,  0,  0,  0,  0,  6,  0,  0,  0,  0,  0,  0,  0,  0,  0,  0,  0, ],
[ 0,  0,  0,  0,  0,  0,  0, 10,  0,  0,  0,  0,  0,  0,  0,  0,  0,  0,  0,  0,  8,  0,  0,  0, ],
[ 0,  0,  0,  0,  0,  0,  0,  0,  0,  0,  0,  0,  0,  0,  0,  6,  0,  0,  0,  0,  0,  0,  0,  0, ],
[ 0,  0,  0,  0, 12,  0,  0, 13,  0,  0,  0,  0,  0,  0,  0,  0,  0,  0,  0,  0,  0,  0,  5,  0, ],
[ 0,  0,  8,  0,  0,  0,  0,  0,  0,  0, 14,  0,  0,  0,  0,  0,  0,  0,  0,  0,  0,  0,  8,  0, ],
[ 0,  0, 12,  0,  1,  0,  0,  0,  8,  0,  0,  0,  0,  0,  0,  0,  0,  0,  0,  0,  0,  0,  0,  0, ],
[ 0,  0,  0,  0,  2,  0,  0,  0,  0,  0,  0,  0,  0,  0,  0,  0,  9,  0,  0,  0,  0,  0,  0,  0, ],
[ 0,  0,  0,  0,  0,  0,  0,  0,  0, 11,  0,  0,  0,  0,  0,  0,  0,  0,  0,  0,  0,  0,  0,  6, ],
[ 0,  0,  0,  0, 10,  9,  0,  0,  0,  0, 13,  0,  0, 10,  0,  0,  0,  0,  0,  0,  0,  0,  0,  0, ],
[ 0,  0,  0,  6,  0,  0,  0,  0,  0,  0,  0,  0,  0,  0,  0,  0,  0,  0,  0,  0,  0,  0,  0,  0, ],
[ 0,  0,  0,  0,  0,  0,  0,  0,  0,  0,  0,  0,  0,  0,  0,  0,  0,  0,  0,  0,  0,  0,  0,  0, ],
[ 0,  0,  0,  0,  0,  0,  0,  0,  0,  0,  0,  0,  0,  0,  0,  0,  0,  0,  0,  0,  0,  0,  0, 13, ],
[ 0,  0,  0,  0,  0,  0,  0,  0,  0,  0, 14,  0,  0,  0,  0,  0,  0,  0,  0,  1,  0,  0,  0,  0, ],
[ 0,  0,  0,  0,  5,  0,  1,  0,  0,  0,  0,  0,  0,  0, 10,  0,  0,  0,  0,  0,  0,  0,  0,  0, ],
[12,  0,  0,  0,  0,  0,  0,  0,  0,  0,  0,  0,  0,  0,  0,  0,  0,  0,  0,  0,  0,  0,  0,  0, ],
[ 0,  0,  0,  0,  0,  0,  0,  0,  4,  0,  0,  0,  0,  0,  0,  0,  0,  3,  0,  0, 11, 11,  0,  0, ],
[ 0,  0,  0,  0,  0,  0,  3,  7,  0,  0,  0,  0,  0,  0,  0,  0, 14,  0,  0,  8,  0,  0,  0,  0, ],
[ 0,  0,  0,  0,  0,  0,  0,  0,  0,  0,  0,  0,  0,  0,  0,  0,  4,  0,  0,  0,  0,  0,  0,  0, ],
[ 0,  0,  0,  0,  0,  0,  0,  0,  0,  0,  0,  0,  0,  0,  0,  0,  0,  0,  0,  0,  0,  0,  0,  0, ],
[ 0,  0,  0,  0,  0,  0,  0,  0,  0,  0,  0,  0,  0,  0,  0,  0,  0,  0,  0,  0,  0,  0,  0,  0, ],
[ 0,  0,  0,  0,  0,  0,  0,  0,  0,  0,  0,  0, 13,  0,  0,  0,  8,  0,  0,  0,  0,  0,  8,  6, ],
[ 0,  0,  0,  0,  0,  0,  0,  1,  0,  0,  0,  0,  0,  0,  0,  0,  5,  0,  0,  0,  0,  0,  0,  0, ],
[ 0,  0,  0,  0,  0,  0,  0,  0,  0, 10,  0, 10,  0,  0,  0,  0,  0,  0,  0,  0,  0,  0,  0,  0, ],
[ 0, 13,  0,  0,  0,  0,  0,  0,  0,  0,  0,  0,  0,  0,  0,  8,  6,  0,  0,  0,  0,  0,  0,  0, ],
[ 5,  0,  0,  0,  0,  0,  0,  0,  0, 12,  0,  0,  2,  0,  0,  0,  0,  0,  3,  0, 13, 11,  0,  0, ],
[ 0,  0,  0,  0,  0,  0,  0,  0,  0,  0,  0,  0,  0,  0,  0,  0,  0,  0,  0,  0,  0,  0,  0,  0, ],
[ 0,  0,  0,  0,  3,  4,  0,  0,  0,  0,  0,  0,  0,  0,  0,  0,  4,  0, 14,  0,  0,  0,  0,  0, ],
[ 0,  0,  0,  0,  0,  0,  0,  0,  0,  0,  0,  0,  0,  0,  0,  0,  0,  0,  0,  0,  0,  0,  0,  0, ],
[11,  0,  0,  0,  0,  0,  0,  0,  0,  0,  0,  0,  0,  0,  0,  0,  0,  0,  0,  0,  0,  0,  0,  0, ],
[ 0,  0,  8,  0, 13,  0,  0,  0,  0,  0,  0,  0,  0,  0,  0,  0,  0,  0,  0,  0,  0,  0,  0,  0, ],
[ 0,  0,  0,  0,  5,  0,  0,  0,  0,  0,  0,  0,  0,  0,  0,  0,  0,  0,  0,  0,  0,  0,  0,  0, ],
[ 9,  0,  0,  0,  0,  0,  0,  0,  0,  0,  0,  0,  0,  0,  0, 10,  0,  0,  0,  0,  0,  0,  0,  0, ],
[ 0,  0,  0,  0,  0,  0,  0,  0,  6, 14,  0,  0,  0,  0,  0,  0,  0,  0, 13,  3,  0,  0,  0,  0, ],
[ 0,  0,  0,  0,  0,  0,  0,  0,  0,  0,  0, 13,  0,  0,  0,  0,  0,  0,  0,  0,  0,  0,  0,  0, ],
[ 0,  0,  1,  0,  0, 13,  0, 10,  0,  0,  0,  0,  0,  5, 13,  0,  0,  0,  0,  0,  0,  0,  2,  0, ],
[ 0,  0,  0,  0,  0,  7,  0,  0,  0,  0,  0,  0,  0,  0,  0,  0,  0,  0,  0,  0,  0,  0,  0,  0, ],
[ 0,  0,  0,  0,  0,  0,  0,  0,  6,  0,  0,  0, 10,  0,  0,  0,  0,  0,  0,  0,  0,  0,  0,  0, ],
[ 0,  0,  0,  0,  0,  0,  1,  0,  0,  0,  0,  0,  5,  0,  0, 11,  0,  0,  0,  0,  0,  0,  0, 11, ],
[ 0,  0,  0,  0,  0,  0,  0,  0, 10,  0,  0,  0,  0,  0,  0,  0,  0,  0,  0,  0,  0,  0,  0,  0, ],
[ 0,  0,  5,  0,  0,  0,  0,  0,  0,  0,  0,  0,  0,  0,  0,  0,  0,  0,  0,  0,  2,  0,  0,  0, ],
[ 0,  0,  0,  0,  0,  0,  0,  5,  0,  0,  0,  0,  0,  1,  0,  0,  0,  0, 14, 11,  0,  0,  0,  0, ],
[13,  0,  0,  0,  0,  0,  0,  0,  0,  0,  0,  0,  0,  0,  0,  0,  0,  0,  0,  0,  0,  0,  0, 12, ],
[ 0,  0,  0,  0,  0,  0,  0,  0,  0,  0,  0,  0,  0,  0,  0,  0,  0,  0,  0,  0,  0,  0,  0,  0, ],
[ 0,  0,  0,  0,  0,  0,  0, 11,  0,  0,  0,  0,  0,  1,  0,  0,  2,  5,  0,  0,  0,  0,  0,  0, ],
[ 0,  0,  0,  0,  0,  0,  0,  0,  0,  0,  0,  0,  0,  0,  0,  0,  0,  0,  0,  0,  0,  0,  0,  0, ],
[ 0,  0,  0,  0,  0,  0, 10,  0,  0,  0,  0,  0,  0,  0,  0,  0,  0,  0, 11,  0,  0,  0,  0,  0, ],
[ 0,  0,  0,  0,  0,  0,  0,  0,  0,  0,  0,  0,  0,  7,  0,  0,  0,  0,  0,  0,  0,  0,  0,  0, ],
[ 0,  0,  0,  0,  0,  0,  0,  0,  0,  0,  0,  0,  0,  0,  0,  0,  0,  0,  0,  0,  0,  0,  0,  0, ],
[ 0,  0,  0,  0,  0,  0,  0,  0,  4,  0,  0,  0,  0,  2,  0,  0,  0,  0,  4,  0,  0,  0,  0,  0, ],
[ 0,  0,  0,  0,  0,  0,  0,  0,  0,  0,  0,  0,  0,  3,  6,  0,  0,  0,  0,  0,  0,  0,  0,  0, ],
[ 0,  0,  0,  0,  0,  0,  0,  0,  7,  0,  0,  1,  0,  0,  0,  0,  0,  0,  0,  0,  0,  0,  0,  0, ],
[ 9,  0,  0,  0,  0,  0,  0,  2,  0,  0,  0,  0,  0,  0,  0,  0,  0,  0,  0,  0,  0,  0,  0,  0, ],
[ 0,  0,  0, 14,  0,  0,  0,  0,  0,  0, 13,  0,  0,  0,  0,  0,  0,  0,  0,  0,  0,  4,  6,  0, ],
[ 0,  0,  0,  0,  0,  0,  0,  0,  0,  5,  0,  0,  0,  0,  0,  0,  0,  0,  0, 14,  0,  0,  0,  0, ],
[ 0,  0,  0,  3,  0,  0,  0,  0,  0,  0,  0, 10,  0,  0,  0,  0,  0,  0,  0,  0,  0,  0,  0,  0, ],
[ 0,  0,  0,  0,  0,  0,  0,  0,  0,  0,  0,  0,  0,  0,  0,  0,  0,  0,  0,  0,  0,  0,  0,  0, ],
[ 0, 11,  0,  0,  0,  0,  0,  0,  0,  0,  0,  0,  0,  0,  0,  0,  5,  0,  0,  0,  0,  0,  0,  0, ],
[ 0,  8,  0,  0,  0,  0,  0,  0,  0,  0,  0,  0,  0,  0,  0,  0,  0,  0,  3,  0,  0,  0,  0,  0, ],
[ 0,  0,  0,  0,  0,  0,  0,  0,  0,  0,  4,  0,  0,  0,  0,  0,  0,  0,  9,  6,  0,  0,  0,  0, ],
[ 0,  0,  0,  0, 14,  0,  0,  0,  0,  0,  0,  0,  0,  0,  0,  0,  3,  0,  0,  3,  3,  0,  4,  0, ],
[ 0,  1,  5,  0,  5, 10,  4,  5,  0,  0,  0,  0,  0,  0,  0,  0,  0,  8,  2,  0,  0,  0,  0,  0, ],
[ 0,  0,  0,  0,  0,  0,  0,  0,  0,  0,  3,  0,  0,  0,  0,  0,  0,  0,  0,  0,  0,  0,  0,  0, ],
[ 0,  0,  4,  0,  0,  0,  7,  0,  0,  0,  0,  0,  0,  0,  0, 10,  0,  0,  0,  0, 10,  0,  0,  0, ],
[ 0,  0,  0,  0,  0,  0,  0,  0,  0,  0,  0,  0,  0,  0,  0,  0,  0,  0,  0,  0,  0,  0,  0,  0, ],
[ 0,  0,  0,  0,  0,  0,  0,  0,  4,  0,  8,  0,  0,  0,  0,  0,  2,  0,  0,  0,  0,  0,  0,  0, ],
[ 0,  0,  0,  0,  0,  0,  0,  0, 10,  0,  0,  0,  0,  0,  0,  0,  0,  0,  0,  0,  0,  0,  0,  0, ],
[ 0,  0,  0,  0,  0,  6,  0,  0,  0,  0,  0,  0,  0,  0,  0,  0,  0,  0,  0,  0,  0,  0,  0,  0, ],
[ 0,  0,  0,  0, 10,  0,  5,  0,  0,  0,  0,  0,  2,  0,  0,  0,  0,  0,  0,  0,  5,  0,  0,  3, ],
[ 0,  0,  0,  0,  0,  0,  0,  0,  0,  0,  0,  0,  0, 12,  0, 12,  0,  0,  0,  0,  7, 13,  0, 10, ],
[ 0,  0,  0,  0,  0,  0,  0,  0,  0,  0,  0,  0,  0,  0,  5,  0,  0,  0,  0, 13,  0,  0,  0,  0, ],
[ 0,  0,  0,  0,  0,  0,  0,  0,  0,  0,  0,  0,  0,  0,  0,  1,  0,  0,  0,  4,  0,  0,  0,  0, ],
[ 8,  0,  0,  1,  0,  0, 13,  8, 12,  0,  0,  0,  0,  0,  0,  0,  0,  0,  9,  0,  0,  0,  1,  6, ],
[10,  0, 13,  0,  0,  0,  0,  0,  1,  0,  0,  0,  0,  0,  0, 14,  0,  0,  0,  0,  0,  0,  0,  0, ],
[ 0,  0,  0,  0,  3,  0,  0,  0,  0,  0,  0,  0,  0, 14,  0,  0,  0,  0,  0,  0,  6, 13,  9,  0, ],
[ 0,  8,  0,  0,  0, 14,  8,  0, 13,  0, 12,  0,  0,  0,  0,  0,  0,  0,  0,  0,  0,  0,  5,  0, ],
[ 1,  0,  6,  0,  0,  0,  0,  0,  0,  0,  0,  0,  0,  0,  0,  0,  0, 12,  8,  0, 12,  0,  0,  0, ],
[ 0,  0,  0,  0,  0, 13,  0, 14,  0,  0,  0,  0,  0,  0,  0,  0,  2,  7,  0,  0,  0,  0,  0,  0, ],
[ 0,  2,  0,  0,  0,  0,  0,  0,  0,  0,  0,  0,  5,  0,  0,  0,  0,  0,  0,  0,  0,  0,  0,  0, ],
[10,  0,  0,  0,  0,  0,  0,  0,  0,  0,  0,  0,  0,  0,  6,  0,  0,  0,  0,  0,  0,  0,  0, 12, ],
[ 0,  0,  0, 10,  0,  0,  0,  0,  0,  0,  0,  0,  0,  0,  0,  0,  0,  0,  8,  0, 12,  7,  0,  7, ],
[ 0,  0,  0,  0,  0,  0,  0,  0,  7,  0,  0,  0,  0,  0,  0,  0,  0,  0,  0,  0,  0,  0,  0,  0, ],


[0.0625, -0.8286, ],
[-0.0864, -0.9591, ],
[0.0193, 0.4424, ],
[0.9054, -0.2348, ],
[-0.2994, 0.9738, ],
[0.5352, 0.0320, ],
[-0.5738, -0.5743, ],
[0.2706, 0.3880, ],
[-0.0733, 0.3882, ],
[-0.3770, 0.5013, ],
[0.5171, -0.1061, ],
[-0.0702, 0.0805, ],
[0.2892, -0.1158, ],
[0.6261, 0.4984, ],
[0.1982, -0.7002, ],
[-0.5729, -0.1375, ],
[0.7995, -0.5363, ],
[-0.0164, -0.7091, ],
[0.7264, 0.4641, ],
[0.3889, -0.2208, ],
[0.9586, 0.6812, ],
[0.3659, -0.5770, ],
[0.6205, 0.4402, ],
[-0.9830, -0.4890, ],
[0.9263, -0.6377, ],
[0.0282, 0.1398, ],
[0.5163, 0.5958, ],
[-0.7111, 0.5348, ],
[0.4287, 0.3133, ],
[0.6277, 0.4700, ],
[-0.6804, 0.3850, ],
[-0.0235, 0.4126, ],
[-0.9285, -0.0331, ],
[0.7120, 0.8709, ],
[0.8300, 0.6937, ],
[-0.7562, -0.1500, ],
[0.4890, -0.3843, ],
[0.2554, -0.5925, ],
[-1.0000, -0.3927, ],
[0.9439, 0.5481, ],
[0.6490, -0.8000, ],
[-0.0324, 0.1351, ],
[1.0000, -0.1699, ],
[0.3569, -0.8741, ],
[0.1784, -0.4045, ],
[0.7675, 0.0256, ],
[0.9774, -0.2990, ],
[0.0378, 0.4626, ],
[0.0642, 0.4757, ],
[0.6993, 0.3947, ],
[0.5296, -0.1825, ],
[0.6566, 0.1803, ],
[0.4295, -0.9378, ],
[0.1344, -0.2400, ],
[0.5487, -0.6879, ],
[0.1777, -0.3786, ],
[0.6883, 0.0280, ],
[0.3906, 0.3668, ],
[-0.8141, 0.4195, ],
[-0.0430, -0.5154, ],
[0.4738, 0.1864, ],
[0.2694, 0.0478, ],
[0.7374, 0.0230, ],
[0.1756, 0.2645, ],
[0.9262, 0.0141, ],
[0.2442, 0.6190, ],
[0.8379, 0.7573, ],
[0.2956, -0.4880, ],
[-0.6966, 0.9222, ],
[0.7172, 0.0127, ],
[-0.5371, 0.5082, ],
[0.1138, 0.4420, ],
[-0.2954, 0.3217, ],
[-0.0571, 0.3986, ],
[0.3397, 0.9160, ],
[-0.6752, -0.1171, ],
[0.6867, 0.3702, ],
[0.9785, 0.1183, ],
[0.2651, 0.1335, ],
[-0.4125, 0.1835, ],
[-0.3575, -0.8745, ],
[-0.6120, 0.3424, ],
[-0.9931, -0.2238, ],
[-0.5849, 0.7448, ],
[-0.6525, 0.0184, ],
[-0.1423, -0.2345, ],
[0.0671, -0.6675, ],
[0.9307, 0.4270, ],
[0.5298, -0.7619, ],
[0.1714, -0.2647, ],
[-0.4867, 0.4721, ],
[-0.0630, -0.4081, ],
[0.0519, 0.5829, ],
[-0.5694, -0.1509, ],
[-0.6017, -0.9313, ],
[-0.6191, -0.4158, ],
[-0.5974, 0.0358, ],
[1.0000, 0.3506, ],
[0.7501, 0.1989, ],
[0.3531, 0.0920, ],


[4.0000, ],
[8.0000, ],
[3.0000, ],
[0.0000, ],
[2.0000, ],
[7.0000, ],
[8.0000, ],
[0.0000, ],
[0.0000, ],
[16.0000, ],
[6.0000, ],
[12.0000, ],
[8.0000, ],
[9.0000, ],
[14.0000, ],
[6.0000, ],
[6.0000, ],
[3.0000, ],
[5.0000, ],
[3.0000, ],
[7.0000, ],
[3.0000, ],
[10.0000, ],
[10.0000, ],
[8.0000, ],
[4.0000, ],
[7.0000, ],
[15.0000, ],
[3.0000, ],
[0.0000, ],
[4.0000, ],
[5.0000, ],
[7.0000, ],
[4.0000, ],
[12.0000, ],
[12.0000, ],
[2.0000, ],
[0.0000, ],
[0.0000, ],
[13.0000, ],
[3.0000, ],
[8.0000, ],
[10.0000, ],
[17.0000, ],
[0.0000, ],
[10.0000, ],
[0.0000, ],
[4.0000, ],
[7.0000, ],
[2.0000, ],
[7.0000, ],
[13.0000, ],
[4.0000, ],
[16.0000, ],
[3.0000, ],
[7.0000, ],
[11.0000, ],
[4.0000, ],
[3.0000, ],
[11.0000, ],
[8.0000, ],
[0.0000, ],
[8.0000, ],
[0.0000, ],
[8.0000, ],
[3.0000, ],
[0.0000, ],
[5.0000, ],
[5.0000, ],
[4.0000, ],
[4.0000, ],
[13.0000, ],
[6.0000, ],
[6.0000, ],
[0.0000, ],
[6.0000, ],
[5.0000, ],
[8.0000, ],
[12.0000, ],
[17.0000, ],
[2.0000, ],
[13.0000, ],
[0.0000, ],
[6.0000, ],
[4.0000, ],
[3.0000, ],
[11.0000, ],
[19.0000, ],
[6.0000, ],
[3.0000, ],
[22.0000, ],
[13.0000, ],
[16.0000, ],
[20.0000, ],
[15.0000, ],
[12.0000, ],
[3.0000, ],
[11.0000, ],
[17.0000, ],
[3.0000, ],


