[ 0,  0,  0,  0,  1,  0,  0,  0,  0,  0,  0,  0,  0,  0,  0, 11,  0,  0,  0,  0,  0,  0,  4,  0, ],
[ 9,  0,  0,  0,  0,  0,  0,  0,  0,  0,  0,  0,  0,  0,  0,  0,  0,  0,  0,  0,  0,  0,  0,  0, ],
[ 0,  0,  0,  0,  0,  0,  0,  0,  0,  0,  0,  0,  0,  0,  0,  0,  0,  0,  0,  0,  0,  0,  4,  0, ],
[ 0,  0,  0,  0,  0,  0,  0,  0,  0,  0,  0,  0,  0,  2,  0,  0,  0,  0, 13,  0,  0,  0,  0, 13, ],
[ 0, 13,  0,  2,  0,  0,  0,  0,  0,  0, 12,  0,  0, 13,  0,  0,  0,  0,  0,  0,  0,  2,  0,  0, ],
[13,  0,  0,  0,  0,  0,  0,  0,  0,  0,  0,  0, 13,  0,  0,  0,  0,  0,  0,  5,  0,  0,  0,  0, ],
[ 1,  0,  0,  0,  0,  0,  0,  0,  0,  0,  0,  0,  0,  0,  0,  0,  0,  0,  0,  0,  0,  0,  0,  0, ],
[ 0,  0,  0,  0,  0,  0,  0,  0,  0,  0,  0,  0,  0,  2,  0,  0,  0,  0,  0,  0,  0,  0,  0,  0, ],
[ 0,  0,  0,  0,  1,  0,  0,  0,  0,  0,  0,  0,  0,  0,  0,  0,  0,  0,  0,  0,  0,  0,  0,  0, ],
[ 0,  0,  0,  0,  0,  0,  0,  0,  5,  0,  0,  0,  0,  0,  6,  2,  0,  0,  0,  0,  0,  0,  0,  4, ],
[ 0,  6,  0,  0,  0,  0,  0,  0,  0,  0,  0,  0,  0, 10,  1,  0,  0,  0,  0,  0,  0,  0,  0,  0, ],
[ 0,  0,  0,  7,  0, 12,  0,  0,  0,  0,  0,  0,  0,  0,  0,  0,  0,  0,  0,  0,  0,  0,  0,  0, ],
[ 0,  0,  0,  0,  0,  0,  0,  0,  0,  0,  0,  0,  0,  0,  0,  0, 13,  0,  0,  0,  0,  0,  0,  0, ],
[ 0,  0,  0,  0,  1,  0,  0,  0,  0,  0,  0,  0,  0,  0,  8,  0,  0,  0,  7,  0,  4,  0,  0,  0, ],
[ 0, 12, 14,  0,  0,  0,  0,  0,  0,  0,  0,  0,  0,  0,  8,  0,  0,  0,  0,  0,  0,  0,  0,  0, ],
[10,  0,  0,  0,  0,  0,  0,  0,  0,  0,  0,  0,  0,  0,  0,  0,  0,  0,  0,  0,  0,  0,  0,  0, ],
[ 0,  0,  0,  1,  0,  0,  0,  0,  8,  0,  0,  4,  2, 12,  0,  0,  0,  0,  0,  0,  0,  0,  0,  0, ],
[ 0,  0,  0,  0,  0,  7,  8,  0,  0,  2,  0,  0,  0,  0,  0,  0,  0,  0,  0,  7,  0,  0,  0,  7, ],
[ 0,  0,  0,  0,  0,  0,  0,  0,  1,  0,  9,  0,  0,  0,  7,  0,  7,  7,  0,  0,  0,  0,  0,  0, ],
[ 0,  0,  0,  0,  8,  9,  0,  0,  0,  0,  0,  0,  0,  0,  0,  0,  0,  0,  0,  0,  5,  0,  0,  0, ],
[ 0,  0,  0,  0,  0,  0,  4,  0,  0,  0,  0,  0,  0,  0, 11,  4,  0,  0,  0,  0,  0,  0,  0,  0, ],
[ 0,  0,  0,  2,  0,  0,  0,  0,  0,  0,  0, 14,  0,  0,  0,  0,  0,  0,  0,  0,  0,  0,  0,  0, ],
[ 0,  0,  0,  0,  0,  0,  0,  0,  0,  0,  4,  0,  5,  0,  0,  0,  0,  0,  0,  0,  0,  0,  0,  0, ],
[ 2,  0,  0,  0,  0,  0,  0,  0,  0,  0,  0,  0,  0,  0,  0,  0,  0,  0,  0,  2,  0,  0,  0,  0, ],
[ 7,  0,  0,  0,  0,  0,  0,  0,  0,  0,  0,  0,  0,  0,  0,  0,  0,  0,  0, 11,  0,  0,  0,  0, ],
[ 0,  0,  0,  0,  0,  0,  2,  0,  2,  0,  0,  0,  0,  0,  0, 13,  0,  0,  0,  4,  0,  0,  0,  0, ],
[ 0,  0,  0,  0,  0,  0,  0,  0,  0,  0,  0,  0,  4,  0,  0,  4,  0,  0,  0,  0,  0,  0,  0,  0, ],
[ 0,  0,  0,  0,  0,  0,  0,  0,  0,  0,  0,  0,  0,  0,  0,  0,  0,  0,  0,  0,  0,  0, 14,  0, ],
[ 0,  0,  0,  0,  0,  0,  0,  0,  0,  0,  0,  0,  0,  0, 12,  0,  0,  0,  2,  0,  0,  0,  0,  0, ],
[ 0,  0,  0,  0,  0,  0,  0,  0,  0,  0,  0,  0,  0,  0,  0,  0,  7,  0,  0,  0,  0,  0,  0,  0, ],
[ 0,  0,  0,  0,  0,  0,  0, 12,  0,  0,  0,  0,  0,  0,  0,  0,  0,  0,  0,  0,  0,  0,  0, 14, ],
[ 0,  0,  0,  0,  0,  0,  0,  0,  0,  0,  0,  0,  0,  0,  0,  0,  0,  7,  0, 13,  0,  0,  0,  0, ],
[ 0,  0,  0,  0,  0,  0,  0,  0,  0,  0, 11,  0,  0,  0,  0,  0,  0,  0,  0,  0,  0,  0,  0,  0, ],
[ 0,  0,  0,  0,  0,  1,  0,  0,  0,  0,  0,  0,  0,  0,  0,  0,  0,  0,  0,  0,  0,  0,  0,  1, ],
[ 0, 13,  0,  0,  0,  0,  0,  0,  0,  0,  0,  0,  0,  2,  0, 10,  0,  0,  0,  0,  0,  0,  0,  0, ],
[ 0,  0, 11, 10,  0,  0,  0,  0,  0,  8,  1,  0,  0,  0,  0,  0,  0,  2,  0,  0,  0,  0,  0,  0, ],
[ 4,  0,  0,  0,  0,  0,  8,  0,  0,  9,  0,  0,  0,  0,  0,  0,  0,  2,  0,  0,  0,  0,  3,  0, ],
[10,  0,  0,  0,  0,  2,  0,  0,  0,  0,  0,  0,  0,  0,  0,  0,  0,  0,  2,  0,  0,  0,  0,  0, ],
[ 2,  0,  0,  0,  0,  0,  0,  0,  0,  0,  0,  8,  0,  0,  0,  0,  2,  0,  0,  2,  0,  0,  0,  0, ],
[ 0,  5,  0,  0,  0,  0,  0,  0,  0,  0,  0,  3,  0,  0,  0,  0,  0,  0,  0,  0,  0,  0,  0,  0, ],
[ 0,  0,  0,  0,  0,  0,  0,  0,  0,  0,  0,  0,  0,  0,  0,  0,  0,  0,  0,  0,  0,  0,  0,  0, ],
[ 0, 12,  0, 11,  0,  0,  0,  0,  0,  5,  0,  0,  8,  0,  0,  0,  0,  0,  0,  0,  0,  0,  0,  0, ],
[ 0,  0,  0,  0,  0,  0,  0,  0,  0,  0,  0,  0,  0, 13,  0,  0,  1,  0,  0,  0,  0,  8,  0,  0, ],
[ 0,  0,  0,  0,  0,  0,  0,  0,  0,  0,  0,  0,  0,  0,  0,  0,  0,  0,  0,  0,  0,  0,  1,  0, ],
[ 0,  0,  0,  0,  0,  0,  0, 14,  0,  0,  0,  0,  0,  0,  0,  0,  0,  0,  0,  0,  2,  0,  0,  2, ],
[ 0,  0,  0,  0,  0,  0,  0,  0,  0,  0,  0,  0,  0,  0,  0,  0,  0,  0,  0,  0,  0,  0,  0,  0, ],
[ 0,  0,  0,  0,  0,  5,  0,  0,  0,  0,  0,  0,  0,  0,  0,  0,  0,  0,  0,  0,  0,  0,  4,  0, ],
[ 0,  0,  0,  8,  0,  0,  0,  0,  0,  0,  0,  0,  0,  0,  0,  0,  0,  0,  0,  0,  0,  3,  0,  0, ],
[ 0,  0,  0,  0,  0,  0,  0,  0,  0,  0,  0,  0,  0,  0,  0,  0,  0,  0,  0,  0,  0,  0,  0,  0, ],
[ 0,  0,  0,  8,  0,  0,  0,  0,  0, 11,  0,  0,  0,  0,  0,  0,  0,  0,  0,  0,  0,  0,  0,  0, ],
[ 0,  0,  0,  0,  0,  0,  0,  0,  0,  0,  0,  0,  0,  0,  0,  0,  0,  0,  0,  0,  0,  0,  0,  0, ],
[ 0,  0,  0,  0,  9,  0,  0,  0,  0,  0,  0,  0,  0,  0,  0,  0,  0,  0,  0,  0,  0,  0,  0,  0, ],
[ 0,  1,  0,  0,  0,  0,  0,  0,  0, 14,  0,  0,  6,  0,  0,  0,  0,  0,  9,  0,  0,  4,  0,  0, ],
[ 2,  0,  0,  0,  0,  0,  0,  0,  0,  0,  0,  0,  0,  0,  0,  0,  0,  0,  0, 12,  0,  0,  0,  0, ],
[ 0,  0,  0,  0,  0,  8,  0,  0,  0,  0,  0,  0,  0, 10,  0,  0,  0,  0,  0,  0,  0,  0,  0,  0, ],
[ 0,  4,  0,  0,  0,  0,  0,  0, 12,  0,  7,  0,  0,  0,  0,  0,  0,  0,  0,  0,  0,  0,  0,  0, ],
[ 0,  0,  0,  0,  0,  0,  0,  0,  0,  0,  0,  0,  0,  0,  7,  0,  0,  0,  0,  0,  0,  0,  0,  0, ],
[ 6,  0,  0,  0,  0,  0,  0,  0,  0,  0,  0,  0,  0,  0,  0,  0,  0,  0,  0,  1, 13,  0,  0,  0, ],
[ 0,  0,  0, 11,  0,  0,  0,  0,  0,  0,  0,  0,  0,  0,  0,  0,  0,  0,  0,  0,  4,  0,  0,  0, ],
[ 0,  0,  9,  0,  0,  0,  8,  0,  0,  0,  0,  0,  0,  0,  0,  0,  0,  0,  3,  0,  0,  0,  0,  0, ],
[ 0,  0,  7,  0,  0,  0,  0,  0,  0,  0,  0,  0, 10,  0,  0,  0,  0,  1,  0,  0,  0,  0,  0,  8, ],
[ 0,  0,  0,  0,  0,  0,  0,  0,  0,  4,  0,  0,  0,  0,  0,  0,  0,  0,  0,  0,  0,  0,  0,  0, ],
[ 0,  0,  0,  0,  0,  0,  0,  0,  0,  0,  0,  0,  0,  0,  0,  0,  0,  8,  0,  2,  0,  0,  0,  0, ],
[ 0,  0,  0,  0,  0,  0,  0,  0,  0,  0,  0,  0,  0,  0,  0,  0,  0,  0,  0,  0,  0,  0,  0,  0, ],
[ 7,  0,  0,  0,  0,  0,  0,  0,  0,  0,  3, 12,  0,  0,  0,  0,  0,  0,  0,  0,  0,  0,  0,  0, ],
[ 0,  0,  0,  0,  0,  0,  0,  0,  0,  0,  0,  0, 13,  0,  0,  0,  0,  0,  0,  0,  0,  0,  0,  0, ],
[ 0,  0,  0,  0,  0,  0,  0,  0,  0,  0,  5,  0,  0,  0,  0,  0,  0,  0,  0,  0,  0,  0,  0,  0, ],
[ 0,  0,  0,  0,  5,  0,  0, 11, 12,  0,  7,  0,  3,  0,  0,  0,  0,  0,  0,  0,  0,  9,  0,  0, ],
[ 0,  7,  0,  0,  0,  0,  0,  0,  0,  0,  0,  0,  0,  0,  0,  3,  3,  0,  0,  0,  0,  0,  0, 12, ],
[13,  0,  0,  0,  0,  0,  0,  0,  0,  6,  0,  0,  0,  0,  0,  0,  0,  0,  6,  0,  0,  0,  0,  0, ],
[ 0,  0,  4,  0,  0,  0,  0,  0,  0,  0,  0,  0,  0,  0,  2,  0,  0,  0,  0,  0,  0,  0,  0,  0, ],
[ 0,  0,  0,  0,  0,  0,  0,  0,  0,  0,  0, 10,  0,  0,  0,  0,  0,  0,  0,  0,  0,  0,  0,  0, ],
[ 0,  0,  0,  0,  0,  2, 13,  0,  0, 12,  0,  0,  0,  0,  0,  0,  0,  0,  2,  0,  0,  0,  0, 13, ],
[ 0,  0,  5, 14,  0,  0,  0,  8,  0,  0,  0,  0,  1, 13,  0,  0,  0,  0,  0,  0,  0,  0,  0,  0, ],
[ 0,  0,  0,  5,  0,  4,  0,  0,  0,  0,  0,  0,  1,  0,  0,  0,  0, 11,  0,  0,  0,  0,  0,  0, ],
[ 0,  0,  0,  0,  0,  0,  0,  0,  0,  0,  0,  0,  0,  0,  0,  0,  0,  0,  0,  0,  0,  0,  0,  0, ],
[ 0,  0,  0, 10,  0,  0,  0,  4,  0,  0,  0,  0,  0,  0,  0,  0,  0,  0,  0,  0,  0,  0,  0,  1, ],
[ 9,  0,  8,  0,  0,  0,  0,  0,  1,  0,  0,  0,  0,  0,  0,  0,  0,  0,  0,  0,  0,  0,  0,  6, ],
[ 0,  0,  0,  0,  0,  0,  0,  0,  0,  0,  0,  0,  0,  0,  0,  0,  0,  4,  0,  0,  0,  0,  0,  0, ],
[ 0,  1,  0,  0,  0, 11,  0,  1,  0,  0,  0,  0,  0,  0,  0,  0,  0,  0,  0,  0,  0,  0,  0,  0, ],
[ 0,  0,  0,  0,  0,  0,  0,  0,  0,  0,  0,  0,  2,  0,  0,  0,  0,  0,  0,  0,  0,  0,  0,  0, ],
[ 0,  0,  0,  0,  0,  0,  0,  0,  6,  0,  0,  0,  0,  4,  0, 14,  0,  0,  0,  0,  0, 10,  5,  0, ],
[ 0,  0,  0,  0,  0,  0,  0,  0,  0,  0,  0,  0,  0, 13,  8,  0,  0,  0,  0,  0,  0,  0,  0,  0, ],
[ 0, 10,  0,  0,  0,  0,  0,  2,  0,  0,  0,  0,  0,  0,  0,  0,  0,  0,  0,  0,  0,  0,  0,  0, ],
[ 0,  0,  0,  0,  0,  0,  0,  0, 10,  3,  0,  0,  0,  0,  0,  0,  0,  0,  0,  0,  0,  0,  0,  0, ],
[ 4, 10,  0,  0,  0,  0,  0,  0,  0, 14,  0,  0,  0,  0,  0,  0,  0,  0,  0,  0,  0,  0,  0,  0, ],
[ 0,  0,  0,  0,  0,  6,  0,  0,  0,  0,  0,  0,  0,  0,  0,  0,  0,  0,  0,  0,  0,  0,  0,  0, ],
[ 0,  0,  0,  0,  0,  0,  0,  0,  0,  0,  0, 10,  0, 13,  0,  0,  0,  0,  0,  2,  0,  0,  0,  0, ],
[ 0,  0,  0,  0,  0,  0,  0,  0,  0,  0,  9,  0,  0,  0,  0,  0,  5,  0,  0,  0,  7,  0,  0,  0, ],
[ 0,  0,  0,  0,  0,  0,  0,  0,  0,  0,  0,  0,  0,  0,  0,  0,  4,  0,  0,  0,  0,  0,  0,  0, ],
[ 0,  0,  0,  0,  0,  0,  0,  9,  0,  0,  0,  0,  0,  0,  0,  0,  0,  0, 14,  0,  0,  0,  0,  0, ],
[ 0,  0,  0,  0,  0,  0,  0,  0,  0,  0,  0,  2,  0,  0,  0,  0,  0,  0,  0,  0,  0,  0,  0,  0, ],
[ 0,  0,  0,  0,  0,  0,  0,  0,  0,  0,  0,  0,  0,  0, 12,  0,  0,  0,  0,  0,  0,  0,  0,  0, ],
[ 0,  0,  0,  0,  0,  0,  0,  0,  0,  0,  0,  0,  0,  0,  0, 14,  0,  0,  0,  0,  0,  0, 11,  0, ],
[ 0,  0,  0,  0,  0,  0,  0,  0,  0,  0,  0,  0,  0,  0,  0,  0,  0, 11,  7,  0,  4,  0,  0,  0, ],
[ 0,  0,  0,  0,  0,  0,  0,  0,  0,  0, 11,  0,  0,  0,  0,  0,  0,  0,  0,  0,  0,  0,  0,  0, ],
[ 0,  0,  0,  0,  0,  0,  0,  0,  0,  0,  0,  0,  9,  8,  0,  0,  0,  0,  0,  0,  0,  0,  0,  0, ],
[ 0,  0,  7,  8,  5,  0,  0,  0,  0, 11,  0,  0,  0,  0, 11,  0,  0,  0,  0,  8,  0,  0,  1,  0, ],
[ 0,  0,  0,  2,  0,  0,  0,  0,  0,  0,  0,  0,  0,  0,  0,  0,  0,  0,  0,  0,  0,  0,  0,  0, ],
[ 0,  0,  0,  0,  0,  0,  0,  0,  0,  0,  0,  0,  0,  0,  0,  0,  0,  0,  0,  0,  0,  0,  0,  0, ],


[-0.5010, -0.0861, ],
[0.5064, -1.0000, ],
[0.3879, -0.2192, ],
[0.7445, 0.4034, ],
[0.1413, -0.0227, ],
[-0.9309, 0.3976, ],
[0.0313, -0.9706, ],
[0.4140, 0.0609, ],
[0.2851, 0.6463, ],
[0.0699, -0.0635, ],
[-0.1446, -0.7320, ],
[0.0183, 0.1401, ],
[0.1701, 0.6894, ],
[-0.5562, -0.8087, ],
[1.0000, 0.0718, ],
[-0.2650, -0.2537, ],
[-1.0000, 1.0000, ],
[0.5397, 0.1533, ],
[-0.9022, 0.1607, ],
[0.2712, 0.1717, ],
[-0.8111, 0.1343, ],
[0.2489, -0.5120, ],
[-0.8460, 0.0107, ],
[-0.5962, 0.3367, ],
[-0.5039, 0.7504, ],
[-0.1717, -0.1183, ],
[0.1461, -0.1475, ],
[-0.1035, 0.4852, ],
[0.9398, -0.3452, ],
[-0.7765, 0.6952, ],
[0.1837, 0.2490, ],
[-0.9127, 0.9460, ],
[0.1495, 0.5142, ],
[0.2537, 0.4359, ],
[-0.8362, 0.3191, ],
[0.7674, 0.7610, ],
[-0.3604, -0.2409, ],
[0.0955, -0.7834, ],
[-0.9620, 0.5655, ],
[-0.6725, -0.7008, ],
[0.6852, -0.2149, ],
[0.2956, 0.3970, ],
[-0.4225, 0.0223, ],
[-0.5739, 0.0248, ],
[0.0726, 1.0000, ],
[-0.5664, 0.4269, ],
[1.0000, 0.6530, ],
[-0.1047, 0.5112, ],
[0.2853, -0.1431, ],
[-0.7199, -0.2833, ],
[-0.7318, -0.0591, ],
[0.6523, -1.0000, ],
[0.4035, 0.0233, ],
[-0.7393, -0.5683, ],
[0.8990, 0.3433, ],
[-0.3771, -0.1024, ],
[-0.1327, -0.6121, ],
[-0.1617, 0.1739, ],
[0.8959, -1.0000, ],
[-0.1628, 1.0000, ],
[-0.4153, 0.8370, ],
[-0.7917, 0.6109, ],
[-0.4619, 0.2465, ],
[-0.9333, 0.3318, ],
[-0.0776, -0.6345, ],
[-0.9431, 0.3375, ],
[0.7627, -0.6964, ],
[0.5820, 0.1108, ],
[-0.4036, 0.9831, ],
[-0.6608, 0.8443, ],
[-0.0016, -0.4572, ],
[-0.2263, 0.1120, ],
[0.7342, -0.7889, ],
[-0.9266, -0.6224, ],
[-0.9182, -0.6344, ],
[0.9631, -0.5962, ],
[-0.9777, 0.7796, ],
[-0.4034, 0.9993, ],
[-0.9606, -0.6379, ],
[-0.2481, -0.6210, ],
[0.2303, 0.8928, ],
[-0.0821, 0.6771, ],
[-0.7111, -0.5679, ],
[-0.0914, 0.8126, ],
[-0.0606, 0.5550, ],
[-0.2645, -0.8906, ],
[-0.7416, 0.9942, ],
[-0.0893, 0.4345, ],
[0.0276, -0.8584, ],
[0.1121, 0.7320, ],
[0.1597, 0.5860, ],
[-0.0960, -0.7499, ],
[-0.3716, -0.1432, ],
[0.7185, 0.4676, ],
[0.0066, -0.5406, ],
[0.1115, 0.7920, ],
[-0.6067, 0.7144, ],
[0.5504, -0.9389, ],
[-0.3356, -0.4554, ],
[0.5572, 0.7526, ],


[7.0000, ],
[3.0000, ],
[2.0000, ],
[9.0000, ],
[14.0000, ],
[10.0000, ],
[1.0000, ],
[1.0000, ],
[1.0000, ],
[8.0000, ],
[8.0000, ],
[7.0000, ],
[4.0000, ],
[9.0000, ],
[11.0000, ],
[4.0000, ],
[11.0000, ],
[13.0000, ],
[13.0000, ],
[8.0000, ],
[8.0000, ],
[5.0000, ],
[4.0000, ],
[2.0000, ],
[7.0000, ],
[8.0000, ],
[4.0000, ],
[4.0000, ],
[5.0000, ],
[3.0000, ],
[8.0000, ],
[7.0000, ],
[4.0000, ],
[2.0000, ],
[9.0000, ],
[13.0000, ],
[11.0000, ],
[6.0000, ],
[6.0000, ],
[4.0000, ],
[0.0000, ],
[13.0000, ],
[8.0000, ],
[1.0000, ],
[6.0000, ],
[0.0000, ],
[4.0000, ],
[5.0000, ],
[0.0000, ],
[7.0000, ],
[0.0000, ],
[3.0000, ],
[13.0000, ],
[5.0000, ],
[7.0000, ],
[9.0000, ],
[3.0000, ],
[8.0000, ],
[6.0000, ],
[8.0000, ],
[11.0000, ],
[2.0000, ],
[4.0000, ],
[0.0000, ],
[9.0000, ],
[4.0000, ],
[2.0000, ],
[18.0000, ],
[11.0000, ],
[10.0000, ],
[3.0000, ],
[4.0000, ],
[14.0000, ],
[14.0000, ],
[9.0000, ],
[0.0000, ],
[7.0000, ],
[10.0000, ],
[2.0000, ],
[6.0000, ],
[1.0000, ],
[15.0000, ],
[7.0000, ],
[5.0000, ],
[6.0000, ],
[10.0000, ],
[3.0000, ],
[9.0000, ],
[8.0000, ],
[2.0000, ],
[7.0000, ],
[1.0000, ],
[4.0000, ],
[8.0000, ],
[9.0000, ],
[4.0000, ],
[6.0000, ],
[20.0000, ],
[1.0000, ],
[0.0000, ],


