[ 4,  0,  0,  0,  0,  0,  0,  2,  0,  0,  0,  0,  0,  0,  0,  0,  0,  0,  0,  0,  0, 11,  0,  0, ],
[ 0,  0,  0,  0,  0,  0,  0,  0,  0,  0, 10,  0,  0,  0,  0,  0,  0,  0,  0,  0,  0,  0,  0,  0, ],
[ 0,  0,  0,  0,  0,  0,  0,  0,  0,  0,  0,  0,  0,  0,  0,  0, 13,  0,  0,  0,  0,  0,  0,  0, ],
[ 0,  0,  0,  0,  0,  0,  0,  0,  0,  0,  0,  0, 12,  0, 12,  0,  0,  0,  0,  0,  0, 11,  0,  0, ],
[ 0,  5,  0,  0,  0, 14,  0,  0,  0,  0,  0,  0, 13,  0,  8,  0,  0,  0,  0,  0,  0,  0,  0,  0, ],
[ 0,  6,  0,  0,  0,  0,  0,  0,  0,  0,  0,  0,  0,  0,  0,  0,  0,  0,  0,  0,  0,  0,  0,  0, ],
[ 0,  0,  0,  0,  0,  0,  0, 14,  0,  0,  0,  0,  0,  0,  0,  0,  0,  0,  0,  0,  0,  0,  0,  0, ],
[ 0,  0,  0,  0,  0,  0,  0,  0,  6,  0, 10,  0,  0,  0,  0,  0,  0,  0,  0,  0,  0,  0,  0,  0, ],
[ 0,  0,  0,  0, 12,  0,  3,  0,  0,  3,  0,  0,  0,  0,  0,  0,  0,  0,  3,  0,  0,  0,  0,  0, ],
[ 0,  0,  4,  0,  0,  0,  6,  0,  0,  0,  0,  0,  0,  0,  0,  0,  0,  0,  0,  0,  0,  0,  0,  0, ],
[ 0,  0,  0,  0,  0,  0,  0,  0,  0,  0,  0,  0,  0,  0,  0,  0,  0,  7,  0,  0,  0,  0,  0,  0, ],
[ 0,  0,  0,  0,  0,  0,  0,  0,  0,  0,  0,  0,  0,  0,  1,  0,  0,  0,  0,  0,  0,  0,  0,  0, ],
[ 0,  0,  0,  4,  0,  0,  0,  0,  1,  0,  0,  0,  0,  0,  0,  0,  0,  0,  8,  0,  0,  0,  0,  0, ],
[13,  0,  0,  0,  0,  0,  0,  0,  0,  4,  0,  9,  0, 10,  0, 13,  0,  0,  0,  0,  0,  0,  0,  0, ],
[ 0,  0,  0,  0,  0,  0,  0,  0,  0,  0,  0,  0,  6,  0,  0,  0,  0,  0,  0,  0,  0, 12,  0,  0, ],
[ 9,  0,  0,  0,  0,  0,  0,  0,  0,  0,  0, 11,  0,  0,  0,  0,  0,  0,  0,  0,  0,  0,  0,  0, ],
[ 0,  0,  0,  0, 11,  0,  0,  1,  0,  0,  0,  0,  7, 13,  0,  0,  0,  0,  0,  0,  0,  0,  0, 11, ],
[ 0,  9,  0,  0,  0,  6,  1,  0,  0,  0,  0,  9,  0,  0,  0,  0,  3,  0,  0,  0,  0,  0,  0,  0, ],
[ 0,  0,  0,  0,  0,  0,  0,  0,  0,  0,  0,  0,  0,  0,  0,  2,  0,  0,  0,  0,  0,  0,  4, 14, ],
[ 0,  0,  0,  0,  0,  0,  0,  0,  7,  0,  0,  0,  0,  0,  0,  0,  0,  0, 10,  0,  0,  0,  0,  0, ],
[ 0,  0,  0,  0,  0,  0,  0,  0,  0,  0,  0,  0,  0,  0,  0,  0,  0,  0,  0,  0,  0,  0,  0,  0, ],
[ 0,  0,  0,  0,  0,  0,  0,  0,  0,  0,  0,  0,  0,  0,  0, 10,  0,  2, 14,  0,  0,  0,  0,  0, ],
[ 0,  0,  0,  0,  0,  0,  0,  0, 10,  0,  0,  0,  0,  0,  0,  0,  0,  0,  0,  0,  0,  0,  0,  0, ],
[ 0,  0,  0,  0,  0,  0,  0,  0,  0,  0,  0,  0,  0,  0,  0, 11,  0,  0,  0,  0,  0,  0, 13,  0, ],
[ 0,  0,  0,  0,  0,  0,  0,  0,  0,  0,  0,  0,  9,  0,  0,  0,  0, 12,  0,  0,  0,  0,  0,  0, ],
[ 0,  0,  0,  0,  0,  0,  0,  0,  0,  0,  0,  0,  0,  0,  0,  0,  8,  0,  0,  0,  0,  0,  0,  0, ],
[ 0,  0,  0,  0,  0,  0,  0,  0,  0,  1,  0,  0,  0,  0,  0, 13,  1,  0,  0,  0,  0,  0,  0,  0, ],
[ 0,  0,  8,  0,  0,  0,  0,  0,  0, 10,  0,  0,  0,  0,  0,  0,  0,  0,  0,  0,  0,  0,  0,  0, ],
[ 1,  0,  0,  0,  0,  0,  0,  0,  1,  0,  0,  0,  0,  0,  0,  0,  0,  0,  0,  0,  0,  0,  0,  0, ],
[ 0,  0,  0,  1,  0,  0,  0,  0, 13,  3,  0,  0,  0,  0,  0,  0,  0,  0,  0,  0,  0,  0,  0,  0, ],
[ 0,  0,  0,  0,  0,  0,  0,  0,  0,  0,  0,  1,  0,  0,  0,  0,  0,  0,  0,  0,  0,  0,  0,  0, ],
[ 0,  0,  0,  0, 10,  0,  0,  0,  0,  0, 11,  0,  0,  0,  0,  0,  0,  0,  0,  0,  0,  0,  0,  0, ],
[ 0,  0,  0,  0,  0,  0,  0,  0,  0,  0,  0,  0,  7,  0,  0,  0,  0,  0,  0,  0,  0,  0,  0,  0, ],
[ 0,  0,  0,  0,  0,  0,  0,  0,  0,  0, 12,  0,  0, 13,  0,  1,  0,  0, 12, 12,  0,  0,  0,  0, ],
[ 0,  3,  0,  0,  0,  0,  0,  0,  7,  0,  0,  0,  0,  0,  0,  0,  0,  3,  0,  0,  0,  0,  0,  0, ],
[ 0,  0,  0,  0,  0,  8,  0, 14,  0,  0,  0,  0,  0,  0,  0,  0,  9,  0,  0,  8,  0,  0,  0,  0, ],
[ 0,  0,  0,  0,  0,  0,  0,  0,  0,  9,  0,  0,  8,  0,  0,  0,  0,  4,  0,  0, 13,  0,  0,  0, ],
[ 0,  0,  0,  0,  0,  0,  0,  0,  0,  0,  0,  0,  0,  0,  7,  0,  0,  0,  0,  5,  0,  0,  0,  0, ],
[ 0,  0,  0,  1,  0,  0,  0,  0,  0,  0,  0,  0,  0,  0,  0,  0,  0,  3,  0, 12,  5,  0, 14,  0, ],
[ 0,  0,  0,  0,  0,  0,  0,  0,  0,  0,  0,  0,  0, 11,  0,  0,  0,  5,  0,  0,  0,  0,  0,  0, ],
[ 0,  0, 11,  0,  0,  0,  4,  0,  0,  0,  0,  0,  0,  0,  0,  5,  0,  0,  0,  0,  0,  0, 11,  0, ],
[ 0,  0,  0,  0,  0,  0,  0,  0,  0, 10,  0, 10,  0,  0,  0,  0,  0,  0,  0,  0,  0,  0,  0,  0, ],
[ 0, 13,  0,  0,  0,  0,  0,  0,  0,  0,  0,  0,  0,  0,  0,  0,  0,  0,  0,  0, 12,  0,  0,  0, ],
[ 0,  0,  0,  6,  0,  0,  0,  0,  0,  0,  0,  0,  0, 10,  0,  0,  0,  0,  0,  0,  9,  0,  0,  0, ],
[ 8,  0,  0,  0,  0, 12,  0,  0,  0,  0, 12, 13,  0,  0,  0,  7,  0,  0,  0,  0,  0,  0,  0,  0, ],
[ 0,  0,  0,  0,  0,  0,  0,  0,  0,  0,  0,  0,  0, 14,  0,  1,  4,  0,  0,  0,  0,  0, 11,  0, ],
[ 0,  0,  0,  0,  0,  0,  0,  4,  0,  0,  0,  0,  0,  0,  0,  2,  0,  0,  0,  0,  0,  6,  0,  0, ],
[ 0,  0,  0,  0,  0,  0,  0,  0,  0,  0,  0,  0,  0,  0,  0, 10,  0,  0,  0,  0,  0,  0,  0,  0, ],
[ 0,  0,  0,  0,  0,  0,  0,  0,  0,  0,  0,  0,  8,  0,  0,  0,  0,  0,  8,  0,  0,  0,  0,  0, ],
[ 0,  0,  0,  0,  0,  0,  0,  0,  0,  0,  0,  0,  0,  0,  0,  0, 12,  0,  0,  0,  0,  0,  0,  0, ],
[ 0, 14,  0,  0,  0,  0,  0,  0,  0,  0,  0,  0,  0,  4,  0,  0,  0,  0,  0,  0,  0,  0,  0,  0, ],
[ 0,  0,  0,  0,  0, 10,  0,  0,  0,  0,  0,  0,  0,  0,  0,  0,  0,  0,  0,  0,  0,  0,  0,  0, ],
[ 0,  0,  9,  0,  0,  5,  0,  0,  0,  0,  0,  0,  0,  0,  0,  5,  0,  0,  0,  0,  0,  0,  0,  0, ],
[ 0,  0,  6,  0,  0,  0,  0,  0,  0,  0,  0,  0,  0,  0,  0,  0,  0,  0,  0,  0,  0,  6,  0,  0, ],
[ 0,  0,  0, 12,  0,  0,  0,  6,  0,  0,  8,  3,  0,  0,  0,  9,  9,  0,  0,  0,  0, 13,  0,  3, ],
[ 0,  0,  0,  0,  0,  7,  0,  0, 12,  0,  0,  0, 10,  0,  0,  0,  0,  1,  7,  0,  0,  0,  0,  0, ],
[ 0,  0,  0,  0,  0,  0,  0,  0,  0,  0,  0,  2,  0,  0,  0,  2,  0,  0,  0,  0,  1,  0,  0,  0, ],
[ 0,  0,  0,  0,  0,  0,  0,  0,  0,  0,  0,  0,  0,  0,  4,  0,  0,  0,  0,  0,  0,  0,  0,  0, ],
[ 0,  0,  0,  0,  0,  0,  0,  0,  0,  0,  0,  0,  0,  0,  0,  4,  0,  0,  0,  0,  0,  0,  0,  0, ],
[ 0,  0,  0,  0,  0,  0,  0,  0,  0,  0,  0,  0,  0,  0,  0,  0,  0,  0,  0,  0,  0, 12, 11,  0, ],
[ 0,  0,  0,  0,  0,  0,  0,  0,  0,  0,  0,  0,  0,  0,  0,  0,  0,  0,  0,  0,  0,  0,  0,  0, ],
[ 0,  0,  0,  0,  0,  0,  0,  0,  0,  0,  0,  0,  0,  0,  4,  0,  0,  0,  0,  0,  0,  0,  0,  0, ],
[ 0,  0,  0, 14,  0, 12,  0,  0,  0,  0, 12,  0,  0,  0,  0,  2,  0, 14,  0,  0,  0,  0,  0,  0, ],
[12,  0,  0, 12,  0,  0,  0,  0,  0,  0,  0,  0,  0,  0,  0,  0,  0,  0,  0,  0,  0,  0,  0,  0, ],
[ 0,  0,  0,  0,  0,  0,  0,  0,  0,  0,  0,  0,  0,  0,  0,  0,  0,  0,  0,  0,  0,  0,  0,  0, ],
[ 0,  0,  0,  0,  0,  0,  0,  0, 11,  0,  0,  0,  0,  0,  0,  0,  0,  0,  0,  0,  0,  0,  0,  0, ],
[ 0,  0,  0,  0,  0, 14,  0,  0,  0,  0,  0,  0,  0,  0,  0,  0,  0,  0,  0,  0,  0,  0,  0, 13, ],
[ 0, 12,  0,  0,  0,  0,  0,  2,  0,  0,  0,  0,  0,  0,  0,  0,  0,  0,  0,  0,  9,  0,  0,  2, ],
[ 0,  0,  0,  0,  0,  0,  0,  1,  0,  0,  0,  0, 11,  0,  0,  0,  0,  0,  0,  0,  0,  0,  0,  4, ],
[ 0,  0,  0,  0,  0,  0,  0,  0,  0,  0,  0,  0,  0,  0,  0,  0,  0,  0,  0,  0,  0,  8,  0,  0, ],
[ 0,  0,  0,  2,  0,  0,  0,  0,  0,  0,  0,  0,  0,  0,  0, 11,  0,  0,  0,  0,  5,  0,  0,  0, ],
[ 0,  0,  0,  0,  0,  8,  0,  0,  0,  0,  0,  0,  0,  0,  5,  0,  0,  0,  0,  0,  0,  0,  0,  0, ],
[ 0,  0,  0,  0,  0,  0,  0,  0,  0,  0,  0,  0,  0,  0,  0,  0,  0,  0,  0, 14,  0,  0,  2,  0, ],
[ 0,  0,  0,  0,  0,  0,  0,  0,  0,  0,  0,  0,  0,  0,  0,  0,  0,  0,  0,  0,  0,  0,  0,  0, ],
[ 0,  0,  2,  0,  0,  0,  0,  0,  0,  0,  5,  0,  0,  0,  0,  6,  0,  0,  0,  0,  0,  0,  0,  0, ],
[ 0,  0,  0,  5,  0,  0,  0,  0,  0,  0,  0,  0,  0,  0,  0,  0,  0,  0,  0,  0,  0,  0,  0,  0, ],
[ 0, 14,  0,  4,  0,  8, 10,  0,  0,  0,  0,  0,  0,  0,  0,  0,  0,  0,  0,  0,  0,  0,  0,  0, ],
[ 0,  2,  0,  0,  0,  0,  0,  0, 14,  0,  0,  0,  0,  0,  0,  0,  0,  0,  0,  0,  0,  0,  0,  0, ],
[ 0,  0,  0,  0,  0,  0,  0,  0,  0,  0,  0,  6, 11,  0,  0,  0,  0,  0,  0,  0,  4,  0, 14,  0, ],
[ 0,  0,  5,  0,  0,  0,  0,  0,  0,  0,  0,  0,  0,  0,  0,  3,  1,  0,  0,  0,  0,  0,  0,  0, ],
[ 7,  0,  0,  0,  0,  0, 14,  0, 14,  0,  0,  7,  0,  5,  0,  0,  0,  0,  0, 13,  0,  0,  0,  0, ],
[ 0,  0,  0,  0,  0,  0,  0,  0,  0,  0,  0,  0,  0,  0,  0,  0,  0,  0,  0,  0,  0,  0,  0,  6, ],
[ 0,  0,  0,  0,  0,  0,  0, 13,  0,  0,  0,  0,  0,  0,  0,  0,  0,  0,  0,  0,  0,  0,  0,  0, ],
[ 0,  0,  0,  0,  0,  0,  0,  0,  0,  0,  0,  0,  0,  0,  0,  0,  0,  0,  0,  0,  0,  0, 14,  0, ],
[ 8,  0, 13,  0,  0,  0,  0,  0,  0,  0,  0,  0,  0,  0,  0,  0,  5,  0,  0,  0,  0,  0,  9,  0, ],
[ 0,  0,  1,  0,  0,  9,  0,  0,  0,  0,  0,  0,  0,  0,  0,  0,  0,  0,  0,  0,  0,  0,  0,  0, ],
[ 0,  0,  0,  0,  1,  0,  0,  0,  0,  9,  0,  0,  2,  0,  0,  0,  0,  0,  0,  0,  0,  0,  0,  3, ],
[ 0,  0,  0,  0,  0,  0, 10,  0,  0,  0,  0,  0,  0,  1,  0,  0,  0,  0,  0,  0,  0,  7,  0,  0, ],
[ 0,  0,  0,  0,  0,  0,  0,  0,  0,  0,  0,  0,  0,  0,  3,  0,  0,  0,  0,  0,  0,  0,  0,  0, ],
[ 0,  0, 11,  0,  0,  0,  0,  0,  0,  0,  0,  0,  0,  0, 14,  0,  0,  0,  0,  0,  0,  0,  0,  0, ],
[ 0,  0,  0,  4,  0,  0,  0,  0,  0,  0,  0,  0,  6,  0,  0,  0,  0,  0,  0,  8,  0,  0,  0,  0, ],
[ 0,  0,  0,  0,  0,  2,  0,  0,  0,  0,  0,  0,  0,  0,  0,  0,  0,  7,  0,  0,  0,  0,  2,  0, ],
[ 0,  0,  0,  0,  0,  0,  0,  4,  0,  0,  0,  0,  8,  7,  0,  0,  0,  0,  0,  8,  0,  0,  0,  0, ],
[ 0,  8,  0,  0, 13,  0,  0,  0,  4,  0,  0,  0,  0,  0,  0,  0,  0,  0,  0,  0,  0,  0,  0,  0, ],
[ 0,  0,  0,  0,  0,  0,  0, 10,  0,  0,  0,  0,  0,  0,  0,  0,  3,  0,  0,  0,  0,  0,  0, 11, ],
[ 9,  0,  0,  0,  0,  0,  0,  0,  0,  0,  0,  0,  0,  0,  0,  0,  0,  9,  0,  0,  0,  0,  0, 10, ],
[ 0,  0,  0,  0,  0,  0,  2,  0,  0,  0,  0,  0,  0,  0,  0, 13,  0,  0,  0,  0,  0,  0,  0,  0, ],
[ 0,  0,  0,  0,  0,  0,  0,  0,  0,  0,  0,  0,  0,  0,  0,  0,  0,  0,  0,  0,  0,  0,  0,  0, ],
[ 0,  0,  0,  0,  0,  0,  0,  0,  0,  0,  0,  0,  0,  0,  0,  0,  0,  0,  0,  0,  0,  0,  0,  0, ],
[ 0,  0,  0,  0,  0,  0,  0,  0,  0,  0,  0,  0, 11,  0,  0,  0,  0,  0,  0,  0,  0, 12,  0,  0, ],


[1.0000, -0.8325, ],
[-0.1142, -0.2679, ],
[0.0608, -0.4578, ],
[0.0156, 0.3451, ],
[0.8484, -0.2803, ],
[0.6381, -0.0777, ],
[-0.6848, 0.5893, ],
[0.1763, 0.2937, ],
[-0.1719, -0.6367, ],
[-0.7985, 0.1859, ],
[-0.9645, -0.3336, ],
[-0.0702, -0.5382, ],
[-0.6055, -0.7566, ],
[0.5621, 0.2255, ],
[0.2292, 0.5290, ],
[-0.6036, -0.1375, ],
[0.7157, -0.9878, ],
[-0.0869, 1.0000, ],
[0.4370, 0.1316, ],
[-0.1299, -0.6237, ],
[0.6977, -0.0216, ],
[0.3044, 0.0863, ],
[0.4367, -0.1139, ],
[-1.0000, -0.0848, ],
[0.5010, -0.6456, ],
[-0.3196, -0.1563, ],
[-1.0000, 0.7187, ],
[-0.0637, 0.7524, ],
[0.7451, 0.3593, ],
[-0.5870, -0.3493, ],
[-0.6348, 0.3548, ],
[0.0994, 0.5525, ],
[0.7166, -0.2005, ],
[0.7120, 0.9229, ],
[0.0655, 0.4166, ],
[-0.4870, 0.2486, ],
[-0.7912, -0.2534, ],
[0.3454, 0.0679, ],
[0.3283, 0.9702, ],
[1.0000, 0.5131, ],
[0.5101, -1.0000, ],
[0.0250, 0.2484, ],
[0.4068, 0.7950, ],
[0.3531, -0.6738, ],
[0.7793, -0.2164, ],
[0.2048, 0.8498, ],
[0.3643, 0.1405, ],
[-0.5798, -0.6199, ],
[-0.5872, -0.6326, ],
[0.8782, 0.8791, ],
[0.5142, -0.0024, ],
[-0.0534, -0.5783, ],
[0.1344, -0.7793, ],
[-0.2834, -0.4000, ],
[-0.3717, 0.3399, ],
[0.5078, -0.3753, ],
[0.9713, -0.0532, ],
[-0.8719, 0.4378, ],
[-0.8617, 0.4505, ],
[0.2346, -0.5920, ],
[0.6651, 0.4349, ],
[-0.4209, 0.1473, ],
[-0.6169, -0.0445, ],
[0.2529, 0.1057, ],
[1.0000, 0.0252, ],
[0.2507, 0.3538, ],
[0.1633, 0.3581, ],
[0.3294, -0.7539, ],
[0.3206, 0.0442, ],
[0.5664, -0.0283, ],
[0.9327, 0.4060, ],
[0.0427, 0.3962, ],
[-0.3021, 0.2776, ],
[-0.2030, -0.4660, ],
[-1.0000, 0.7256, ],
[-1.0000, -0.2645, ],
[1.0000, 0.3432, ],
[0.4419, -0.0138, ],
[-0.0651, 0.1335, ],
[-0.5580, -0.2324, ],
[-0.3304, -0.8940, ],
[0.0959, 0.6455, ],
[-0.2645, -0.0146, ],
[-0.3164, 0.9101, ],
[-0.3666, 0.1552, ],
[-0.3297, -0.2483, ],
[0.3005, 0.5990, ],
[0.7967, 0.4324, ],
[0.6264, -0.6787, ],
[0.4963, -0.9493, ],
[-0.4310, 0.7446, ],
[-0.1767, 0.9385, ],
[0.2282, 0.6049, ],
[0.2946, 0.2816, ],
[-0.9173, -0.9256, ],
[-0.3256, 0.0697, ],
[-0.9118, 0.1085, ],
[0.6900, 0.3333, ],
[0.7104, 0.5375, ],
[0.3245, 0.8618, ],


[7.0000, ],
[4.0000, ],
[4.0000, ],
[12.0000, ],
[13.0000, ],
[3.0000, ],
[4.0000, ],
[7.0000, ],
[10.0000, ],
[5.0000, ],
[3.0000, ],
[1.0000, ],
[6.0000, ],
[17.0000, ],
[7.0000, ],
[7.0000, ],
[16.0000, ],
[12.0000, ],
[7.0000, ],
[7.0000, ],
[0.0000, ],
[9.0000, ],
[4.0000, ],
[8.0000, ],
[7.0000, ],
[3.0000, ],
[6.0000, ],
[7.0000, ],
[2.0000, ],
[7.0000, ],
[1.0000, ],
[8.0000, ],
[3.0000, ],
[17.0000, ],
[7.0000, ],
[13.0000, ],
[12.0000, ],
[5.0000, ],
[13.0000, ],
[6.0000, ],
[12.0000, ],
[8.0000, ],
[8.0000, ],
[10.0000, ],
[18.0000, ],
[11.0000, ],
[6.0000, ],
[4.0000, ],
[6.0000, ],
[4.0000, ],
[6.0000, ],
[4.0000, ],
[7.0000, ],
[6.0000, ],
[24.0000, ],
[15.0000, ],
[3.0000, ],
[2.0000, ],
[2.0000, ],
[8.0000, ],
[0.0000, ],
[2.0000, ],
[17.0000, ],
[8.0000, ],
[0.0000, ],
[4.0000, ],
[8.0000, ],
[9.0000, ],
[7.0000, ],
[3.0000, ],
[7.0000, ],
[5.0000, ],
[5.0000, ],
[0.0000, ],
[6.0000, ],
[2.0000, ],
[13.0000, ],
[5.0000, ],
[13.0000, ],
[5.0000, ],
[20.0000, ],
[3.0000, ],
[4.0000, ],
[4.0000, ],
[12.0000, ],
[4.0000, ],
[7.0000, ],
[8.0000, ],
[2.0000, ],
[8.0000, ],
[8.0000, ],
[5.0000, ],
[11.0000, ],
[9.0000, ],
[10.0000, ],
[10.0000, ],
[5.0000, ],
[0.0000, ],
[0.0000, ],
[8.0000, ],


