[ 4,  0,  0,  0,  0,  0, 12,  0,  0,  0,  0,  0,  0,  3,  0,  2,  0,  0,  0,  0,  0,  0,  0,  0, ],
[ 0,  0,  0,  0, 13,  0,  0,  0,  0,  0,  0,  0,  0,  0,  0, 13,  1,  0,  0,  0,  0,  0,  0,  0, ],
[ 0,  0,  0,  0,  0,  0,  0, 12,  0,  0,  0,  0,  0,  0,  0,  0, 13,  0,  0,  0,  0,  0,  0,  0, ],
[ 0,  3,  0,  0,  3,  0,  0,  0,  0,  0,  0,  0,  0, 10,  0,  0, 10,  0,  0,  1,  0,  0,  0,  0, ],
[ 4,  0,  0,  0,  8,  0,  0,  0,  0,  0,  0,  0,  0,  0,  0,  0,  0,  0,  0,  0,  0,  0,  0,  0, ],
[ 0,  0,  0,  6, 10,  2,  0,  0,  0,  0,  0,  0,  0,  0, 11,  0,  0,  0,  0,  0,  0, 14,  0,  2, ],
[ 0,  0,  0,  0,  0,  0,  0,  1,  0,  0,  0,  0,  0,  0,  0,  0,  0,  0,  0,  0,  0,  0,  0,  0, ],
[ 0,  0,  0,  0,  0,  0,  0,  0,  6,  0, 10,  0,  0,  0,  0,  0,  0,  0,  0,  0,  0,  0,  0,  0, ],
[ 0,  0,  0,  0,  0,  0,  0,  0,  0, 12,  0,  0,  0,  0,  0,  0,  0,  0,  0,  0,  0,  0,  0,  0, ],
[ 0, 14,  0,  0,  0,  0,  0,  0,  0,  0,  0,  0,  0,  0,  0,  0,  0,  0, 11,  0,  0,  0,  0, 10, ],
[ 0,  0,  0,  0,  0,  0,  0,  0,  0,  0,  0,  2,  1,  0,  0,  0,  0,  0,  0,  0, 12,  0,  0,  0, ],
[ 0,  0,  0,  0,  0,  0,  0,  0,  0,  7,  0,  0,  0,  0,  1,  0,  0,  0,  0,  0,  0,  0,  0,  0, ],
[ 0,  0,  0,  0,  0,  4,  0,  0,  1,  0,  0,  0,  0,  0,  0,  0,  0,  0,  0,  0,  0,  0,  0,  0, ],
[ 0,  0,  0,  0,  0,  2,  0,  2,  0,  7,  0,  0,  0,  0,  0,  0,  0,  0,  0, 10,  0,  0,  0,  0, ],
[ 0,  0,  0,  0,  0,  0,  0,  0,  0,  0,  0,  0,  0,  0,  0,  0,  0,  0,  0,  0,  0,  0,  0,  0, ],
[ 0,  0,  0,  0,  0,  0,  8,  0,  0,  0,  0,  0,  0, 13,  0,  0,  0,  0,  0,  0,  0, 14,  0,  0, ],
[ 0,  0,  0,  0,  0,  0,  4,  0,  0,  0,  0,  0,  0,  0,  0,  0,  0,  0,  0,  0,  0,  0,  0,  0, ],
[ 0,  0,  0,  0,  0,  0,  0,  0,  0,  0,  0,  0,  0,  0,  0,  0,  0,  0,  0,  0,  0,  0,  0,  0, ],
[ 0,  0,  0,  0,  0,  0,  0,  0,  0,  0,  0,  0,  0,  0,  0,  0,  0,  0,  0,  0, 13,  0,  5,  0, ],
[ 0, 12,  0,  0, 14,  0,  0,  0,  0,  0, 11,  0,  0,  0,  0,  0,  0,  0,  0,  0,  0,  0,  3,  0, ],
[ 0,  0,  0,  0,  0,  0,  0,  0,  0,  0,  0,  0,  0,  0,  0,  0,  0,  0,  0,  0, 14,  0,  0,  0, ],
[ 9,  0,  0,  0,  0, 11,  0,  0,  0,  0,  0,  0,  0,  0,  0,  0,  0,  0,  0,  0,  0,  0,  0,  0, ],
[ 0,  0,  0,  0,  0,  0,  0,  0, 10,  0,  0,  0,  0,  0,  0,  0,  0,  0,  0,  0,  0,  0,  0,  0, ],
[ 0,  0,  6,  0,  0,  0,  0,  0,  0,  0, 14,  0,  0,  0,  0,  0,  4,  0,  0,  0, 12,  0, 13,  0, ],
[ 0,  0,  0,  0,  0,  0,  0,  8,  0,  0,  0,  0,  0,  0,  0,  0,  0,  0,  0,  0,  0,  0,  0,  0, ],
[ 0,  0,  0,  0,  0,  0,  0,  0,  0,  0,  0,  0,  0,  0,  0,  0,  0,  0,  0,  0,  0,  0,  6,  0, ],
[ 0,  0,  0,  0,  0,  0,  0,  0,  0,  8,  0,  0,  0,  0,  0,  0,  0,  0,  0,  0,  0,  0,  0,  0, ],
[ 6,  0,  0,  0,  0,  0,  0,  0,  0,  0,  0,  0,  0,  0,  0,  0,  0,  0,  0, 10,  0, 13,  0,  0, ],
[ 0,  0, 14,  0,  0,  0,  0,  0,  0,  0,  0,  0,  0,  0,  0,  0,  0,  0,  9,  0,  0,  0,  0,  0, ],
[ 9,  0,  0,  0,  0,  5,  0, 11,  7,  0,  0,  0,  0,  0,  0,  0,  0,  0,  0,  0,  0,  0,  0,  0, ],
[ 0,  0,  0,  0,  0,  0,  0,  0, 12,  0, 14,  0,  0,  0,  0,  0,  0,  0,  0,  0,  0,  6,  0,  0, ],
[ 0,  0,  0,  0,  0,  0,  0,  0,  0,  0, 11,  0,  0,  2,  0,  0,  0,  0,  0,  0,  0,  0,  0,  0, ],
[ 0,  0,  5,  0,  0,  0,  0,  0,  0,  0,  0,  0,  0,  0, 10,  0,  0,  2,  0,  0,  0,  0,  4,  0, ],
[ 0,  0,  0,  0,  0,  0,  0,  0,  0,  0,  0,  0,  0,  0,  0,  0,  0,  2,  0,  0,  0,  0,  0,  0, ],
[ 0,  0,  0,  0,  8,  0,  0,  0,  0,  0,  0,  0,  1,  0,  0,  0,  0,  0,  0,  0,  0,  0,  0,  0, ],
[ 0,  4,  0,  0,  0,  0,  0,  0,  0,  0,  0,  0,  0,  0, 11,  0,  0,  0,  0,  8, 12,  0, 10,  0, ],
[ 0,  0,  0,  0,  0,  0,  0,  0,  0,  0,  0,  0,  0, 11,  0,  0,  0,  0,  0,  0,  0,  0,  0,  0, ],
[ 0,  0,  0,  0,  0,  0,  0,  0,  0,  0,  0,  0,  0,  0,  0,  0,  0,  0,  0,  0,  0,  0,  0,  0, ],
[ 0,  0,  0,  0,  0,  0,  0,  0,  0,  0,  0,  0,  0,  0,  0,  0,  0,  0,  0,  0,  0,  0,  0,  0, ],
[ 0,  0,  0,  0,  0,  0,  0,  0,  0,  0,  0,  0,  0,  0,  0,  0,  0,  0,  0,  0,  0,  0,  0,  0, ],
[ 0,  0,  0,  0,  7,  0,  0,  3,  0,  0,  0,  0,  0, 11,  0,  0,  0,  0,  0,  0,  0,  0,  0,  0, ],
[ 0,  0,  0,  0,  0,  0,  0,  0,  0, 10,  0, 10,  0,  0,  0,  0,  0,  0,  0,  0,  0,  0,  0,  0, ],
[ 0,  0,  0,  0,  0,  0,  0,  0,  0,  0,  0,  0,  0,  0,  0,  0,  2,  0,  0,  0,  0,  0,  0,  0, ],
[ 0,  0,  0,  0,  0,  0,  0,  0,  0,  0,  0,  0,  0,  0,  0,  0,  0,  0,  0,  0,  0,  0,  0,  0, ],
[ 8,  0,  0,  0,  0,  0,  0,  0,  0,  0, 14,  0,  0,  0,  0,  0,  0,  0,  7,  0,  0,  0,  0,  0, ],
[ 0,  0,  0,  0,  0,  0,  0,  0,  0,  0,  0,  0,  0,  0,  0,  0,  0,  0,  0,  0,  0,  0,  0,  0, ],
[ 0, 11,  0,  0,  0,  0,  0,  0,  0,  0,  0,  0,  0,  0,  0,  0,  5,  0,  0,  0,  0,  0,  0,  0, ],
[ 0,  0,  0,  0,  0,  0,  0,  0,  0,  0,  0,  2,  0,  0,  0,  0, 11,  0,  0,  6,  0,  0,  0,  0, ],
[ 0,  0,  0,  0,  0,  0,  3,  0,  0,  0,  0,  0,  0, 10,  0,  0, 12,  0,  0,  0,  0,  0,  0,  0, ],
[10,  0,  0,  0,  5,  8,  4,  0,  0,  0,  0,  0,  0,  0,  0,  0,  4,  0,  0,  0,  0,  0,  0,  0, ],
[ 0,  0,  0,  0,  0,  0,  0,  0,  0,  0,  0,  0,  0,  0,  0,  0, 12,  0,  0,  0,  0,  0,  0,  0, ],
[ 0,  0,  0,  0,  0,  0,  0,  0,  0,  0,  0,  0,  0,  0,  0,  0,  0,  0,  0,  0,  0,  0,  0,  0, ],
[ 0,  0,  0,  0,  7,  5,  2,  0,  0,  0,  0,  0,  0,  0,  0,  0,  0,  0,  0,  0,  0,  0, 11,  0, ],
[ 0,  0,  0,  0,  0,  0,  0, 12,  0,  0,  0,  0,  0,  0,  0,  0,  8,  0,  0,  0,  0,  0,  0,  0, ],
[ 2,  0,  0,  0,  0,  0,  0,  0,  0,  0,  0,  0,  0,  0,  2,  0,  0,  0,  0,  0,  0,  0,  0,  0, ],
[ 0,  0, 11,  0,  0, 14,  0,  0,  0,  0,  1,  0,  0,  0,  0,  0,  0,  0,  0,  0,  0,  0,  0,  0, ],
[ 0,  0,  0,  0,  0,  0,  0,  0,  0,  0,  0,  0,  0,  0,  0,  0,  0,  0,  0,  0,  0,  0,  0,  0, ],
[ 0,  0,  0, 10,  0,  0,  0,  0,  0,  0,  0,  0,  0,  0,  0,  0,  0,  0,  0,  0,  0,  0,  0,  0, ],
[ 0,  6,  0,  0,  0,  0,  0,  0,  0,  0,  0,  0,  0,  0,  0,  0,  4,  0,  0,  0,  0,  0,  0,  0, ],
[ 0,  0, 12,  0,  0,  0,  0,  0,  9,  0,  0,  3,  0,  0,  0,  0,  0,  0, 14,  0,  0,  1,  0,  0, ],
[ 0,  0,  0,  0,  0,  0,  0,  0,  0,  0,  0,  9, 12,  0,  0,  5,  0,  0,  0,  0,  0,  0,  0,  0, ],
[ 0,  0,  0,  0,  0,  0,  0,  0,  0,  0,  0,  0,  0,  0,  0,  0,  0,  0,  0,  0,  0,  0,  0,  8, ],
[ 0,  0,  0,  0,  0,  0,  0,  0,  0,  0,  0,  0,  0,  0,  0,  0,  0,  0,  0,  0,  0,  0,  0,  0, ],
[ 0,  0,  0,  0,  0,  0,  0,  0,  0,  0,  0,  0,  0,  0,  0,  0,  0,  0,  0,  0,  0,  0,  0,  0, ],
[ 7,  9,  0,  0,  0,  0,  0,  0,  0,  0,  0,  0,  0,  0,  0,  0,  0,  0,  0,  0,  0,  0,  0,  0, ],
[ 0,  0,  0,  0,  0,  0,  0,  0, 13,  0,  0, 11,  0, 13,  0,  0,  0,  0,  0,  0,  0,  0,  0,  0, ],
[ 0, 10,  0,  0,  3,  0,  0,  0,  0,  0,  0,  0,  0,  0,  0,  0,  0,  0,  0,  0,  0,  0,  0,  0, ],
[ 0, 11,  0,  0,  0,  0,  0,  0,  2,  3, 13,  0,  0,  0,  0, 14,  0,  0,  0,  0,  0,  0,  0,  0, ],
[ 0,  0,  0,  0,  0,  0,  0,  0,  0,  0,  0,  0,  0,  0,  0,  0,  0,  0,  0, 12,  0,  0,  0,  0, ],
[ 0,  0,  0,  0,  0,  0,  0,  0,  7,  0,  0,  0, 11,  0,  0,  0,  0,  0,  0,  4,  0,  0,  0,  0, ],
[ 0,  0,  0,  5,  0,  0,  0,  5,  0,  0,  0,  0,  0,  0,  0,  4,  0,  8, 11,  0,  0,  0,  0,  0, ],
[ 0,  0,  0,  0,  0,  0,  0,  0,  0,  0, 10,  0,  0,  0,  0,  0,  0,  0,  0,  0,  0,  0,  6,  0, ],
[ 0,  0,  0,  0,  0,  0,  0,  0,  0,  0,  0,  0,  0,  0,  0,  0,  0,  0,  0,  0,  0,  0,  0,  0, ],
[ 0,  0,  0,  0,  0,  0,  0,  0,  0,  0,  0,  0, 12,  0,  0,  0,  0,  0, 10,  0,  0,  0,  0,  0, ],
[ 0,  0,  0,  0,  0,  0,  0,  0,  0,  0,  6,  0,  0,  0,  7,  0,  0,  0,  0,  0,  0,  0,  0,  0, ],
[ 0,  6,  0,  0, 13,  0,  0,  0,  0,  0,  0,  0,  0,  0,  0,  0,  0,  0,  0,  0,  0,  0,  0,  0, ],
[ 0,  0,  0,  0,  0,  0,  0,  0,  0,  0,  9,  0,  0,  0,  0,  0,  0,  8,  0,  0,  0,  0,  0,  0, ],
[ 0,  0,  0,  0,  0,  0,  0,  0,  0, 13, 12,  0,  0, 13,  0,  0,  0,  8,  0,  0,  8,  0,  0,  0, ],
[ 0,  0,  0,  0,  0,  1,  2,  0,  0,  0,  0, 12,  0,  3,  0, 14,  0,  0,  3,  0, 12,  0,  0,  0, ],
[ 0,  0,  4,  4, 11,  0,  0,  0,  0,  0,  0,  0,  4,  0,  0,  0,  0,  0,  0,  0,  9,  0,  0, 14, ],
[ 7,  0,  0,  0,  0,  0,  0,  0,  0,  0,  0,  0,  0,  0,  0,  0,  0,  0,  0,  0,  0,  0,  0,  0, ],
[ 0,  0,  0,  0,  0, 14,  0,  0,  0,  0,  0,  0,  0,  0,  0,  0,  0,  0,  0, 13,  0,  0,  0,  0, ],
[ 0,  0,  0,  0,  0,  0,  0,  0,  0,  0,  0,  0,  0,  0,  0,  0,  0,  0,  8,  0,  0,  0,  0,  0, ],
[ 0,  0,  0,  0,  0,  0,  0,  0, 14,  0,  0,  0,  0,  0,  0,  0,  0,  0,  0,  0,  0,  0,  0,  0, ],
[ 0,  0,  0,  0,  0,  0,  0,  0,  0,  0,  0,  0,  0,  0,  0,  0,  0, 14,  0,  0,  0,  0,  0,  0, ],
[ 0,  0,  0, 13,  0,  0,  0,  0,  7,  0,  0,  0,  0,  4,  0,  0, 11,  0,  0,  0,  0,  0,  0,  0, ],
[ 0,  0,  0,  0,  0,  0,  3,  0,  0,  0,  0,  0,  0,  0,  0,  0,  0,  0,  0,  0,  0,  0,  0,  3, ],
[ 0,  0,  0,  0,  5,  0,  0,  0,  0,  0,  2,  0,  0,  7,  0,  0,  0,  0,  0,  0,  6, 12,  3,  0, ],
[ 0,  0,  0,  0, 11,  0,  0,  0,  0,  0,  0,  0,  0,  0,  0,  0,  0,  0,  0,  0,  0,  0,  0,  0, ],
[ 0,  0,  0,  0,  0,  0,  0,  0,  0,  0,  0,  9,  1,  0,  0,  6,  0,  0,  0,  0,  0,  0,  0,  0, ],
[ 0,  0,  0,  0,  0, 12,  0,  0,  1,  0,  0,  0,  0,  0,  0,  0,  0,  0,  0,  0,  0,  0,  0,  0, ],
[ 0,  0,  0,  0,  0,  0,  0,  0,  0,  0,  3,  0,  0,  0,  0,  0,  0,  0,  0,  0,  0,  0,  0,  0, ],
[ 0,  0,  0,  0,  8,  0,  0,  0,  0,  2,  0,  0,  0,  0,  0,  0,  0,  0,  0,  0,  0,  8,  0,  0, ],
[ 0,  0,  0,  0,  0,  0,  0,  0,  0,  0,  0,  0,  0,  0,  0,  0,  0,  0,  0,  0,  1,  0,  0,  9, ],
[ 0,  0,  0,  0,  0,  0,  0,  0,  0,  0,  0,  0,  0,  0,  3,  0,  0,  0,  0,  0,  0,  0,  0,  0, ],
[ 9,  0,  0,  0,  0,  0,  0,  0,  0,  0,  0,  0,  0,  0,  0,  0,  0,  0,  0,  0,  0,  0,  0,  0, ],
[ 0,  0,  0,  0,  0,  0,  0,  0,  0,  0,  0,  0,  8,  0,  0,  6,  0,  0,  0,  0, 14,  0,  0,  0, ],
[ 9,  0,  9,  0,  0,  0,  0,  0,  9,  0,  0,  0,  0,  6,  0,  0,  0,  3,  0,  0,  0,  0,  9,  0, ],
[ 0,  0,  0, 10,  0,  0,  0,  0,  0,  0,  0,  0,  0,  0,  0,  0,  0,  0,  0,  0,  0,  0,  0,  0, ],
[ 0,  0,  0,  2,  0,  0,  0,  0,  0,  0,  0,  0,  0,  0,  0,  0,  0,  0,  0,  0,  0,  0,  0,  0, ],


[1.0000, -0.2045, ],
[-0.1796, -0.7945, ],
[0.1339, -0.3636, ],
[0.9179, 0.2335, ],
[-0.1814, 0.4949, ],
[0.5722, -0.0777, ],
[-0.6887, -0.6237, ],
[0.2205, 0.1855, ],
[-0.3414, -0.6744, ],
[-0.6121, 0.2858, ],
[-0.9564, -0.0541, ],
[-0.0702, -0.4763, ],
[-0.2698, -0.8657, ],
[0.0932, 0.6792, ],
[0.6030, 0.4517, ],
[-0.5998, -0.1375, ],
[-0.3817, -0.7363, ],
[-0.0164, 0.8329, ],
[0.4370, -0.1815, ],
[-0.1504, -0.6659, ],
[0.9166, 0.7855, ],
[0.1601, 0.0185, ],
[0.6455, -0.1767, ],
[-1.0000, 0.0167, ],
[0.8949, 0.0483, ],
[-0.1717, 0.1219, ],
[-1.0000, -0.4030, ],
[-0.6628, -0.4322, ],
[0.1265, 0.3133, ],
[0.7459, 0.5245, ],
[-0.4598, -0.3692, ],
[-0.0150, 0.4079, ],
[0.5624, -0.0502, ],
[0.4077, 0.7810, ],
[0.1747, 0.8301, ],
[-0.7193, 0.1971, ],
[-0.7453, 0.0045, ],
[0.6061, -0.3138, ],
[1.0000, 0.9702, ],
[0.7394, -0.4000, ],
[0.5101, -1.0000, ],
[0.0250, 0.4208, ],
[0.2170, 0.5352, ],
[0.5858, -0.7468, ],
[0.1784, -0.2811, ],
[0.0490, 0.8498, ],
[0.2130, -0.2675, ],
[-0.7566, -0.5108, ],
[-0.1486, -0.7344, ],
[0.7672, 0.8131, ],
[0.5736, -0.2559, ],
[0.1273, 0.1182, ],
[0.2977, -0.7793, ],
[0.1604, -0.5618, ],
[-0.1983, 0.4078, ],
[0.5846, -0.3786, ],
[0.5340, -0.1929, ],
[-0.8719, 0.2743, ],
[-0.2199, 0.4126, ],
[0.3231, -0.3105, ],
[0.8581, 0.1032, ],
[-0.5625, 0.4731, ],
[-0.6715, 0.1213, ],
[0.4407, 0.2495, ],
[1.0000, 0.9493, ],
[0.4571, -0.6063, ],
[0.1493, 0.4623, ],
[0.3649, -0.7539, ],
[0.2895, 0.1330, ],
[0.8068, -0.0007, ],
[0.8789, 0.4676, ],
[-0.0446, 0.3853, ],
[0.7978, 0.0647, ],
[-0.2030, -0.5170, ],
[-0.5517, 0.5825, ],
[-1.0000, -0.0856, ],
[0.6732, 0.4424, ],
[0.8815, 0.9585, ],
[0.3959, 0.1933, ],
[1.0000, 0.1769, ],
[0.4891, -0.8333, ],
[0.0620, 0.6455, ],
[0.1487, 0.9234, ],
[-0.5694, 0.8442, ],
[-0.2813, 0.1552, ],
[-0.4264, -0.5923, ],
[0.2269, 0.3056, ],
[0.7366, 0.4645, ],
[-0.3001, -0.3650, ],
[0.3432, -0.8390, ],
[-0.5697, -0.1726, ],
[0.1390, 0.9150, ],
[-0.1574, 0.5499, ],
[0.2059, 0.3721, ],
[-0.9050, -0.5939, ],
[0.1982, 0.0677, ],
[-0.7111, 0.1487, ],
[0.6380, -0.7143, ],
[0.7240, 0.4626, ],
[0.4009, 0.8196, ],


[9.0000, ],
[9.0000, ],
[8.0000, ],
[13.0000, ],
[5.0000, ],
[17.0000, ],
[1.0000, ],
[7.0000, ],
[4.0000, ],
[12.0000, ],
[6.0000, ],
[4.0000, ],
[3.0000, ],
[9.0000, ],
[0.0000, ],
[11.0000, ],
[2.0000, ],
[0.0000, ],
[6.0000, ],
[14.0000, ],
[4.0000, ],
[7.0000, ],
[4.0000, ],
[17.0000, ],
[3.0000, ],
[3.0000, ],
[3.0000, ],
[11.0000, ],
[7.0000, ],
[12.0000, ],
[11.0000, ],
[5.0000, ],
[9.0000, ],
[1.0000, ],
[4.0000, ],
[17.0000, ],
[4.0000, ],
[0.0000, ],
[0.0000, ],
[0.0000, ],
[9.0000, ],
[8.0000, ],
[1.0000, ],
[0.0000, ],
[10.0000, ],
[0.0000, ],
[6.0000, ],
[8.0000, ],
[10.0000, ],
[13.0000, ],
[4.0000, ],
[0.0000, ],
[10.0000, ],
[7.0000, ],
[2.0000, ],
[9.0000, ],
[0.0000, ],
[4.0000, ],
[5.0000, ],
[14.0000, ],
[9.0000, ],
[3.0000, ],
[0.0000, ],
[0.0000, ],
[6.0000, ],
[12.0000, ],
[6.0000, ],
[15.0000, ],
[4.0000, ],
[9.0000, ],
[13.0000, ],
[7.0000, ],
[0.0000, ],
[8.0000, ],
[6.0000, ],
[7.0000, ],
[6.0000, ],
[18.0000, ],
[18.0000, ],
[17.0000, ],
[3.0000, ],
[8.0000, ],
[3.0000, ],
[4.0000, ],
[4.0000, ],
[13.0000, ],
[4.0000, ],
[15.0000, ],
[4.0000, ],
[7.0000, ],
[5.0000, ],
[2.0000, ],
[7.0000, ],
[4.0000, ],
[2.0000, ],
[3.0000, ],
[10.0000, ],
[17.0000, ],
[4.0000, ],
[1.0000, ],


