[ 0,  0,  0,  0,  9,  0,  0, 11,  0,  0,  0,  0,  0,  0,  0,  0,  0, 11,  0,  0,  0,  0,  0,  0, ],
[ 9,  0,  0,  0,  0, 13,  0,  0,  0,  0,  0,  0,  0,  0,  0,  0,  0,  0,  0,  8,  0,  0,  0,  0, ],
[ 0,  0,  0,  0,  0,  0,  0, 10,  0,  0,  0,  0,  0,  0,  0,  0,  0,  9,  0,  0,  7,  0,  0,  0, ],
[ 0,  0,  0,  0,  0,  0,  0,  0,  0,  0,  4,  0,  0,  0,  0,  0,  0,  0,  0,  0,  0,  0,  0,  0, ],
[ 0,  0,  0,  0,  0,  0,  0,  0, 13,  0,  0,  0,  0,  1,  0,  0,  0,  0,  0,  0,  0,  4,  0,  0, ],
[ 0,  0,  0, 13,  0,  0,  5,  0,  0,  0,  0,  0,  0,  0,  2,  0,  0,  2,  0,  0,  0,  0,  0,  0, ],
[ 0,  0,  0,  0, 11,  0,  0,  0,  0,  0,  0,  0,  0,  0,  0,  0,  8,  0,  0,  0,  0,  0,  0,  0, ],
[ 0,  0,  0,  0,  0,  0,  0,  0,  6,  0,  0,  0, 11,  0,  0,  0,  0,  0,  0,  0,  0,  0,  0,  0, ],
[ 0,  0,  2,  0,  0,  0,  0,  0,  0,  0,  0,  0,  0,  0,  0,  0,  0,  0,  0,  0,  0,  0,  0,  0, ],
[ 0,  0,  0,  0,  7,  0,  0,  0,  0,  0,  0,  0,  0,  0,  0,  3,  0,  0,  0,  5,  0,  0,  0,  0, ],
[ 0,  0,  0,  0,  0,  0,  0,  0,  0,  0,  0,  0,  0,  0,  0,  0,  0,  0,  0,  0,  0,  0,  0,  0, ],
[ 0,  0,  0,  0,  0,  0,  0, 14,  0, 11,  5,  0,  0,  7,  0,  0,  0,  0,  2,  0,  2,  0,  0,  0, ],
[ 0,  0,  0,  0,  0,  0,  0,  0,  0,  0,  0,  0,  0,  0,  0,  0,  0,  0,  0,  0,  0,  0,  0,  0, ],
[ 0,  0,  0,  0,  0,  0,  0,  0,  0,  0,  0, 13,  0,  0,  2,  0,  0,  0,  0,  0,  1,  0,  2,  0, ],
[ 0,  0,  0,  0,  0,  0,  0,  0,  0,  0,  0,  0,  0,  0,  0, 12,  0,  0,  0,  0,  0,  0,  0,  0, ],
[ 0,  0,  0,  0,  0,  0,  0,  0,  4,  0,  0,  0,  0,  0,  2,  0,  0,  0,  0,  0,  0,  0,  0,  0, ],
[ 0,  0,  0,  0,  0,  5,  8,  0,  1,  0,  0,  0,  9,  7,  1,  0,  0,  2,  0,  0,  0,  0,  0,  0, ],
[ 0,  0,  0,  0,  0,  0,  0,  0,  0,  0,  0,  0,  0,  0,  0,  0,  0,  0, 12,  0,  0,  0,  0,  0, ],
[ 0,  0,  0,  0,  0,  0,  0,  0,  0,  0,  0,  0,  0,  0,  0,  0,  0,  0,  0,  0,  0,  9,  5,  0, ],
[ 0,  0,  0,  0,  0,  0,  7,  0,  0,  0, 13,  0,  0,  0,  0,  0,  0,  0,  0,  0,  0,  0,  0,  0, ],
[10,  0,  0, 13,  0,  0,  0,  0,  0,  6,  0,  0,  2,  0,  0,  0, 10,  0,  0,  0,  0,  0,  0,  0, ],
[ 0,  0,  0,  0,  0,  0,  0,  0,  0,  0,  0,  0,  0,  0,  0,  0,  0,  0,  0,  0,  0,  0,  0,  0, ],
[ 0,  0,  0,  0,  0,  0,  0,  8,  0,  0,  0,  0,  0,  0,  0,  0,  0,  0,  0,  0,  0,  0,  0,  0, ],
[ 0,  0,  0,  0,  0,  0,  0,  0,  0,  0,  0,  0,  0,  0,  0,  0,  0,  0,  0,  0,  0,  0,  0,  0, ],
[ 0,  0,  0,  0,  1,  0,  0,  0,  0,  0,  0,  0,  0,  0,  0,  0,  0,  0,  0,  0,  0,  0,  0,  0, ],
[ 0,  0,  0,  0,  2,  0,  0,  0,  0,  0,  0,  0,  0,  0,  0,  0,  0,  0,  0,  0,  0,  0,  0,  2, ],
[ 0, 12,  0,  0,  0,  5,  0,  0,  0,  0,  0,  0,  0,  0,  0,  0,  8,  0,  4,  0,  0,  0,  0,  0, ],
[ 0,  0,  0,  0,  0,  0,  0,  0,  0,  0,  0,  0,  0,  0,  0,  0,  0,  0,  1,  4,  0,  0,  0,  0, ],
[ 0,  0,  0,  0,  0,  0,  0,  0,  0,  0,  0,  0,  0,  0,  0,  0,  0,  0,  0,  0,  0, 10,  0,  0, ],
[ 0,  0,  0,  0,  0,  0,  0,  0,  0,  0,  0,  0,  0,  0,  0,  0,  0,  0,  0,  0,  0,  0,  0,  0, ],
[ 0,  0,  0,  0,  0,  0,  0,  0,  0,  0,  0,  0,  0,  0,  0,  0,  0,  0,  0,  0,  0,  0,  0,  0, ],
[ 0,  0,  0,  0,  0,  0,  0,  0,  0,  0,  0,  0,  0,  0,  0,  0,  0,  0,  0,  0,  0,  0,  0,  0, ],
[ 0,  0,  0,  0,  0,  4,  0,  0,  0,  0,  0,  0,  0,  0,  0,  0,  0,  0,  0,  0,  0,  0,  0,  0, ],
[ 0,  0,  0,  0,  0,  0,  0,  0,  0,  0,  0,  0,  0,  0,  0,  0,  0,  0,  0,  0,  0,  5,  0,  0, ],
[ 0,  0,  0,  0,  0,  0,  0,  0,  0,  0,  0,  0,  0,  0,  0,  0,  0,  0,  0,  0,  0,  0, 12,  0, ],
[ 0,  0,  0,  0,  0,  0,  0,  0,  0,  0,  0,  0,  0,  0,  0,  0,  0,  0,  0,  0,  0,  0,  0,  0, ],
[ 0,  0,  0,  0,  0,  8,  0,  0, 12,  0,  0,  0,  0,  0,  0,  2,  0,  0,  0,  0,  0,  0,  0,  0, ],
[12,  0,  0,  0,  0,  0,  0,  0,  0,  0,  0,  0,  0,  0,  0,  0,  0,  0,  0,  0,  0,  0,  0,  0, ],
[ 0,  0,  0,  0,  0,  0, 12,  0,  0,  0,  0,  0,  0,  0,  0,  0,  0,  0,  0,  0,  3,  0,  0,  0, ],
[ 0,  0,  0,  0,  0, 12,  0,  0,  0,  0,  0,  0,  0,  0,  0,  0,  8,  0,  0,  0,  0,  0,  0,  0, ],
[ 0,  0,  0,  0,  0,  0,  0,  1,  0,  0,  0,  0,  0,  0,  0,  0,  0,  0,  0,  0,  0,  0,  2,  0, ],
[ 0,  0,  0,  0,  0,  0,  0,  0,  0, 10,  0, 10,  0,  0,  0,  0,  0,  0,  0,  0,  0,  0,  0,  0, ],
[ 0,  0,  0,  0,  0,  0,  0,  0,  0,  0,  0,  0,  0,  0,  0,  8,  6, 14,  0,  0,  0,  0,  0,  0, ],
[ 0,  0,  0,  0,  0,  0,  0,  0,  0, 12,  0,  0,  0,  0,  0,  0,  0,  0,  0,  0, 13,  0,  2,  0, ],
[ 0,  0,  0,  0,  0,  0,  0,  0,  0,  0,  0,  0,  0,  4,  0,  0,  0,  0,  0,  0,  0,  0,  0,  0, ],
[ 0,  0,  0,  0,  0,  0,  0,  0,  0,  0,  0,  4,  0,  0,  0,  0,  4,  0,  0,  0,  0,  0, 12, 12, ],
[ 0,  0,  0,  0,  0,  0,  4,  0,  0,  0,  0,  0,  0,  0,  0,  0,  0,  0,  0,  0,  0,  6,  0,  0, ],
[ 0,  0,  0,  0,  0,  0,  0,  0,  0,  0,  0,  0,  0,  0,  0,  0,  0,  0,  0,  0,  0,  0,  0,  0, ],
[ 0,  0,  0,  0,  0,  0,  3,  0,  0,  0,  0,  0,  4,  0,  0,  0,  0,  0, 13,  0,  0, 12,  0,  0, ],
[ 0,  0,  0,  0,  5,  0,  0,  0,  3,  0,  0,  1,  0,  0,  0,  7,  0,  0,  0,  9,  0,  0,  0,  0, ],
[ 0,  0,  0,  0,  0,  0,  0,  0,  0,  0,  0,  0,  0,  0,  0,  0,  0,  0,  0,  0,  0,  0,  0,  0, ],
[ 0,  0,  0,  0,  0,  0,  0,  0,  0,  0,  0,  0,  0,  0,  0,  0,  0,  0,  0,  3,  0,  0,  0,  0, ],
[ 0,  0,  0,  1,  0,  0,  0,  0,  0,  0,  0,  0,  0,  0,  0,  0,  0,  0,  0,  0,  0,  0,  0,  0, ],
[ 0,  0,  3,  0, 12,  0,  0, 10,  0,  0,  0,  0,  0,  0,  0,  0,  0,  0,  0,  0,  0,  0,  0,  0, ],
[ 0,  0,  0,  0,  0, 13,  0,  0,  0,  0,  0,  0,  0,  0,  0,  0,  0,  9,  0,  0,  0,  0,  0,  0, ],
[ 0,  0,  0,  0,  0,  0,  0,  0,  0,  0,  0,  0,  0,  0,  0,  0, 13,  0,  0,  7,  0,  0,  0,  0, ],
[ 2,  0,  0,  0,  0,  0,  0,  0,  0,  0, 12,  0,  5,  0,  0,  0,  0,  0,  0,  0,  0,  0,  0,  0, ],
[ 0,  0,  0,  0, 12,  0,  0,  0,  0,  0,  0,  0,  0, 13,  0,  0,  0,  0,  0,  0,  0,  0,  0,  0, ],
[ 0,  0,  0,  0,  0,  0,  0,  0,  0,  0,  0,  4, 10,  0,  0,  0,  0,  0,  0,  0,  0,  0,  0,  0, ],
[ 0,  0,  0,  0,  0,  0,  0,  0,  0,  0,  0,  0,  0,  0,  0,  0,  0,  0,  0, 11,  0,  0,  0,  0, ],
[ 0,  0,  0,  0,  0,  0,  0,  0,  4,  0,  0,  0,  0,  0,  0,  0,  0,  0,  0,  0,  0,  0,  0, 12, ],
[ 2,  0,  0,  0,  0,  0,  0,  0,  0,  0,  0,  0,  0,  0,  0, 12,  0,  0,  0, 10,  0,  0,  0,  0, ],
[ 0,  0,  0,  0,  2, 13,  0, 10,  0,  0,  0,  0,  0,  0,  0,  0,  2, 10,  0, 14,  0,  0,  0,  0, ],
[ 0,  0,  0,  0,  0,  0,  0,  0,  0,  3,  0,  0,  0,  0,  0,  0,  0,  0,  0,  0,  0,  0,  0,  0, ],
[ 0,  0,  3,  0,  0,  0,  0,  0,  0,  0,  0,  0,  6,  0,  0,  2,  0,  0,  0,  0,  0,  0,  0,  0, ],
[ 0,  0,  0,  0,  0,  0,  0,  0,  0,  0,  0,  0,  0,  0,  0,  0,  0,  0,  0,  5,  0,  3,  0,  0, ],
[ 0,  0,  0,  0,  0,  0,  0,  0,  0,  0,  0,  0,  0,  0,  0,  0,  0,  0,  0,  0,  0,  0,  0,  0, ],
[13,  8,  0,  0,  0,  0,  0,  0,  0,  0,  0,  0,  0, 13,  0,  0,  0,  0,  0,  0,  8,  0,  0,  0, ],
[ 0, 12,  0,  0,  0,  0,  0,  0,  0,  0,  0,  0,  0,  0,  6,  0,  0,  0,  0,  0,  0,  0,  0,  0, ],
[ 0,  0,  4,  0,  0,  0,  0,  0,  7,  0,  0,  5,  0,  0,  0,  0,  0,  0,  0,  0,  0,  0,  0,  0, ],
[ 9,  0,  0,  0,  0,  0,  0,  0,  0,  0, 13,  0,  0,  0,  0,  0,  0,  8,  0,  0,  0,  0, 10,  0, ],
[ 0,  0,  0,  3,  0,  0,  0,  0,  0,  0,  0,  0,  0,  0,  0,  0,  0,  0,  6,  0,  0,  0,  8, 12, ],
[ 0,  0,  0,  0,  0,  8,  0,  0,  0,  0,  2,  0,  0, 11,  0,  0,  0,  0,  0,  0,  0,  0,  0,  0, ],
[ 0,  0,  0,  0,  0,  3,  0, 12,  0,  0,  0,  0,  0,  0,  0,  0,  0,  0,  0,  0,  0,  0,  0,  0, ],
[ 0,  7,  0,  0,  0,  0,  0,  0,  0,  0,  0,  0,  0,  0,  0,  0,  0,  1,  0,  0,  0,  0,  0,  0, ],
[11,  0,  0,  0,  0,  0,  0,  0,  0,  0,  0,  0,  0,  0,  0,  0,  0,  0,  0,  0,  0,  0,  0, 13, ],
[ 0,  0,  2,  0,  0, 11,  0,  0,  0,  0,  0,  0,  0,  0,  0,  0,  0,  0, 12,  8,  0,  0,  0,  0, ],
[ 0,  0,  0,  0,  0,  0,  0,  0,  0,  0,  0,  0,  0,  0,  0,  0,  0,  0,  0,  3,  0,  0,  0,  0, ],
[ 0,  0, 13,  0, 10,  0,  0,  0,  0,  0,  0,  0,  0,  0,  6,  0, 13,  0,  0,  0,  0,  0,  4,  0, ],
[ 0,  8,  5,  0,  0,  0,  0,  0,  0,  0,  0,  0,  0,  0,  0,  0,  0, 10,  2,  0,  0,  0,  0,  0, ],
[ 0,  0, 13,  0,  0,  0,  0,  0,  0,  0,  0,  0,  0,  0,  0,  0,  0,  0,  0,  0,  0,  0,  0,  0, ],
[ 8,  0,  0,  0,  0,  0,  0,  0,  0,  0, 13,  0,  0,  0,  0,  0,  0,  0,  0,  0,  0,  0,  0,  0, ],
[ 0,  0,  0,  0,  0,  0,  0,  0,  0,  0,  0,  0,  0,  0,  0,  0,  0,  0,  0,  0, 10,  0,  0,  0, ],
[ 0,  0,  0,  0,  0,  9,  0,  0,  1,  0,  0,  0,  6,  0,  0,  0,  0,  0,  0,  0,  0,  0,  0,  0, ],
[ 0,  0,  0,  0,  0,  0,  0,  0,  0,  0,  0,  0, 12,  0,  0,  0,  0,  0,  0,  0,  9,  0,  0,  0, ],
[ 0,  0,  0,  0, 13,  0,  0,  0,  0,  0,  1,  0,  0,  0,  0,  0,  9,  0,  0,  0,  0,  0,  0,  0, ],
[ 0,  0,  0,  0,  0,  0,  0,  0,  2,  0,  0,  0,  2,  0,  0,  0,  0,  0,  0,  0,  0,  0,  0,  9, ],
[ 0,  0,  0,  2,  0,  0,  9,  0,  0,  0,  0,  1,  0, 12,  2,  0,  0,  0,  0,  0,  0,  0,  0, 10, ],
[ 0,  0,  0,  0,  0,  0,  0,  0,  0,  0,  0,  1,  0,  9,  0,  0,  0,  0,  0, 13,  0,  0,  0,  0, ],
[ 0,  0,  0,  0,  0,  0,  0,  0,  0,  0,  0,  0,  0,  0,  0,  0,  0, 14,  0,  0,  0,  0,  0,  4, ],
[ 0,  0,  0,  2,  0,  0, 13,  0,  0,  9, 11,  0,  0,  0,  0,  0,  0,  0,  0,  2,  0,  0,  1,  0, ],
[10,  7,  0,  0,  0,  0,  0,  0,  0,  0,  0,  0,  0,  0,  0,  0,  0,  0,  0,  0,  0,  0,  0,  0, ],
[ 0,  0,  0,  0,  0,  0,  0,  0,  0,  0,  0,  0,  0,  0,  0, 13,  5,  0,  4,  0,  0,  0,  0,  0, ],
[ 0,  0,  0,  0,  0,  0,  0,  0,  0,  0, 12,  0,  0,  0,  0,  0,  0,  0,  0,  0,  0,  5, 11,  3, ],
[ 0,  0,  0,  0,  7,  0,  0,  0,  0,  0,  0,  0,  0,  0,  2,  0,  0,  0,  8,  0,  0,  0,  0,  0, ],
[ 0,  0,  0,  0,  0,  0, 12,  0,  0,  0,  0,  0,  0,  0,  0,  0,  5,  0,  0,  0,  0,  0,  0,  0, ],
[ 0,  0,  0,  0,  0,  0,  0,  0,  0,  0,  0,  2,  0,  0,  0,  0,  0,  0,  0,  0,  0,  0,  7,  0, ],
[ 0,  0,  0,  0,  0,  0,  0,  0,  0,  0, 12,  0,  0,  0,  0,  7,  0,  0,  0,  0,  0,  0,  0,  0, ],
[ 0,  0,  0,  0,  0,  0,  0,  0,  0,  0, 12,  0,  0,  0,  0,  0,  0,  0,  0,  0,  0,  0,  0,  0, ],
[10,  0,  0,  0,  0,  0,  0,  0,  0,  0,  0,  0,  8,  0,  0,  0,  0,  0,  0,  0,  1,  0,  0,  0, ],


[0.0399, 0.2517, ],
[0.0936, 0.0957, ],
[-0.0349, 0.6095, ],
[0.0063, -0.1990, ],
[0.8429, 0.8813, ],
[0.6033, 0.0525, ],
[-0.5738, 0.3454, ],
[0.6312, 0.3880, ],
[0.6222, 0.6345, ],
[-0.4674, -0.9093, ],
[-0.6648, -0.0996, ],
[-0.1061, -0.4334, ],
[0.2892, -0.6843, ],
[0.3726, 0.5984, ],
[0.5333, 0.6881, ],
[-0.6444, -0.1263, ],
[0.8178, -0.7390, ],
[0.2413, 0.1533, ],
[0.6457, 0.4461, ],
[0.5562, -0.5791, ],
[1.0000, 0.7204, ],
[0.4203, -0.6633, ],
[0.6875, 0.0350, ],
[0.3131, -0.7187, ],
[0.9377, 0.1112, ],
[-0.6249, 0.1017, ],
[-0.4939, 0.5241, ],
[0.1843, -0.4322, ],
[0.4287, 0.2451, ],
[0.6359, -0.6506, ],
[-1.0000, 0.3951, ],
[0.3001, 0.5285, ],
[-1.0000, -0.0878, ],
[0.6641, 0.8709, ],
[0.9501, -0.2551, ],
[-0.6561, 0.2107, ],
[0.1589, -0.0215, ],
[0.0884, -0.0130, ],
[-0.2790, -0.3469, ],
[0.9415, 0.5481, ],
[0.8272, 0.3745, ],
[0.0428, 0.1080, ],
[1.0000, -0.1699, ],
[0.3531, -0.8277, ],
[0.6814, 0.0012, ],
[0.7533, 1.0000, ],
[-0.5499, -0.5476, ],
[-0.5134, 0.5344, ],
[-0.2684, -0.5338, ],
[0.8534, 0.8938, ],
[0.4263, -0.0591, ],
[0.6058, 0.1525, ],
[0.4474, -0.9378, ],
[0.1344, -0.2400, ],
[-0.1612, -0.6879, ],
[0.1209, -0.3786, ],
[-0.4948, -0.0377, ],
[-0.6668, 0.0229, ],
[-0.6714, 0.4906, ],
[-0.4261, -0.3484, ],
[0.8283, -0.0902, ],
[-0.5059, 0.0478, ],
[-0.0518, 0.6042, ],
[0.1111, 0.7009, ],
[0.2002, 0.9493, ],
[-0.3425, -0.9079, ],
[0.1147, 0.3921, ],
[0.2956, -0.6744, ],
[-0.7927, -0.0572, ],
[0.0592, 0.0127, ],
[-0.7104, 0.5082, ],
[-0.6213, 0.4420, ],
[0.7809, -0.3915, ],
[1.0000, 0.7900, ],
[0.4793, 0.5616, ],
[-0.6752, -0.1136, ],
[-0.6540, 0.6622, ],
[0.8974, 0.9882, ],
[0.0585, 0.3008, ],
[1.0000, 0.0334, ],
[0.5988, 0.5809, ],
[-0.0929, 0.6926, ],
[-0.1946, 0.8858, ],
[-0.5096, 0.7448, ],
[-0.1435, 0.0184, ],
[-0.3933, -0.2345, ],
[-0.1093, 0.5990, ],
[-0.3070, 0.3491, ],
[0.0957, -0.9833, ],
[0.2818, -0.8416, ],
[-0.2293, -0.1284, ],
[0.5656, -0.2924, ],
[-0.1894, 0.6613, ],
[-0.4933, -0.1995, ],
[-0.3331, -0.9472, ],
[-0.6191, -1.0000, ],
[-0.6117, 0.4174, ],
[0.4440, -0.7349, ],
[0.8717, 0.1989, ],
[0.3245, -0.7926, ],


[11.0000, ],
[10.0000, ],
[10.0000, ],
[2.0000, ],
[7.0000, ],
[8.0000, ],
[7.0000, ],
[7.0000, ],
[1.0000, ],
[7.0000, ],
[0.0000, ],
[15.0000, ],
[0.0000, ],
[7.0000, ],
[4.0000, ],
[3.0000, ],
[14.0000, ],
[4.0000, ],
[5.0000, ],
[7.0000, ],
[16.0000, ],
[0.0000, ],
[3.0000, ],
[0.0000, ],
[1.0000, ],
[2.0000, ],
[11.0000, ],
[3.0000, ],
[4.0000, ],
[0.0000, ],
[0.0000, ],
[0.0000, ],
[2.0000, ],
[2.0000, ],
[4.0000, ],
[0.0000, ],
[8.0000, ],
[4.0000, ],
[6.0000, ],
[7.0000, ],
[2.0000, ],
[8.0000, ],
[10.0000, ],
[9.0000, ],
[2.0000, ],
[12.0000, ],
[5.0000, ],
[0.0000, ],
[12.0000, ],
[11.0000, ],
[0.0000, ],
[2.0000, ],
[1.0000, ],
[10.0000, ],
[7.0000, ],
[7.0000, ],
[7.0000, ],
[8.0000, ],
[6.0000, ],
[4.0000, ],
[6.0000, ],
[9.0000, ],
[18.0000, ],
[2.0000, ],
[6.0000, ],
[4.0000, ],
[0.0000, ],
[14.0000, ],
[7.0000, ],
[7.0000, ],
[14.0000, ],
[12.0000, ],
[8.0000, ],
[6.0000, ],
[4.0000, ],
[8.0000, ],
[12.0000, ],
[2.0000, ],
[17.0000, ],
[10.0000, ],
[4.0000, ],
[7.0000, ],
[4.0000, ],
[7.0000, ],
[7.0000, ],
[8.0000, ],
[5.0000, ],
[14.0000, ],
[8.0000, ],
[6.0000, ],
[14.0000, ],
[7.0000, ],
[8.0000, ],
[12.0000, ],
[7.0000, ],
[6.0000, ],
[4.0000, ],
[7.0000, ],
[4.0000, ],
[8.0000, ],


