[ 0,  0, 14,  0,  0,  0,  0,  0,  0,  0,  0,  0,  0,  0,  0,  2,  0,  0,  0,  0,  0,  0,  0,  0, ],
[ 0,  0,  0,  0,  0,  0,  0,  0,  0,  0,  0,  0,  7,  4,  0,  0,  0,  1,  0,  0,  0,  0,  5,  0, ],
[ 0,  0,  0,  1,  0,  0,  0,  0,  9,  0,  0,  0,  0,  0,  0,  0,  0, 14,  0,  0,  0,  0,  0,  0, ],
[ 0,  0,  0,  0,  0,  0,  0,  0,  0,  0,  0, 11, 13,  8,  0,  6,  0,  0,  0,  0,  0,  0,  0,  0, ],
[ 0,  0,  0,  4,  0,  0,  0,  0,  0,  0,  0,  0,  0,  8,  0,  0,  0,  0,  0,  0,  0,  0,  0,  0, ],
[ 0,  0,  0,  0,  0,  0,  0,  0,  0,  0,  0,  0, 11,  0,  0,  0,  0,  0,  0,  3,  0,  0,  0,  0, ],
[ 4,  0,  0,  0,  0,  0,  0,  0,  0,  0,  0,  0,  0,  0,  0,  0,  0,  0,  0,  0,  0,  0,  0,  0, ],
[ 0,  0,  0,  0,  0,  0,  0,  0,  6,  0, 10,  0,  0,  0,  0,  0,  0,  0,  0,  0,  0,  0,  0,  0, ],
[ 0,  0,  0,  0,  0,  0,  0,  0,  0,  0,  0,  0,  0,  0,  0,  0,  0,  0,  0,  0,  0,  0,  0,  0, ],
[ 0,  0,  0,  0,  0, 12,  0,  0, 14,  0, 11,  0,  0,  0,  0, 10,  0,  0,  0,  0,  8,  0,  0,  4, ],
[ 0,  0,  0,  0,  0,  0,  0,  0,  0,  0,  0,  0,  0,  0,  0,  0,  0,  0,  2,  0,  0,  0,  0,  0, ],
[ 0,  0,  0,  0,  0,  0,  0,  0,  0,  0,  5,  0, 14, 14,  0,  0,  0,  0,  0,  8,  0,  0,  0,  0, ],
[ 0,  0,  0,  0,  0,  0,  0,  0,  1,  0,  2,  0,  0,  0,  0,  0,  0,  0,  0,  0,  0,  5,  0,  0, ],
[ 0,  0,  0,  0,  0,  3,  0,  0,  0,  0,  0,  9,  3,  0,  0,  0,  5,  0,  0,  0, 10,  0,  0,  0, ],
[ 8,  0,  0,  0,  0, 12,  0,  0,  0,  0,  0,  0,  0,  0,  0,  0,  0,  0,  0,  0,  0,  0,  0,  0, ],
[ 0,  0,  0, 10,  0,  0,  0,  0,  0,  0,  0,  0,  0,  0,  0,  0,  0,  0,  0,  0,  0,  0,  0,  7, ],
[ 0,  0,  0,  0,  0,  0,  0,  0,  0,  0,  0,  0,  0,  0,  0,  0,  0,  0,  0,  0,  0,  0,  0,  0, ],
[ 0,  0,  0,  0,  0,  0,  0,  0,  0,  0,  0,  0,  0,  0,  0,  1,  0,  0,  0,  0,  0, 10,  0,  0, ],
[ 0,  0,  0, 11,  0,  0,  0,  0,  0,  0, 13,  0,  0,  0,  0,  0,  0,  0,  0,  0,  1, 11,  0,  0, ],
[ 9,  0,  0,  0,  9,  0,  0,  0,  0,  0,  0,  0,  0,  0,  0,  0, 11,  0,  0,  0,  0,  0,  0,  0, ],
[ 0,  0,  0,  0, 11,  0,  4, 10,  0,  0,  0,  0,  0,  0,  0,  0,  2,  0,  0,  0,  0,  0,  0,  0, ],
[ 0,  0,  0,  0,  0,  0,  0,  0,  0,  0,  0,  0,  0,  2,  0, 11,  0,  0,  0,  0,  0,  0,  9,  0, ],
[ 0,  0,  0,  0, 12, 11,  0,  0,  0,  0,  0,  0, 12,  0,  0,  4,  0,  0,  0,  0,  0,  0,  0,  0, ],
[ 0,  0,  0,  0,  0,  9,  0,  0,  0,  0,  0,  0,  0,  0,  0,  0,  0,  0,  0,  0,  0,  0,  0,  4, ],
[ 0,  0,  0,  5,  0,  0,  9,  0,  0,  0,  0,  0,  0,  0,  0,  0,  0,  0,  0,  0,  9,  0,  0,  0, ],
[10,  0,  0,  0, 13,  0,  2,  0,  0,  0,  2,  0, 14,  0,  3,  0,  0,  0,  0,  0,  0,  0,  0,  0, ],
[ 0,  0,  0,  0,  0,  0, 14,  0,  0,  0,  0,  0,  0,  0,  0,  4,  0,  0,  0,  0,  0,  0,  0,  8, ],
[12,  0,  0,  0,  0,  0,  0,  0,  0,  0,  0,  0,  0,  0,  0,  0,  0,  0,  0,  0,  0, 11, 14,  0, ],
[ 0,  0,  0,  0,  0,  0,  0,  0,  0,  0,  0,  0,  0,  0,  4,  0,  0,  0,  0,  0,  0,  0,  0,  0, ],
[ 0,  0,  0,  0,  0,  0,  0,  7,  0,  0,  0,  0,  0,  0,  0,  0,  0,  0,  0,  0,  0,  0,  0,  0, ],
[ 0,  0,  0,  0,  0,  0, 10,  0,  0,  0,  0,  0,  0,  0,  0,  0,  0,  0,  0,  0,  0,  0,  0, 14, ],
[ 0,  0,  0,  0,  9,  0,  0,  0,  0,  0, 12,  0,  0,  0,  0,  0,  0,  0,  0,  0,  0,  0,  0,  0, ],
[ 0,  0,  0,  0,  0,  0,  3,  0,  0,  0,  0,  0,  0,  0,  7,  6,  0,  0,  0,  0,  0,  0,  0,  0, ],
[ 0,  0,  0,  0,  0,  0, 13,  0,  0,  0,  5,  0,  0,  0,  0,  0,  0,  0,  0,  0,  0,  0,  0,  0, ],
[ 0,  0,  0,  0,  0,  0,  0,  0, 13,  0,  0,  0,  0,  0,  0,  0,  0,  0,  0,  0,  0,  0,  0,  0, ],
[ 0,  0,  0,  0,  0,  0,  0,  0,  0,  6,  0,  0,  0,  0,  0,  0,  0,  0,  0,  0,  0,  1,  0,  0, ],
[ 1,  0,  0,  0,  0,  0,  0,  0,  0,  0,  0,  0,  0,  0,  0,  0,  0,  0,  0,  0,  0,  0, 12,  0, ],
[ 0, 12,  4,  0,  0,  0,  0,  0,  0,  0,  0,  0,  0,  5,  0,  0,  0,  0,  8,  0,  0,  0,  0,  0, ],
[ 0,  0,  0,  0,  0,  0,  0,  0,  0,  0,  0,  0,  0,  0,  0,  0,  0,  0,  7,  0,  0,  0,  0,  0, ],
[ 6,  0,  0,  0,  0,  0,  0,  0, 14,  0,  0,  0,  0,  0,  0,  0,  0,  0,  0,  0,  0,  0, 10,  0, ],
[ 0, 12,  0,  0,  0,  0,  0,  0,  0,  0,  0,  0,  0,  0,  0,  0,  0,  2,  0,  0,  2,  0,  0, 10, ],
[ 0,  0,  0, 14,  3,  3,  0,  0,  0,  0,  0,  0,  0,  0,  0,  0,  0,  0,  2,  0,  0,  0,  0,  0, ],
[ 0,  0,  0,  0, 11,  0,  0,  0,  0,  0,  0,  0,  0,  0,  0,  1,  0,  1,  9,  0,  0,  0,  0,  0, ],
[ 0,  0,  0,  0,  0,  0,  0,  3,  5,  0,  0,  0,  0,  0,  0,  9,  0,  0,  0,  0,  0,  0,  0,  0, ],
[ 0,  7,  0,  0,  0,  0,  0,  0,  0,  0,  0,  0,  0,  0,  0,  0,  0,  0,  0,  0,  0,  0,  0,  0, ],
[ 0,  0,  0,  0,  0,  4,  0,  0,  0,  0,  0,  0,  0,  0,  0,  0,  0,  0,  0,  0,  0,  0,  0,  0, ],
[ 0, 13,  0,  0,  0,  0,  0,  0,  0,  0,  0,  0,  0,  0,  0,  0,  0,  0,  0,  0,  0,  0,  0,  0, ],
[ 0,  0,  0,  0,  0,  0,  0,  0,  0,  0,  0,  0,  0,  0,  0,  0,  0, 12,  0,  0,  0,  0,  0,  0, ],
[ 0,  0,  0, 13,  0,  0,  0,  0,  0,  0,  0,  0,  0,  0,  0,  0,  0,  0,  0,  0,  0,  0,  0,  0, ],
[ 0,  0,  7,  9,  0,  0,  8,  0,  0,  0,  0,  0,  0,  0,  0,  0,  0,  0,  0,  6,  6,  0,  0,  0, ],
[ 0,  0,  8,  0,  0,  0,  0,  0,  0,  0,  0,  0,  0,  0,  0,  0,  7,  0,  0,  0,  0,  0,  0,  2, ],
[ 0,  0,  0,  0,  0,  0,  0,  0,  0,  0,  0,  0,  0,  0,  0,  0,  0,  2, 13,  0,  0,  7,  0,  0, ],
[ 0, 12,  0,  0,  0,  0,  0,  0,  0,  0,  0,  0,  0,  0,  0,  0,  5,  0,  0,  0,  0,  0,  0,  0, ],
[ 0,  0,  0,  0,  0,  0,  0,  0,  0,  5,  0,  0,  0,  0,  0,  0,  0,  0,  0,  0,  4,  0,  0,  0, ],
[ 5,  0,  0,  0,  0,  0,  0,  0,  0,  0,  0,  0,  0,  0,  0,  0,  0,  0,  0,  0,  0,  0,  0,  0, ],
[ 5,  0,  0,  0,  0,  0,  0,  0,  0,  0,  0,  0,  0,  0,  0,  0, 10,  0,  0,  0,  0,  0,  1,  4, ],
[ 0,  0,  0,  0,  0,  0,  0,  0,  0,  0,  0,  0,  0,  0,  0, 11,  0,  0,  0,  0,  0,  0,  0,  0, ],
[ 0,  0,  0,  0,  0,  0,  0,  0,  0,  0,  0,  0,  0,  0,  9,  0, 12,  0,  0,  0,  0,  0,  0,  0, ],
[ 0,  0,  5,  0,  0, 10,  0,  0,  0,  0,  0,  0,  0,  0,  0,  0,  0,  0,  0,  0, 11,  0,  0,  0, ],
[ 0,  0,  0,  0,  0,  0,  0,  0,  0,  0,  0,  0,  0,  0,  0,  0,  0,  0,  0,  0,  0,  0,  0,  0, ],
[ 0,  0,  0,  0,  0,  0,  0,  0, 13,  0,  0,  0,  0,  0,  0,  0,  0,  0,  0, 13,  0,  0,  0,  0, ],
[ 0,  0,  0,  0,  0,  0,  0,  0,  0,  0,  0,  0,  0, 13,  7, 13,  0,  0,  0,  0,  0,  0,  0,  0, ],
[ 0,  0,  0,  0,  0, 13,  0,  0,  0,  0,  0,  0,  0,  0,  0,  0,  0,  0,  0,  0, 14,  0,  0,  0, ],
[ 0,  0,  0,  0,  0,  0,  0,  0,  5,  0,  0,  0,  0,  0,  0,  0,  0,  0,  0,  0,  0,  0,  0,  0, ],
[ 0,  0,  0,  7,  0, 11,  0,  0,  0,  0,  0,  0,  0,  0,  0,  0,  0,  0,  0,  0,  0,  6,  0,  0, ],
[ 0,  0,  0,  0, 12,  0,  0,  0,  0,  0,  0,  0,  0,  0,  0,  0,  0,  0,  0,  0,  0,  0,  0,  0, ],
[ 0,  0,  0,  0,  0,  0,  0,  0,  0,  0,  0,  0,  0,  0,  0,  0,  0,  0,  0,  0,  0,  0,  0,  0, ],
[ 2,  0,  0,  0,  0,  0,  0,  0,  0,  0,  0,  0,  0,  0,  0,  0,  0,  0,  0,  0,  5,  0,  0,  0, ],
[ 0,  0,  0,  0,  0,  0,  0,  0,  0,  0,  0,  0,  0,  0,  0,  0,  0,  0,  0,  0, 10,  0,  0,  0, ],
[ 0,  0,  0,  0,  0,  0,  0,  0,  0,  0,  0,  0,  0,  0,  0,  0,  0,  0,  0,  0,  0,  0,  0,  0, ],
[ 0,  0,  0,  2,  0,  0,  0,  0,  8,  0,  0,  0,  0,  0,  0, 11,  0,  0,  0,  0,  0,  0,  0,  0, ],
[14,  0,  0,  0,  0,  0,  0,  0,  2, 10,  0,  0,  0,  0,  0,  8,  0,  0,  0,  0, 14,  0,  0,  0, ],
[ 0,  0,  0,  0,  0,  0,  0,  0,  0,  5,  0,  0,  0,  0,  0,  0,  0,  0,  0,  0,  0,  0,  0,  0, ],
[ 0,  0,  0,  0,  0,  0,  0,  0,  0,  0,  0, 12,  0,  0,  0,  0,  0,  0,  3,  0,  0,  0,  8,  0, ],
[14,  0,  0,  0,  0,  0,  0,  0,  0,  0,  0,  0,  0,  0,  0,  0,  0, 14,  0,  0,  0,  0,  0,  0, ],
[ 0,  0,  0,  3,  0,  6,  7,  4,  0,  0,  0,  0,  0,  0,  0,  0,  0,  0,  0,  0,  0,  0,  0,  0, ],
[ 0,  2,  0,  0,  0,  0,  0,  0,  0,  0,  0,  0,  0,  0,  0,  0,  0,  0,  0,  0,  8,  0,  0,  0, ],
[ 0,  0, 14,  0,  0,  0,  0,  0,  0,  0,  0,  0,  0,  5,  0,  0,  0,  0,  0,  0,  0,  0,  0,  0, ],
[ 0,  0,  0,  0,  0,  0,  0,  0,  0,  0,  0,  0,  8,  0,  0,  0,  0,  0,  0,  0,  0,  0,  0,  0, ],
[ 0,  0,  0,  0,  5,  0,  4,  0,  0, 11,  0,  0,  9,  0,  0,  0,  0,  0,  0,  0,  0, 12,  0,  5, ],
[ 0,  0,  0,  0,  0,  0,  0,  0,  0,  0,  0,  0,  0,  0,  0,  0,  0,  0,  0,  0,  0,  0,  0,  0, ],
[ 0,  0,  0,  0,  0,  0,  0,  0,  9,  0,  0,  0,  0,  0,  0,  0,  0,  0,  0,  0,  0,  0,  0,  0, ],
[ 0,  0,  0,  0,  0,  0,  0,  0,  0,  0,  0,  0,  0,  0,  0, 12,  0,  9,  0,  0,  6,  0,  0,  0, ],
[ 0,  0,  0,  0,  0,  0, 13,  0,  0,  0,  0,  0,  0,  0,  0,  0,  0,  0,  0,  0,  0,  8,  0,  0, ],
[ 0,  0,  0,  0,  0,  0,  0,  0,  6,  0,  0,  0,  0,  0,  0,  0,  0,  0,  0,  0,  0,  0,  0,  0, ],
[ 0, 11,  0,  0,  0,  0,  0,  0,  0,  0,  0,  0,  0,  0,  0, 14,  0,  0,  0,  0,  0,  0,  7,  0, ],
[ 0,  0,  0,  0,  0,  0,  0,  0,  0, 12,  0,  0,  0,  3,  0,  0,  0,  0,  0,  0,  0,  0,  0,  0, ],
[ 0,  0,  0,  0, 14,  0,  0,  0,  0,  0,  0,  0,  0, 12,  2,  0,  0, 10,  0,  0,  0,  0,  0,  0, ],
[ 0,  0,  0,  0,  0,  0,  0,  0,  0,  0, 14,  0,  0,  0,  0,  0,  0,  0,  0,  0,  0,  0,  0,  0, ],
[ 0,  0, 11,  0,  0,  0,  0, 13,  0,  0,  0,  0,  0,  0,  0, 12,  0,  1,  0,  0,  0,  0,  0,  0, ],
[ 0,  0,  0,  0,  0,  0,  9,  0,  0,  0,  0,  0,  0,  0,  0,  0,  0,  0,  0,  0,  0,  0,  0,  0, ],
[ 0,  0,  0,  0,  0,  0,  0,  0,  0,  0,  0,  0,  0,  0,  0, 14,  0,  0,  0, 11,  0,  0, 14,  0, ],
[ 0,  0,  0,  0,  0, 14,  0,  0,  0,  0,  0,  0,  0,  5,  0, 13,  0,  0,  0,  0,  0,  0,  0,  0, ],
[ 0,  0,  0,  0,  0,  0,  0,  0,  0,  0,  6,  0,  0,  0,  0,  0,  0,  0,  0,  0,  0,  0,  0,  0, ],
[ 0,  0,  0,  0,  0,  0,  0,  0,  0,  0,  0,  0,  0,  0,  0,  0,  0,  0,  0,  0,  0,  0,  0,  0, ],
[ 0,  0,  0,  0,  0,  0,  0,  0,  0,  0,  0,  0,  0,  0,  0,  0,  0,  7,  6, 13,  0,  0,  0,  0, ],
[ 5,  0,  0,  0,  0,  0,  0,  7,  0,  0,  0,  0,  0,  0,  0,  0,  0,  0,  0,  0,  0,  0,  0,  0, ],
[ 0,  0,  0,  0,  0,  0,  0,  0,  0,  0,  0,  0,  0,  0,  0,  0,  0,  0,  0,  0,  0,  0,  0,  0, ],
[ 0,  0, 12,  0,  0,  6,  0,  0,  0,  7,  0,  0,  0,  0,  0,  0,  0,  0,  0,  0,  0,  0,  0,  0, ],
[ 0,  0,  0,  0,  0,  0,  0,  0,  0,  0,  0,  0,  0,  0,  0,  0,  0,  0,  0,  0,  0,  0,  0,  0, ],


[0.8373, -0.8086, ],
[-0.6260, -0.2035, ],
[0.0485, 0.5175, ],
[-0.0392, 0.0682, ],
[-0.3733, 0.9738, ],
[0.0584, -0.0031, ],
[0.9484, 0.8451, ],
[0.1127, 0.1497, ],
[-0.3752, 0.6730, ],
[-0.3117, 0.2671, ],
[-0.9564, 0.1908, ],
[0.8738, 0.0805, ],
[0.2892, -0.8181, ],
[0.1221, 0.6827, ],
[0.5333, 0.4278, ],
[0.1052, -0.2544, ],
[0.6850, -0.5363, ],
[-0.0164, -0.1279, ],
[-0.6000, 0.6511, ],
[-0.8054, -0.9528, ],
[0.4171, 0.5017, ],
[0.2869, 0.9772, ],
[0.2522, 0.0350, ],
[0.6927, -0.4647, ],
[0.4754, -0.6377, ],
[-0.3838, 0.1017, ],
[-1.0000, 0.6540, ],
[-0.2127, -0.1891, ],
[0.4349, 0.1271, ],
[0.6359, 0.4591, ],
[-0.6356, -0.2000, ],
[0.0405, 0.0916, ],
[0.3367, -0.0180, ],
[0.7099, 0.4545, ],
[-0.1910, -0.4070, ],
[0.2167, 0.2107, ],
[-0.7749, -0.2658, ],
[0.3436, -0.1854, ],
[-0.2962, -0.4742, ],
[1.0000, -0.7491, ],
[0.4831, 0.3745, ],
[-0.0285, 0.1403, ],
[1.0000, 0.4393, ],
[0.4204, -0.8277, ],
[0.6351, -0.5946, ],
[0.8861, -0.2189, ],
[-0.2975, 0.5302, ],
[-0.6168, 0.5100, ],
[-0.3923, -0.8256, ],
[-0.9046, -0.8414, ],
[0.6341, 1.0000, ],
[-0.0048, -0.3225, ],
[-0.1969, 0.8416, ],
[-0.0385, -0.2914, ],
[0.4909, 0.3370, ],
[0.6960, 0.1160, ],
[-0.8588, -0.0377, ],
[0.3906, 0.3412, ],
[-0.8320, -0.9147, ],
[-0.0267, 0.9333, ],
[0.6114, 0.1864, ],
[0.2246, 0.6481, ],
[0.8627, 0.6042, ],
[0.5664, -0.5499, ],
[0.5625, 0.0623, ],
[0.8188, -0.9028, ],
[0.2930, 0.7573, ],
[0.3374, -0.6744, ],
[0.0177, -0.0259, ],
[0.7917, -0.2653, ],
[0.8359, 0.5414, ],
[-0.6213, 0.6685, ],
[-0.9060, -0.4397, ],
[-0.2505, 0.5386, ],
[0.9069, -0.6272, ],
[-1.0000, -0.9398, ],
[0.1438, 0.3702, ],
[0.1846, 0.2519, ],
[0.9401, -0.9594, ],
[-0.5508, 0.2675, ],
[0.4065, 0.4433, ],
[-0.3121, 0.0074, ],
[-0.9704, -0.1551, ],
[0.1724, 0.7448, ],
[-0.1752, -0.2639, ],
[-0.2645, -0.8511, ],
[-0.3335, 0.5990, ],
[0.8345, 0.5819, ],
[-0.2184, -0.7152, ],
[-0.4060, -0.3408, ],
[-0.2293, 0.5603, ],
[-0.0630, -0.7829, ],
[-0.0679, -0.2645, ],
[0.3581, 0.1145, ],
[-0.6844, -0.8985, ],
[-0.1230, 0.1073, ],
[-0.6337, 0.1198, ],
[0.8722, 0.7267, ],
[0.8688, -0.7046, ],
[0.4914, 0.0935, ],


[5.0000, ],
[8.0000, ],
[8.0000, ],
[14.0000, ],
[5.0000, ],
[6.0000, ],
[2.0000, ],
[7.0000, ],
[0.0000, ],
[21.0000, ],
[1.0000, ],
[13.0000, ],
[4.0000, ],
[13.0000, ],
[7.0000, ],
[7.0000, ],
[0.0000, ],
[5.0000, ],
[13.0000, ],
[10.0000, ],
[11.0000, ],
[8.0000, ],
[14.0000, ],
[5.0000, ],
[8.0000, ],
[16.0000, ],
[9.0000, ],
[12.0000, ],
[2.0000, ],
[3.0000, ],
[8.0000, ],
[7.0000, ],
[8.0000, ],
[6.0000, ],
[4.0000, ],
[4.0000, ],
[5.0000, ],
[11.0000, ],
[3.0000, ],
[11.0000, ],
[10.0000, ],
[9.0000, ],
[9.0000, ],
[7.0000, ],
[3.0000, ],
[2.0000, ],
[4.0000, ],
[4.0000, ],
[4.0000, ],
[15.0000, ],
[7.0000, ],
[8.0000, ],
[6.0000, ],
[4.0000, ],
[2.0000, ],
[9.0000, ],
[4.0000, ],
[7.0000, ],
[10.0000, ],
[0.0000, ],
[8.0000, ],
[11.0000, ],
[8.0000, ],
[2.0000, ],
[10.0000, ],
[4.0000, ],
[0.0000, ],
[3.0000, ],
[4.0000, ],
[0.0000, ],
[8.0000, ],
[16.0000, ],
[2.0000, ],
[9.0000, ],
[8.0000, ],
[10.0000, ],
[4.0000, ],
[6.0000, ],
[3.0000, ],
[17.0000, ],
[0.0000, ],
[3.0000, ],
[10.0000, ],
[7.0000, ],
[3.0000, ],
[11.0000, ],
[6.0000, ],
[13.0000, ],
[4.0000, ],
[13.0000, ],
[3.0000, ],
[12.0000, ],
[10.0000, ],
[3.0000, ],
[0.0000, ],
[10.0000, ],
[5.0000, ],
[0.0000, ],
[10.0000, ],
[0.0000, ],


