[ 0, 12,  0,  0,  0, 10,  0, 12,  0,  0,  0,  0,  0,  0,  9,  0,  0,  0,  0,  0, 11,  0,  0,  0, ],
[ 0,  9,  0,  0,  0,  0,  0,  0,  0,  0,  0,  0,  0,  0,  0,  0,  0,  0,  0,  0,  0,  0,  0,  0, ],
[ 0,  0,  0,  0,  0,  0,  0,  0,  0,  0,  0,  0,  0,  8,  0,  0,  0, 14,  0,  0,  9,  0,  0,  0, ],
[ 0,  0,  3,  8,  0,  0, 11,  0,  6,  0,  0,  0,  0,  0,  0,  0,  0,  0,  0,  0,  0,  0,  0,  0, ],
[ 4,  0,  0, 14,  0, 12,  0,  0,  0,  0,  0,  0,  0,  0,  0, 12,  0,  0,  0,  0,  0,  0,  0, 11, ],
[ 0,  0,  0,  0,  0,  0,  0,  0,  0,  0,  0,  0,  0,  0,  0,  0,  0,  0,  0,  0,  1,  9,  0,  0, ],
[ 0,  0,  0,  0,  0,  0,  0,  1,  0,  0,  0,  1,  7,  0,  0,  0,  0, 12,  0,  0,  0,  0,  0,  0, ],
[ 0,  0,  0,  0,  0,  0,  0,  0,  0,  0, 10,  0,  0,  0,  0,  0,  0,  0,  0,  0,  0,  0,  0,  0, ],
[ 0,  0,  0,  0,  0,  0,  0,  0,  0,  0,  0,  0,  0,  0,  0,  0,  0,  0,  0,  0,  0,  9,  0,  0, ],
[ 0,  0,  0,  0,  0,  0,  0,  0,  0,  0,  0,  0,  0,  0,  0,  0,  0,  4,  0,  0,  0,  0,  0,  0, ],
[ 0,  0,  0,  0,  0,  0,  0,  0,  0,  0,  0,  0,  0,  0,  0,  0,  0,  0,  0,  0,  0,  0,  0,  0, ],
[ 0,  0,  0,  0,  0, 12,  0,  0,  0,  0,  0,  0,  0,  0,  1,  0,  0,  0,  2,  0,  0,  0,  0,  0, ],
[ 0,  0,  0,  0,  0,  0,  0,  0,  0,  0,  0,  0,  0,  8,  0,  0,  0,  0,  0,  0,  0,  0,  0,  2, ],
[ 0,  0,  0,  0,  0,  0,  0,  0,  0,  0,  0,  0,  0,  0,  0,  0,  0,  0,  0,  0,  0,  0,  0,  5, ],
[ 0,  0,  0,  0,  0,  0,  0,  0, 10,  0,  0, 10,  0,  0,  0,  0,  0,  0, 12,  0,  0,  1,  0,  0, ],
[ 0,  0,  0,  0,  0,  0,  0,  0,  0,  0,  0,  0,  0,  0,  0,  0,  0,  0,  0,  0,  5,  3,  0,  8, ],
[ 0,  0,  0,  0,  0,  9,  8,  0,  0,  0,  0,  0,  7,  0,  1,  0,  0,  0, 13,  0,  0,  0,  0,  0, ],
[ 0,  0,  0,  0,  0,  0,  0,  0,  0,  0,  0,  0,  0,  0,  0,  0,  0,  0,  0,  0,  0,  0,  0,  0, ],
[ 0,  0,  0,  0,  0,  0,  0,  0,  0,  6,  0,  0,  0,  0,  0,  0,  0,  0,  0,  0,  0,  0,  9,  0, ],
[ 0,  0,  0,  0,  0,  0,  0,  0,  0,  0,  0,  0,  0,  0,  0,  0,  0,  0,  0,  0,  0,  0,  0,  0, ],
[ 0,  0,  0,  0,  0,  0,  0,  0, 10,  0,  0,  0,  0,  0,  0,  0,  0,  0,  0,  0,  0,  0,  0,  0, ],
[ 0,  0,  0,  2,  0,  0,  0,  0,  0,  0,  8,  0,  0,  0,  0,  0,  0,  0,  0,  0,  0,  0,  0,  0, ],
[ 0,  0,  0, 11,  0,  4,  0,  0,  0,  0,  0,  0,  0,  0,  9,  0,  0,  0,  0,  0,  0,  0,  0,  0, ],
[ 0,  0, 14,  0,  0,  0,  0, 12,  0,  0,  0,  0,  0,  7,  0,  0,  0,  0,  0,  0,  0,  0, 13,  0, ],
[ 0,  0,  0,  0,  0,  0,  0,  0,  0,  0,  0,  0,  0,  0,  0,  0,  0,  0,  0,  0,  0,  0,  8,  0, ],
[ 0,  0,  0,  0,  2,  0,  0,  0,  0,  0,  0,  0, 13,  0,  1,  0,  0,  0,  0,  0,  0,  0,  0,  0, ],
[ 0,  0,  0,  0,  0,  0,  0,  0,  6,  0,  0,  0,  0,  0,  0,  0,  0,  0,  0,  0,  0,  0,  0,  8, ],
[ 0,  0,  0,  0,  0,  0,  0,  0,  0,  0,  0,  0,  0,  0,  0,  0,  0,  0,  0,  0,  0,  0,  0,  0, ],
[ 0,  0,  0,  0,  0,  0,  0,  0, 13,  0,  0,  1,  0, 10,  0,  0,  0,  0,  0,  0,  0,  0,  0,  0, ],
[ 0,  0, 11,  0,  0,  0,  0,  0,  0,  0,  0,  0,  0,  0,  0,  0,  0,  0,  0,  0, 11,  0,  0,  0, ],
[ 0,  0,  0,  0,  0,  0,  0,  0,  0,  0,  0,  0,  0,  0,  0,  0,  0,  0,  0,  0,  0,  0,  0,  0, ],
[ 0,  0,  2,  0,  0,  0,  0,  0,  0,  0,  0,  0,  0,  0,  0,  0,  0,  0,  0,  0,  0,  0,  0,  0, ],
[ 0,  0,  0,  0,  0,  0,  0,  0,  0,  0,  0,  0,  0,  0, 10,  0,  0,  0,  0,  0,  0,  0,  0,  0, ],
[ 0,  0,  0,  0,  0,  0, 13,  0,  0,  0,  0,  0,  0,  0,  0,  1,  0,  0,  0,  0,  0,  0,  0,  0, ],
[ 0,  0,  0,  0,  0,  0,  0,  7,  0,  0,  0,  2,  0,  0,  0,  0,  0, 10,  0,  0,  0,  0,  0,  0, ],
[ 0,  0,  0,  0,  0,  0,  0,  0,  0,  0,  0,  0,  0,  0,  8,  0,  0,  0,  0,  0,  0,  0,  0,  0, ],
[ 0,  0,  0, 13,  0,  0,  0,  0,  0,  0,  0,  0,  0,  0,  0,  2,  0,  0,  0,  0,  0,  0,  0,  0, ],
[ 7,  0,  0,  0,  0,  0,  0,  0,  0,  0,  0, 10,  0,  0,  0,  0,  0,  0,  0, 14,  2,  0,  0,  0, ],
[ 8,  0,  0,  0,  0,  0,  4,  0,  0,  0,  0,  8,  0,  0,  2,  0,  0,  0,  7,  0,  0,  0,  0,  0, ],
[ 0,  0,  0,  0,  0,  0,  7,  0, 14,  0,  0,  0,  0,  0,  0,  0,  0,  0,  0,  0,  0,  0,  0,  0, ],
[ 0,  0,  0,  0,  0,  0,  0,  0, 13,  0,  0,  0,  0,  0,  0,  0,  1,  0,  0,  0,  0,  0,  0,  0, ],
[ 0,  0,  0,  0,  0,  0,  0,  0,  0, 10,  0, 10,  0,  0,  0,  0,  0,  0,  0,  0,  0,  0,  0,  0, ],
[ 0,  0,  0,  0,  0,  0,  0,  0,  0,  0,  0,  0,  0,  0,  0,  0,  0,  0,  0,  0,  0,  0,  0,  0, ],
[ 0,  0,  0,  0,  0,  0,  2,  0,  0,  0,  0,  0,  0, 10,  0,  0,  0,  0,  0,  0,  0, 11,  0,  0, ],
[ 9,  0,  0,  0,  0,  0,  0,  0,  0,  0,  0,  0,  0,  0,  0,  0,  0,  0,  7,  0,  0,  0,  0,  0, ],
[ 0, 11,  0,  0,  0,  4,  0,  0,  0,  0,  0,  4,  0,  3,  0,  0,  4, 10,  0,  0,  0,  0,  0, 12, ],
[ 0,  0,  4,  0,  0,  0,  0,  0,  0,  0,  0,  0,  0,  0,  0,  0,  0,  0,  0,  0, 14,  0,  0,  0, ],
[ 0,  0,  0,  0,  0,  0,  0,  0,  0,  0,  0,  0,  0,  0,  0, 10,  0,  0,  0,  0,  0,  0,  0,  0, ],
[14,  0,  8,  0, 13,  0,  0,  0,  0,  0,  0,  0,  0,  0,  0,  0,  0,  0,  0,  9,  0,  0,  0,  0, ],
[ 0,  0,  0,  0,  0,  0,  0,  0,  0,  1,  0,  0,  0,  0,  0,  0,  0,  0,  0,  0,  0,  0,  5,  0, ],
[ 0,  0,  0,  0,  0,  0,  0,  0,  0,  0,  0,  0,  9,  0,  0,  0,  0,  0,  0,  0,  0,  0,  0,  0, ],
[ 0,  0,  0,  2,  0, 10,  0,  0,  0,  3,  0,  0,  0,  0,  0,  0,  0,  0,  0,  0,  0,  0,  0,  0, ],
[ 0,  0,  0,  0,  7,  0,  0,  0,  0,  0,  0,  0,  0,  6,  0,  0,  0,  0,  0,  0,  0, 12, 13,  0, ],
[ 0,  0,  0,  0,  0,  0,  0,  0,  0,  0,  0,  0,  7,  0,  0,  0,  0,  0,  0,  4,  0,  0, 14,  0, ],
[ 0,  0,  0,  0,  0,  0,  0,  0,  0,  0,  0,  0,  0,  0,  2,  0,  0,  0,  0,  0,  6,  0,  0,  0, ],
[ 0,  0,  0,  0,  0,  0,  0, 12,  0,  0,  0,  0,  0,  0,  0,  0,  0,  0,  0,  0,  0,  0, 11,  0, ],
[ 0,  0,  0,  0,  0,  0,  1,  0,  0,  0,  0,  0,  0,  0,  0,  0,  0,  0,  0,  0,  0,  0,  0,  1, ],
[ 0,  0,  0,  0,  0,  0,  0,  0,  0,  0,  0,  0,  0,  0,  0,  0,  0,  0,  0,  0,  0,  0,  0,  0, ],
[ 0,  0,  0,  0,  0,  0,  0,  0,  0,  0,  0,  0,  0,  0,  0,  0,  3,  0,  0,  0,  0,  0,  0,  0, ],
[ 0,  4,  0,  0,  0,  0,  0,  5,  0,  0,  0,  0,  0,  0,  0,  0,  0,  0, 14,  0,  0,  0,  0,  7, ],
[13,  0,  0,  0,  0,  0,  0,  0,  0,  0,  0,  0,  0,  0,  0,  0,  0,  0,  0,  0,  0,  0,  0,  0, ],
[ 0,  0,  0,  0,  1,  0,  0,  0,  0,  0,  0,  4,  0,  0,  0,  0,  0,  5,  0,  0,  0,  5,  0, 13, ],
[ 0,  0,  0,  0,  0,  0,  0,  0,  5,  0,  0,  0, 13,  0,  0,  0,  0,  0,  0,  0,  0,  0,  0,  0, ],
[ 0,  0,  0,  0,  0,  0,  0,  0,  0,  0,  4,  0,  0,  0,  0,  0,  0,  0,  5,  0,  0,  0,  0,  0, ],
[ 0,  9,  0,  0,  0,  0,  0,  0,  0,  0,  0,  0,  0,  0,  0,  0,  0,  0,  0,  0,  0,  0,  0,  0, ],
[ 0,  0,  0,  0,  8,  0,  0,  0,  0,  0,  7,  0,  0,  0,  0,  0,  0,  0,  0,  0,  0,  0,  0,  0, ],
[ 0,  0,  0,  0,  0,  0,  0,  0,  0,  0,  0,  0,  0,  0,  0,  0,  0,  0,  0,  0,  0,  0,  6,  0, ],
[ 0,  0,  0,  0,  0,  0,  0,  2,  2,  0,  0, 11,  0,  0,  0,  0,  0,  0,  0,  0,  0,  0,  0,  0, ],
[ 0,  0,  0,  0,  0,  0,  0,  0, 14,  0,  0,  0,  0,  1,  9,  0,  0,  0,  0,  0,  0,  0,  0,  0, ],
[ 0,  0,  5,  0,  0,  0,  0,  0,  0,  0,  0,  0,  0,  0,  0,  0,  0,  8,  0,  0,  0,  0,  0,  0, ],
[ 9,  0,  0,  0,  0,  0,  0,  0,  0,  0,  0,  0,  0,  0,  0,  0,  0,  9,  0,  0,  0,  0,  0,  0, ],
[ 0,  0,  0,  5,  0,  0,  0,  0,  0,  0,  2,  0,  0,  0,  0,  0,  0,  0, 13,  0,  0,  0,  0,  0, ],
[ 0,  0,  0,  0,  0,  0,  0,  0,  0,  0,  0,  0,  0,  0,  0,  0,  5,  0,  0,  0,  0,  0,  0,  0, ],
[ 0,  0,  0,  0,  0,  0,  0,  0,  0, 12,  0,  5,  0,  0,  0,  0,  0,  0,  0,  0,  0,  0,  0,  0, ],
[ 0,  7,  0,  0,  0,  0,  0,  0,  0,  6,  0,  0,  0,  0,  0,  0,  0,  0,  0,  0, 10, 14,  0,  0, ],
[ 0,  0,  0,  0,  0,  0,  0,  0,  0,  0,  7,  0,  0,  0,  0,  0,  0,  0,  0,  0,  0,  0,  5,  0, ],
[ 0,  0,  0,  0,  0,  0,  0,  0,  0,  0,  9,  0,  0,  0,  0,  0,  0,  0,  0,  0,  0,  0,  0,  0, ],
[ 0,  0,  0,  0,  0,  0,  0,  0,  0,  0,  0,  0,  0,  0,  0,  0,  0,  0,  0,  0,  0,  0,  0,  0, ],
[ 0, 12,  0,  0,  0,  0,  0,  3,  0,  0,  0,  0,  0,  0,  0,  0,  7,  0,  0,  0,  0,  0,  0,  0, ],
[ 0,  0,  5,  0,  0,  1,  0,  0,  0,  0,  0,  0,  0,  0,  0,  0,  3,  0,  0, 12,  0,  0,  0,  0, ],
[ 0,  0,  0,  0,  0,  0,  0,  0,  0,  0,  0,  0,  0,  0,  0,  0,  0,  0,  0,  0,  0,  0,  0,  0, ],
[ 0,  0,  4,  0,  0,  0,  0,  0,  0,  0,  0,  0,  0,  0,  0,  0,  0,  0,  0,  0,  0,  9,  0,  0, ],
[ 0,  0,  0,  0,  0,  0,  0,  0,  0,  0,  0,  0,  0,  0,  0,  0,  0,  0,  0,  0,  0,  0,  0,  0, ],
[10,  0,  0,  0,  0,  0,  0,  0,  0,  0,  0,  0,  0,  0,  0, 10,  0,  0,  0,  0,  4,  0, 11,  0, ],
[ 0,  0,  0,  6,  0,  0,  0,  0,  0,  0,  0,  0, 14,  0,  0,  0,  1,  0,  0,  0,  0,  0,  0,  0, ],
[ 0, 11,  0,  0,  0,  0,  0,  0,  0,  0,  7, 11,  0,  0,  0,  0,  0,  0,  0,  0,  0,  0,  0,  0, ],
[ 0,  0,  0,  0, 10,  0,  0,  0,  0,  0,  0,  0,  3,  0,  0,  3,  0, 12,  0,  0,  0,  0, 14,  3, ],
[ 0,  0,  0,  0,  0,  0,  0,  0,  0,  0,  0,  0,  0,  0,  2,  0,  0,  0,  0,  0,  0,  0,  0, 11, ],
[ 0,  0,  0,  0, 11,  0,  0,  0,  0,  0,  0,  0,  5,  0,  5,  0,  0,  0,  0,  0,  0,  0,  0,  0, ],
[ 3,  0,  0,  0,  0,  0,  0,  0,  0,  0,  0,  0,  0,  0,  0,  0,  0,  0,  0,  0,  0,  0,  0,  0, ],
[ 0,  0,  0,  0,  0,  0,  0,  0,  0,  9,  0,  0, 13,  0,  0,  0,  0,  0,  0,  0,  2,  0,  0,  0, ],
[ 0,  0, 13,  0,  0,  0,  0,  0,  0,  0,  0, 12,  0,  7,  4,  0,  0,  0,  0,  0,  0,  0,  0,  0, ],
[ 0,  0,  0,  0,  0,  7,  0,  0,  0,  0,  0,  0,  0,  0,  0,  0,  0,  0,  0,  0,  1, 13,  0,  0, ],
[ 0,  0,  0,  0,  0,  0,  0,  0,  0,  0,  0,  0,  0,  0,  0,  0,  0,  0,  1, 10,  0,  0,  0,  9, ],
[10,  0,  0,  0,  0,  0,  0,  0,  0,  0,  0,  0,  0,  0,  0,  0,  0,  0,  0,  0,  0,  0,  0,  0, ],
[ 0,  0,  5,  0,  0,  0, 12,  0,  0,  0,  3,  0,  0, 12,  4,  0,  5,  0,  0,  0,  0,  0,  0,  0, ],
[ 0,  0,  0,  0,  0,  0,  0,  0,  0,  0,  4,  0,  9,  0,  0,  0,  0,  0,  0,  0,  0,  0,  8,  0, ],
[ 0, 12,  0,  0,  0,  0,  0,  0,  0,  0,  0,  0,  0,  0,  0,  0,  0,  0,  0,  0,  0,  0,  0,  0, ],
[ 0,  0,  0,  0,  0,  0,  0,  0,  0,  0,  0,  2,  0,  0,  7,  0,  0,  0,  0, 13,  0,  0,  0,  0, ],
[ 0,  0,  0,  0,  0,  0,  0,  0,  0,  0,  0,  3,  0,  0,  0,  0,  0,  0,  0,  0,  0,  0,  0,  0, ],


[0.4107, -0.1094, ],
[-0.3105, -0.6018, ],
[-0.5090, -0.2422, ],
[1.0000, 0.2335, ],
[-0.4082, 0.8708, ],
[0.4911, 0.0154, ],
[-0.6841, 0.3885, ],
[0.0757, 0.1855, ],
[0.9667, -0.7385, ],
[-0.9129, 0.2671, ],
[-0.5818, 0.0984, ],
[-0.0330, -0.4763, ],
[0.4477, -0.0976, ],
[-1.0000, 0.2255, ],
[0.5112, 0.5391, ],
[-0.3374, -0.1375, ],
[-0.3153, -0.9050, ],
[-0.0988, -0.7338, ],
[0.5040, -0.0547, ],
[0.1968, -0.7335, ],
[0.7237, 0.6812, ],
[0.0917, -0.3415, ],
[0.7509, -0.0281, ],
[0.9925, -0.5350, ],
[0.8457, -0.6645, ],
[0.2180, 0.2175, ],
[-1.0000, -0.4217, ],
[0.1395, -0.3945, ],
[0.2979, 0.3431, ],
[-0.5072, -0.5533, ],
[-1.0000, 0.2823, ],
[0.0226, 0.4508, ],
[0.6718, -0.1235, ],
[0.4077, 0.6552, ],
[0.0670, 0.6937, ],
[0.0018, 0.2107, ],
[-0.7749, -0.3219, ],
[-0.4364, -0.4536, ],
[-0.2790, -0.3449, ],
[0.1429, -0.7491, ],
[0.4613, 0.3386, ],
[0.0007, 0.2151, ],
[0.3320, -0.3926, ],
[0.3784, -0.8478, ],
[0.7095, 0.0616, ],
[0.0560, -0.1462, ],
[0.3239, 0.0734, ],
[-0.5838, 0.4429, ],
[-0.7948, -0.6714, ],
[0.9917, 1.0000, ],
[0.4375, -0.1825, ],
[0.3873, -0.4617, ],
[-0.1969, -0.9568, ],
[0.0187, -1.0000, ],
[-0.3224, -0.6879, ],
[0.5846, -0.3786, ],
[0.7014, -0.0185, ],
[-0.6985, 0.3043, ],
[-0.7450, 0.3774, ],
[0.3263, -0.5290, ],
[0.7795, 0.2114, ],
[-0.1062, 0.2634, ],
[0.7374, 0.2213, ],
[0.2254, 0.2645, ],
[1.0000, 0.0141, ],
[0.4396, -0.9441, ],
[0.2677, 0.3804, ],
[0.3293, -0.7539, ],
[0.2486, 0.1012, ],
[0.6971, -0.0433, ],
[-0.5371, 0.4218, ],
[0.1495, 0.4292, ],
[-0.3880, 0.2776, ],
[-0.2426, -0.2468, ],
[-0.7082, 0.6899, ],
[-1.0000, -0.1136, ],
[0.9679, 0.4074, ],
[0.2767, -0.0321, ],
[0.4913, 0.0970, ],
[-0.4672, -0.2843, ],
[0.5969, -0.8745, ],
[-0.2984, -0.0837, ],
[-0.2205, -0.1985, ],
[-0.4282, 0.7777, ],
[0.5261, 0.0159, ],
[-0.2337, -0.2694, ],
[0.2765, 0.5990, ],
[1.0000, 0.6891, ],
[-0.1197, -0.6787, ],
[0.1714, -0.1786, ],
[-0.4310, -0.1418, ],
[-0.1667, 0.0290, ],
[-0.3104, 0.5829, ],
[-0.5694, -0.4704, ],
[-1.0000, 0.0542, ],
[0.2725, 0.2009, ],
[-0.7111, 0.0955, ],
[0.3539, 0.0145, ],
[0.6764, 0.4626, ],
[0.4009, -0.7926, ],


[19.0000, ],
[3.0000, ],
[10.0000, ],
[12.0000, ],
[18.0000, ],
[4.0000, ],
[9.0000, ],
[4.0000, ],
[3.0000, ],
[2.0000, ],
[0.0000, ],
[6.0000, ],
[4.0000, ],
[2.0000, ],
[13.0000, ],
[7.0000, ],
[14.0000, ],
[0.0000, ],
[6.0000, ],
[0.0000, ],
[4.0000, ],
[4.0000, ],
[9.0000, ],
[15.0000, ],
[3.0000, ],
[6.0000, ],
[6.0000, ],
[0.0000, ],
[9.0000, ],
[8.0000, ],
[0.0000, ],
[1.0000, ],
[4.0000, ],
[5.0000, ],
[8.0000, ],
[3.0000, ],
[5.0000, ],
[12.0000, ],
[12.0000, ],
[7.0000, ],
[5.0000, ],
[8.0000, ],
[0.0000, ],
[9.0000, ],
[6.0000, ],
[20.0000, ],
[6.0000, ],
[4.0000, ],
[14.0000, ],
[3.0000, ],
[3.0000, ],
[7.0000, ],
[14.0000, ],
[9.0000, ],
[4.0000, ],
[8.0000, ],
[2.0000, ],
[0.0000, ],
[2.0000, ],
[11.0000, ],
[4.0000, ],
[11.0000, ],
[6.0000, ],
[4.0000, ],
[3.0000, ],
[6.0000, ],
[3.0000, ],
[6.0000, ],
[8.0000, ],
[5.0000, ],
[6.0000, ],
[7.0000, ],
[2.0000, ],
[6.0000, ],
[14.0000, ],
[5.0000, ],
[3.0000, ],
[0.0000, ],
[9.0000, ],
[9.0000, ],
[0.0000, ],
[5.0000, ],
[0.0000, ],
[14.0000, ],
[8.0000, ],
[11.0000, ],
[18.0000, ],
[5.0000, ],
[8.0000, ],
[2.0000, ],
[8.0000, ],
[13.0000, ],
[8.0000, ],
[8.0000, ],
[4.0000, ],
[16.0000, ],
[8.0000, ],
[4.0000, ],
[8.0000, ],
[2.0000, ],


