[ 0,  0,  0,  0,  0,  0,  0,  0,  0,  0,  0,  0,  0,  0,  0,  0,  0,  0,  0,  0,  0,  0,  0, 13, ],
[ 0,  0,  3,  0,  4,  0,  0,  0,  0,  0,  0,  0,  0,  0,  0,  0,  0,  0,  0,  0,  0,  0,  0,  0, ],
[ 0,  0, 11,  0, 14,  0,  0,  0,  0,  0,  0,  2,  0,  0,  0,  0,  0,  0,  0,  0,  0,  2,  0,  0, ],
[ 0,  0,  0,  0,  0,  0,  0,  0,  0,  0,  0,  0,  0,  0,  0,  0,  0,  0,  0,  0,  0,  0,  0,  7, ],
[ 0,  0,  0,  0,  0, 14,  0,  0,  0,  0,  0,  0,  0,  0,  0, 10,  0,  0,  0,  0,  0,  0,  0,  0, ],
[ 0,  0,  0,  0,  0,  0,  0,  0,  0,  0,  0,  0,  0,  0,  0,  0,  0,  0,  0,  0,  1, 14,  0,  2, ],
[ 0,  0,  0,  0,  0,  0,  0,  0,  0,  0,  0,  0,  0,  0,  0,  0,  0,  0,  0,  0,  0,  0,  0,  0, ],
[ 0,  0,  0,  0,  0,  0,  0,  0,  0,  0, 10,  0,  0,  0,  0,  0,  0,  0,  0,  0,  0,  0,  0,  0, ],
[ 0,  0,  0,  0,  0, 11,  3,  0,  0,  0,  0,  0,  0,  0,  0,  0,  0,  0,  0,  0,  0,  0,  0,  0, ],
[ 0,  2,  0,  0,  7,  0,  0,  0,  0,  0,  0,  0,  0,  0,  0,  0,  0,  0,  0,  0,  0,  7,  0,  0, ],
[ 0,  0,  0,  0,  0,  0,  0,  0,  0,  0,  0,  7,  0,  0,  0,  0,  0,  0,  0,  5,  0,  6,  0,  0, ],
[ 0,  0,  0,  0,  0,  0,  0,  0,  0,  0,  0,  0,  0, 13,  0,  0,  5,  0,  0,  0,  0,  0,  0,  0, ],
[ 0,  0,  0,  0,  0,  0,  0,  0,  0,  0,  0,  0,  0,  0,  0,  0,  0,  0,  0,  0,  0,  0,  0,  0, ],
[ 3, 13,  0,  0,  0,  0,  0,  0,  0,  0,  0,  0,  0,  0,  0,  0, 12,  0,  0,  0,  0,  0,  0,  0, ],
[ 0,  0,  0,  0,  0,  0,  0,  0,  0,  0,  0,  0,  0,  0,  0,  5,  0,  0, 12,  0,  0,  0,  0,  0, ],
[ 0,  0,  0,  0,  0,  0,  0,  0,  0,  0,  0,  0,  0,  0,  5,  0,  0,  0,  0,  0,  0,  0,  0,  0, ],
[ 0,  0,  0,  7,  0,  0,  0,  0,  0,  3,  5,  0,  0,  0,  1,  0,  0,  0,  0,  0,  0,  0,  0,  0, ],
[ 0,  0,  0,  0,  0,  0,  0,  0,  0,  0,  0,  0,  0,  6,  0,  0,  8,  0,  0,  0,  0,  0,  0,  0, ],
[ 0,  0,  0,  0,  0,  0,  0,  0,  0,  0,  0,  0,  0,  8,  6,  0,  0,  0,  0,  0,  0,  0,  5,  0, ],
[ 0,  0,  0,  0,  0,  0,  0,  0,  0,  0,  0,  0,  9,  0,  0,  0,  0,  8,  0,  0,  0,  0,  0,  0, ],
[13,  0,  0,  0,  0,  0,  0,  0,  0,  0,  0,  0,  0,  8,  0, 14,  0,  0,  0,  0,  0,  0,  0,  0, ],
[ 0,  0, 13,  0,  0,  0,  0,  0,  0,  0,  0,  0,  0,  0,  0,  0,  0,  0,  0,  0,  0,  0,  0,  0, ],
[ 0,  0,  0,  0,  7,  0,  0,  8,  0,  0,  0,  0,  0,  0,  0,  3,  0,  0,  6,  0,  4,  8,  0,  0, ],
[ 3,  0,  0,  0,  0,  0,  0,  0,  0,  0,  0,  0,  0,  7,  0,  0,  0,  0,  0,  0,  0,  0,  8,  0, ],
[ 0,  0,  0,  0,  0,  0,  0,  9,  0,  0,  0,  0,  0,  0,  0,  0,  0,  0,  0,  0,  0,  0,  2,  0, ],
[ 0,  0,  0,  4,  0,  0,  0,  0,  0,  0,  0,  0,  0,  0,  0,  0,  9,  0,  0,  0,  0,  0,  0,  0, ],
[ 0,  0,  0,  0,  0,  0,  0,  0,  0,  8,  0,  0, 14,  0,  1,  0,  0,  0,  0,  0,  0,  0,  0,  0, ],
[ 0,  2,  0,  0,  9,  0,  0,  0,  0,  0,  0,  0,  0,  0,  0,  0,  0,  0,  0,  0,  0,  0,  0,  0, ],
[ 0,  0,  0,  0,  0,  0,  0,  0, 13,  0,  0,  0,  0,  0,  0,  0,  0,  0,  0,  0,  0,  0,  3,  0, ],
[ 0,  0,  0,  0,  0,  0,  0,  0,  0,  0,  0,  0,  7,  0,  0,  0,  0,  0,  0,  7,  0,  0,  0,  0, ],
[ 0,  0,  0,  0,  0,  0,  0,  0,  0,  0,  0,  0,  0,  0,  0,  0,  0,  0,  0,  0,  0,  0,  0,  0, ],
[ 0,  0,  0,  0,  0,  0,  0,  0,  7,  0,  0,  0,  0,  0,  0,  0,  0,  0,  0,  0,  0,  0,  0,  6, ],
[ 0,  6,  0,  0,  0,  0,  1,  0,  0,  0,  0,  0,  0,  0, 10,  0,  0,  0,  5,  0,  0,  0,  4,  0, ],
[ 0,  0,  0,  0,  0,  0,  0,  0,  0,  0,  0,  0,  0,  0,  0,  0,  0,  0,  0,  0,  0,  0,  0,  0, ],
[ 0,  0,  0,  0,  0,  0,  3,  0,  0,  0,  0,  2,  0,  0, 11,  0,  0, 10,  2,  8,  0, 11,  0,  0, ],
[ 0,  0,  0,  0,  0,  0,  0,  0,  0,  0,  0,  0, 14,  0,  2,  0,  9,  0,  0,  0,  0,  0,  0,  0, ],
[14,  0,  0, 13,  0,  0,  0,  0,  0,  0,  0,  0,  0,  0,  0,  0,  0,  0,  0,  0,  0, 11,  0,  0, ],
[ 0,  0,  0,  0,  0,  0,  0,  0,  0,  0,  0,  0,  0,  0,  0,  0,  0,  0, 11,  0,  0,  0,  0,  0, ],
[ 0,  0,  0,  0,  0,  0,  0,  0,  0,  0,  0,  0,  0,  0,  0,  0,  0,  0,  0,  0,  0,  0,  0,  0, ],
[ 0,  0,  0,  0,  0,  0,  0,  0,  0,  0,  0,  0,  0,  0,  0,  0,  0,  0,  0,  0,  0,  0,  0,  6, ],
[ 0,  0,  0,  0,  0,  0,  0,  0,  0,  0,  0,  0,  0,  0,  0,  0,  0,  0,  0,  0,  0,  0,  0,  0, ],
[ 0,  0,  0,  0,  0,  0,  0,  0,  0, 10,  0, 10,  0,  0,  0,  0,  0,  0,  0,  0,  0,  0,  0,  0, ],
[ 0,  0,  0,  0,  0,  0,  0,  0,  0,  0,  0,  0,  0,  0,  0,  0,  0,  0,  0,  0,  0,  0,  0,  0, ],
[ 0,  0,  3, 12,  0,  0,  0,  0,  0, 12,  0,  0,  0,  0,  0,  0,  0,  0,  0,  0, 13, 11,  0,  0, ],
[ 0, 14,  0,  0,  0,  0,  0,  0,  0,  0,  0,  0,  0,  0,  0,  0,  0,  0,  0,  0,  0,  0,  0,  0, ],
[ 0,  0,  1,  0, 13,  0,  0,  0,  0,  0,  0,  0,  0,  0,  0,  0,  4,  0,  0,  0,  0,  0,  5,  0, ],
[ 0,  0,  0,  0,  0,  0,  2,  0,  0,  0,  0,  0,  0,  0,  0,  0,  0,  0,  0,  0,  0,  3,  0,  0, ],
[ 0,  0,  0,  0,  0,  0,  0,  0,  0,  0,  0,  0,  0,  0,  0,  0,  8,  0,  0,  0,  0,  0,  0,  0, ],
[ 0,  0,  8,  5, 13,  0,  3,  0,  0,  0,  0,  0,  0,  0,  0,  0,  7,  0,  0,  0,  0,  0,  0,  0, ],
[ 0,  0,  0,  0,  0, 14,  0,  0,  0,  0,  0,  1,  0,  0,  0,  0,  0,  0,  0,  0,  0,  0,  0,  0, ],
[ 0,  6, 14, 14,  0,  0,  0,  0,  0,  0,  0,  0,  0,  0,  0,  0,  0,  0,  0,  0,  2,  0,  0,  0, ],
[ 0,  0,  0,  0,  6,  0,  0,  0,  0,  0,  0,  0,  0,  0,  9,  0,  0,  0,  0,  0,  0,  0,  0,  0, ],
[ 0,  0,  0,  0,  7,  5,  0,  0,  0,  0,  0,  0,  0,  0,  0,  0,  4,  0,  0,  0,  0,  0,  0,  0, ],
[ 0,  0,  0,  0,  0,  0,  0,  0,  0,  0,  0,  0,  7,  0,  0,  0,  0,  0,  0,  0,  0,  0,  0,  0, ],
[ 0,  0,  0,  0,  0,  0,  0,  0,  0,  0,  0,  0,  0,  0,  0,  8,  0,  0,  8,  0,  0,  0,  0, 14, ],
[ 0,  0,  0,  0,  0,  0,  0,  0,  0,  0,  0,  0,  0,  8,  0,  0,  0,  0,  0,  7,  0,  0,  0,  0, ],
[ 0,  0,  7,  0,  0,  0,  1,  0,  0,  0,  0,  0,  0,  0,  0,  0,  0,  0,  0,  0,  0,  0,  0,  0, ],
[ 0,  0,  0,  0,  0,  0,  0,  0, 10,  0,  0,  0,  0,  0,  0,  0,  0,  0,  0,  0,  0,  0,  0,  0, ],
[ 0,  0,  0,  0,  0,  0,  0,  5,  0,  0,  0,  0,  0,  0,  0,  0,  0,  2,  0,  0,  0,  0,  0,  0, ],
[ 0,  0,  6,  9,  0,  0,  0,  0,  0,  0,  0,  0,  0,  1,  0,  0,  0,  0, 14,  0,  0,  0,  0,  0, ],
[ 1,  0,  0,  0, 11,  0,  0,  0,  0,  0, 13,  0,  7,  0,  0,  0,  0,  0,  0,  0,  0,  0,  0,  0, ],
[ 0,  0,  0,  0,  0,  0,  0,  0,  9,  0,  0,  0,  0,  0,  0,  9,  0,  0,  0,  0,  0,  0,  0,  0, ],
[ 0,  0,  0,  0,  0,  0,  0,  0,  0,  0,  7,  0,  0,  0,  0,  0,  0,  0,  0,  0,  0,  0,  0,  0, ],
[ 0,  0,  0,  0, 10,  0,  0,  0,  0,  0,  0,  0,  0,  0,  0,  0,  0,  0,  7, 10,  0,  0,  0,  0, ],
[ 0,  0,  0,  0,  0,  0, 10,  0,  0,  0,  8,  0,  0,  0,  0, 12,  0,  0,  0,  0,  0,  0,  0,  0, ],
[ 0,  0,  0,  0,  0,  0,  0,  0,  7,  0,  0,  0,  0,  0,  0,  0,  0,  0,  0,  0,  0,  3,  0,  0, ],
[ 0,  0,  0,  0,  0,  0,  0,  0,  0,  0,  0,  0,  0, 12,  0,  0,  0,  0,  0,  0,  0,  0,  0,  0, ],
[ 0,  0,  7,  0,  0,  0,  0,  0,  0,  0,  0,  0,  0,  0,  0,  0,  0,  0,  0,  0,  0,  0,  8,  0, ],
[ 0,  0,  0, 10,  0,  0,  0,  1,  0,  0,  0,  0,  0,  0,  6,  0,  0,  0,  0,  4,  0,  0,  0,  0, ],
[ 0,  0,  0,  0,  0,  0,  0,  0,  4,  0,  0,  1,  0,  0,  8,  0,  0,  5,  0,  0,  0,  0,  0,  0, ],
[ 0,  0,  0,  0,  0,  0,  0, 13,  0,  0,  0,  0,  0,  0,  0,  0,  0,  0,  0,  0,  0,  0,  0,  0, ],
[ 0,  0,  0,  0,  0,  0,  0,  0,  0,  0,  4,  0,  0,  0,  0,  8,  0,  0,  3,  0, 14,  9,  6,  0, ],
[ 0,  0,  0,  0,  0,  0,  0,  0, 14,  0,  0,  0, 12,  0,  0,  0,  0,  0,  0,  0,  0,  0,  0,  0, ],
[ 0,  0,  0,  0,  0,  0,  0,  0,  0,  0,  0,  5, 12,  0,  0,  0,  0,  0,  0,  0,  9,  8,  0,  0, ],
[12,  3,  0,  0,  0,  0,  0,  0,  0,  7,  0,  0,  0,  0,  0,  0,  0,  0,  0,  0,  0,  0,  0,  0, ],
[ 0,  0,  0,  0, 13,  6,  0,  0,  0,  0,  0,  0,  0,  0, 14,  0,  0,  0,  2,  0,  1,  0,  0,  0, ],
[ 3, 14,  0,  0,  0,  0,  0,  0,  0,  0, 13,  0,  0,  0,  0,  8,  0,  0,  0,  0,  0,  0,  0,  0, ],
[ 0,  2,  0,  0,  0,  0,  0,  0,  0,  0,  4,  0,  0,  0,  0,  0,  0,  0,  0,  6,  0,  0,  0,  0, ],
[ 0,  0,  0,  0, 14,  0,  0,  0,  0,  0,  0,  0,  0,  0,  6,  0,  0,  0,  0,  3,  3,  0,  4,  0, ],
[ 0,  0,  5,  0,  5,  0,  0,  0,  0,  0,  0,  0,  0,  0,  0,  0,  0,  0,  2,  0,  0,  0,  0,  0, ],
[ 0,  0,  0,  0,  0,  0,  0,  0,  0,  0,  0,  0,  0,  0,  0,  0,  0,  0,  0,  0,  0,  0,  0,  0, ],
[ 0,  0,  0,  0,  0,  0,  0,  0,  0,  0,  0,  0,  0,  0,  2,  3,  0,  0,  0,  0,  0,  0,  0,  0, ],
[ 0,  0,  0,  0,  0,  0,  0,  0,  0,  0,  0,  0, 10,  0,  0,  0,  0,  0,  0,  0,  0,  0,  0,  0, ],
[ 0,  0,  0,  0,  0,  0,  0,  0,  0,  0,  0,  0,  0,  0,  0,  0,  6,  0,  0,  0,  0,  0,  0,  0, ],
[10,  0,  0,  0,  0,  0,  0,  0,  0,  0,  0,  0,  0,  0,  0,  0,  0,  0,  5,  0,  0,  0,  0,  0, ],
[ 0,  0,  0,  0,  0,  0,  0,  0,  0,  0,  0,  9,  0,  0,  0,  0,  0,  0,  0,  0,  0,  0,  0,  0, ],
[ 0,  0,  0,  0, 10,  0,  0,  0,  0,  0,  0,  0,  0,  3,  0,  0, 14, 12,  0,  0,  5,  0,  0,  9, ],
[ 0,  0,  0,  2,  0,  0,  0,  0,  0,  0,  0,  0,  0,  0,  0, 12,  0,  0,  4,  0,  0,  0,  0, 14, ],
[ 0,  0,  0,  0,  0,  0,  0,  0,  0,  0,  0,  0,  0,  0,  0,  0,  0,  0,  0,  0, 11,  0,  0,  0, ],
[ 0,  0,  0,  0,  0,  0,  0,  0,  0,  0,  0,  0,  9,  0,  0,  0,  0,  0,  0, 14,  0,  0,  0,  0, ],
[ 0,  0,  0,  0,  0,  0,  0,  0,  2,  9,  0,  0,  0,  0,  0,  0,  0,  0,  0,  0,  2,  0,  0,  0, ],
[ 0,  0,  0,  0,  0,  0,  0,  0,  0,  0,  0,  0,  0,  0, 10,  0,  0,  0,  0,  0,  0,  0,  0,  0, ],
[ 0,  0,  0,  0,  0,  0,  0,  0,  0,  0,  0,  0,  0,  0,  0,  0,  0,  0,  0,  0,  0,  0,  9,  0, ],
[ 0,  8,  0,  0,  0,  0,  0,  0,  0,  0,  0,  0,  0,  0,  0,  0,  0,  0,  0,  0,  0,  0,  0,  0, ],
[ 4,  0,  0,  0,  0,  0,  0,  0,  0,  0,  3,  0,  0,  0,  0,  0,  0,  0,  0,  0,  0,  0,  9,  0, ],
[ 0,  0,  0,  0,  0,  0,  0,  0,  0,  0,  0,  0,  0, 12,  0,  0,  2,  0,  0,  0,  0,  0,  0,  0, ],
[ 0,  0,  0,  0,  0,  0,  0,  0,  0,  3,  0,  0,  0,  0,  0,  0,  0,  0,  0,  0,  0,  0,  0,  0, ],
[ 0,  0,  0,  0,  0,  0,  0,  0,  0,  0,  0,  0,  0,  0,  6,  0,  0,  0,  1,  0,  0,  0,  0,  0, ],
[ 0,  0,  0,  0,  0,  0,  0,  0,  0,  0, 12,  0,  0,  0,  0,  0,  0,  0,  0,  0, 12,  0,  0,  0, ],
[ 0,  0,  0,  0,  0,  0,  4,  0,  7,  0,  0,  0,  0,  0,  0,  0,  0,  0,  0,  0,  0,  0,  0,  0, ],


[0.3274, -0.1864, ],
[-0.6260, -0.8552, ],
[0.0757, 0.4824, ],
[0.9179, 0.2751, ],
[-0.3262, 0.9113, ],
[0.5352, 0.0320, ],
[-0.6489, 1.0000, ],
[0.2250, 0.4358, ],
[0.8652, 0.3990, ],
[-0.2331, 0.6284, ],
[0.5222, -0.0352, ],
[0.0165, -0.4763, ],
[0.1884, -0.2279, ],
[0.5945, 0.4621, ],
[0.1310, 0.4680, ],
[-0.7271, -0.1375, ],
[0.6770, -0.6248, ],
[-0.0442, -0.6695, ],
[0.4560, 0.4641, ],
[0.3382, -0.6567, ],
[0.8370, 0.3265, ],
[0.4858, -0.5770, ],
[0.6205, 0.0350, ],
[0.3830, -0.4647, ],
[0.8457, -0.7265, ],
[0.3877, 0.2175, ],
[0.5163, -0.4217, ],
[0.1395, 0.5194, ],
[0.4287, 0.3431, ],
[0.7307, 0.5377, ],
[-0.5775, 0.3463, ],
[0.0010, 0.4126, ],
[-0.8078, -0.0384, ],
[0.4077, 0.8913, ],
[0.1747, 0.6937, ],
[-0.6377, -0.1500, ],
[0.4935, -0.3664, ],
[-0.5056, -0.3712, ],
[-0.2790, -0.4119, ],
[0.9439, 0.6104, ],
[0.7612, -0.8416, ],
[0.0250, 0.2151, ],
[0.7495, -0.1699, ],
[0.4204, 0.8666, ],
[0.1784, -0.5946, ],
[0.7675, -0.1462, ],
[0.7037, -0.2675, ],
[-0.5134, -1.0000, ],
[-0.1161, 0.4757, ],
[0.8335, 1.0000, ],
[0.4485, 0.4683, ],
[0.5398, 0.1839, ],
[0.1344, -0.9378, ],
[0.1308, -0.7440, ],
[0.5487, 0.3399, ],
[-0.2029, -0.3786, ],
[0.6639, 0.0280, ],
[0.3906, 0.0229, ],
[-0.6714, 0.6015, ],
[0.0224, -0.5290, ],
[0.4738, 0.1862, ],
[-0.5625, 0.0478, ],
[-0.6715, 0.6042, ],
[0.1756, 0.2645, ],
[0.2613, 0.0141, ],
[0.2623, -0.8109, ],
[0.8875, 0.9109, ],
[0.3294, -0.4880, ],
[-0.7927, 0.9222, ],
[0.6524, -0.0837, ],
[-0.3849, 0.6972, ],
[0.1495, 0.4420, ],
[-0.1938, 0.2776, ],
[0.0027, 0.4162, ],
[0.2240, 0.8776, ],
[-1.0000, -0.2617, ],
[0.7120, 0.1391, ],
[1.0000, 0.9585, ],
[0.0910, 0.1335, ],
[-0.5580, -0.7088, ],
[0.4061, 0.5206, ],
[-0.0929, 0.3961, ],
[-1.0000, 0.9234, ],
[-0.5096, 0.8155, ],
[-0.9308, 0.0184, ],
[-0.1423, -0.3562, ],
[0.0169, 0.6088, ],
[1.0000, 0.0655, ],
[0.3770, -0.9666, ],
[0.1714, -0.2275, ],
[-0.4867, -0.2380, ],
[0.0293, 0.9150, ],
[0.0051, -0.4762, ],
[-0.5694, -0.4770, ],
[-0.4398, -0.9333, ],
[-0.4728, -0.3396, ],
[-0.7529, 0.5193, ],
[1.0000, 0.3506, ],
[0.8717, 0.1989, ],
[0.4009, 0.8196, ],


[4.0000, ],
[4.0000, ],
[10.0000, ],
[3.0000, ],
[8.0000, ],
[6.0000, ],
[0.0000, ],
[4.0000, ],
[6.0000, ],
[7.0000, ],
[8.0000, ],
[6.0000, ],
[0.0000, ],
[10.0000, ],
[6.0000, ],
[2.0000, ],
[8.0000, ],
[6.0000, ],
[8.0000, ],
[6.0000, ],
[11.0000, ],
[4.0000, ],
[16.0000, ],
[8.0000, ],
[4.0000, ],
[5.0000, ],
[8.0000, ],
[4.0000, ],
[6.0000, ],
[6.0000, ],
[0.0000, ],
[6.0000, ],
[12.0000, ],
[0.0000, ],
[19.0000, ],
[8.0000, ],
[12.0000, ],
[4.0000, ],
[0.0000, ],
[3.0000, ],
[0.0000, ],
[8.0000, ],
[0.0000, ],
[18.0000, ],
[4.0000, ],
[9.0000, ],
[3.0000, ],
[3.0000, ],
[14.0000, ],
[5.0000, ],
[12.0000, ],
[6.0000, ],
[7.0000, ],
[3.0000, ],
[10.0000, ],
[6.0000, ],
[4.0000, ],
[4.0000, ],
[3.0000, ],
[11.0000, ],
[12.0000, ],
[6.0000, ],
[3.0000, ],
[11.0000, ],
[11.0000, ],
[5.0000, ],
[4.0000, ],
[6.0000, ],
[10.0000, ],
[8.0000, ],
[4.0000, ],
[17.0000, ],
[8.0000, ],
[12.0000, ],
[9.0000, ],
[13.0000, ],
[13.0000, ],
[6.0000, ],
[13.0000, ],
[5.0000, ],
[0.0000, ],
[3.0000, ],
[4.0000, ],
[3.0000, ],
[6.0000, ],
[3.0000, ],
[19.0000, ],
[11.0000, ],
[4.0000, ],
[7.0000, ],
[5.0000, ],
[4.0000, ],
[3.0000, ],
[3.0000, ],
[7.0000, ],
[5.0000, ],
[2.0000, ],
[4.0000, ],
[8.0000, ],
[5.0000, ],


