[ 0,  0,  0,  0,  0,  0,  0,  0,  0,  0,  0,  0,  0,  0,  0,  0,  0,  0,  0,  0,  0,  8,  0,  0, ],
[ 0, 14,  0,  0,  0,  0,  0,  0,  0,  0,  0,  0,  0,  0,  0,  0,  0,  0,  0,  0,  0,  0,  0,  0, ],
[ 0,  0,  0,  0, 14,  0,  0,  0,  0,  0,  0,  0,  0,  8,  0,  0,  0, 14,  0,  0,  0,  0,  0,  0, ],
[ 0, 11,  0,  0,  0,  0, 11,  0,  0, 13,  0,  0,  0,  0,  0,  0,  0,  0,  0,  0,  0,  0,  0,  0, ],
[ 0,  0,  0,  0,  0,  0,  0,  0,  5,  0,  0,  0,  0, 11,  0, 12,  6,  0,  0,  0,  0,  0,  0,  0, ],
[ 0, 11,  0,  0, 14,  0,  0,  0,  0,  0,  0,  0,  0,  8,  0,  0,  0,  0,  0,  0,  0,  0,  0,  2, ],
[ 0,  0,  0,  0,  1,  0,  0,  0,  0,  0,  0,  0,  0,  0,  0, 12,  0,  0,  0,  0,  0,  0,  0,  0, ],
[ 0,  0,  0,  0,  0,  0,  0,  0,  6,  0, 10,  0,  0,  0,  0,  0,  0,  0,  0,  0,  0,  0,  0,  0, ],
[ 0,  0,  0,  0,  0,  0,  0,  0,  0,  4,  0,  0,  0,  0,  0,  0,  0,  3,  0,  0,  0,  0,  0,  0, ],
[ 0,  0,  0,  0,  0,  0,  0,  0,  0,  0,  0,  0,  0,  0,  0,  0,  0,  4,  0,  0,  0,  0,  0, 11, ],
[ 0,  0,  0,  0,  0,  0,  0,  0,  0,  0,  0,  0,  1,  0,  0,  0,  0,  0,  0,  0,  0,  0,  0,  0, ],
[ 0,  0,  0,  0,  0,  0,  0,  0,  0,  0,  0,  0,  0,  0,  0, 13,  0,  0,  0,  0,  0,  0,  0,  0, ],
[ 0,  0,  2,  0,  0,  0,  0,  4,  1,  0,  0,  0,  2,  0,  0,  0,  0,  0,  0,  6,  0,  0,  0,  0, ],
[ 0,  0,  0,  0,  0,  0,  0,  2,  0,  0,  0,  0,  0,  0,  0,  0,  0,  0,  0,  0,  0,  0,  0,  0, ],
[ 0,  0,  0,  0,  0,  0,  0,  0,  0,  0,  0,  0,  0,  0,  0,  0,  0,  0,  0,  0,  0,  1,  0,  0, ],
[ 0,  0,  0,  0,  0,  0,  0,  0,  0,  0,  0,  0,  0,  0,  0,  0,  0,  0,  0,  0,  0,  0,  4,  0, ],
[ 0,  0,  6,  0,  8,  0,  0,  0,  0,  0,  0,  0,  0,  0,  0,  0,  0,  0,  0,  0,  0,  0,  0,  0, ],
[ 0,  0,  0,  0,  0,  0,  0,  0,  0,  0,  0,  0,  0,  0,  1,  0,  0,  0,  0,  4, 13,  0,  0,  0, ],
[ 0,  0,  0,  0,  0,  0,  0,  0,  0,  0,  0,  0,  9,  0,  0,  2,  0,  0,  0,  0,  0,  0,  5,  0, ],
[ 5,  0,  0, 12,  0,  0,  0,  0,  0,  0,  0,  0,  0,  0,  0,  0,  0,  0,  0,  0,  0, 11,  0,  0, ],
[ 0, 13,  0,  0,  0,  0, 14,  0,  0,  0,  0,  0,  7,  0,  0,  0,  0,  0,  0,  0,  0,  0,  0,  0, ],
[ 0,  0,  0,  0,  0,  0,  0,  0,  0,  0,  0,  0,  0,  0,  0,  0,  0,  2,  0,  0,  0,  0,  0,  6, ],
[ 0,  0,  0,  0,  0,  0,  0,  0, 10,  0,  0,  0,  0,  0,  0,  0,  0,  0,  0,  0,  0,  0,  0,  0, ],
[ 0,  0,  0,  0,  0,  0,  0,  0,  0,  0,  0,  0,  0,  0,  0,  0,  0,  7,  0,  0, 12,  0,  0,  0, ],
[ 0,  8,  0,  7,  0,  0,  0,  4,  8,  0,  0,  0,  0,  0,  0,  0,  0,  0,  0,  0,  0,  0,  0,  0, ],
[ 0,  0,  0,  0,  0,  0,  0,  0,  0,  0,  2,  0,  0,  0,  0,  0,  0,  0,  0,  0,  0,  0,  0,  0, ],
[ 0,  0,  7,  0,  0,  0,  8,  0,  0,  0,  0, 12,  1,  0,  0, 13,  0,  0,  0,  0,  0,  0,  0,  0, ],
[10,  0,  3,  0,  9,  0,  0,  0,  0,  0,  0,  0,  0,  0,  0,  0,  0,  0,  0,  0,  0,  0,  0,  0, ],
[ 0,  0,  0,  0,  0,  0,  0,  0,  0,  0,  0,  0,  0,  0,  6,  0,  0,  0,  0,  0,  0,  0,  3,  0, ],
[ 0,  0,  0,  0,  0,  0,  0,  0,  0,  0,  0,  0,  0,  0,  6,  0,  0,  4,  0,  0,  0,  0,  0,  0, ],
[ 0,  0,  0,  0,  0,  0,  2,  0,  0,  0,  0,  8,  0,  0,  0,  0,  0,  0,  0,  0,  0,  0,  0,  0, ],
[ 0,  0,  0,  5,  0,  0,  0,  0,  0,  0,  0,  0,  0,  0,  0,  0,  6,  0,  0,  0,  0,  0,  0,  6, ],
[ 0,  0,  0,  0,  5,  0,  0,  0,  0,  0,  0,  0,  0,  0, 10,  0,  0,  0,  0,  0,  0,  0,  0,  0, ],
[ 0,  0,  0,  6,  0,  0,  0,  0,  6,  0,  0,  0, 14,  0,  0,  0,  0,  0,  0,  0, 10,  0,  7,  0, ],
[ 0,  0,  0,  0,  0,  0,  0,  0,  0,  0,  0,  0,  0,  0,  0,  7,  0,  0,  0,  0,  0,  0,  0,  0, ],
[ 0,  0,  0,  9,  0,  0,  0,  0,  0,  8,  0,  0,  0,  0, 14,  0, 14,  0,  0,  0,  0,  0,  0,  0, ],
[14,  0,  0,  0,  0,  0,  0,  0,  0,  0,  0,  0,  0,  0,  0,  0,  0,  0,  0,  0,  0,  0,  0,  0, ],
[ 0,  3,  0,  0,  0,  0, 14,  0,  0,  0,  0,  0,  1,  0,  0,  0,  0,  0,  0,  0,  0,  0,  0, 12, ],
[ 0,  0,  5,  0,  0,  0,  0,  6,  0,  0,  0,  0,  0,  0,  0,  0,  0, 10,  0,  0,  5,  0,  0,  0, ],
[ 0,  0,  0,  0,  0,  0, 14,  0, 14,  0,  0,  0,  0,  0,  0,  0,  0,  0,  0, 13,  0,  0,  0,  0, ],
[ 0,  3,  0,  0,  0,  0,  0,  7,  0,  0,  0,  0,  0,  0,  0,  0,  0,  0,  1, 10,  0,  0,  0,  0, ],
[ 0,  0,  0,  0,  0,  0,  0,  0,  0, 10,  0, 10,  0,  0,  0,  0,  0,  0,  0,  0,  0,  0,  0,  0, ],
[12,  0,  0,  0,  0,  0,  0,  0,  0,  0,  0,  0,  0,  0,  0,  0,  0,  0,  0,  0,  0,  0,  0,  0, ],
[ 0,  0,  0,  0, 10,  0,  0,  0,  0,  0,  0,  0,  0, 10,  0, 14,  0,  0, 12,  0,  9, 11,  0,  0, ],
[ 0,  0,  0,  0,  0,  0,  0,  0,  0,  0,  0,  0,  0,  0,  0,  0,  0,  0,  7, 11,  0, 14,  0,  0, ],
[ 0, 11,  1,  0,  0,  0,  0,  0,  0,  0,  0,  0,  0,  0,  0,  0,  0,  0,  0,  0,  0,  0,  5,  0, ],
[ 0,  0,  4,  0,  0,  0, 10,  0,  0,  0,  0,  0,  0,  0,  0,  0,  0,  0, 13,  0,  0,  0,  0,  0, ],
[ 0,  0,  0,  0,  0,  0,  0,  0,  0,  0,  0,  0,  0,  0,  0, 10,  0,  0,  0,  0,  0,  0,  0,  0, ],
[ 0,  0,  8,  5,  0,  0,  3,  8,  0, 11,  0,  0,  0, 10,  0,  0,  0,  0,  0,  0,  0,  0,  0,  0, ],
[ 0,  0,  0,  0,  0,  0,  5,  0,  0,  0,  0,  0,  0,  0,  0,  0,  0,  0,  0,  0,  0,  4,  0,  0, ],
[ 0,  0,  0,  0,  0,  0,  0,  0,  0,  0,  0,  0,  0,  0,  0,  0,  0,  0,  0,  0,  0,  0,  0,  0, ],
[ 0,  0,  5,  0,  0,  0,  0,  0,  0,  0,  0,  0,  0,  0,  0,  0,  0,  0,  0,  0,  0,  0,  0,  0, ],
[ 0,  0,  0,  0,  7,  5,  0,  0,  0,  0,  0,  0,  0,  2,  0,  0,  0,  0,  8,  0,  0,  0,  0,  0, ],
[ 0,  0,  6, 14,  0,  0,  0,  0,  0,  0,  0,  0,  0,  0,  0,  0,  0,  0,  0,  0,  0,  0,  8,  0, ],
[12,  0,  0,  0,  0,  0,  4,  0,  0,  0,  0,  0,  0,  0,  0,  0,  0,  0,  0,  0,  0,  0,  0,  0, ],
[ 0,  0,  0,  0,  0,  0,  0,  0,  0,  0,  0,  0,  0,  0,  0,  0,  0,  0,  0,  0,  0,  0, 14,  0, ],
[ 0,  0,  0,  0,  0,  0,  0,  0,  0,  0,  2,  3,  0,  0,  0,  0,  0,  0,  0,  0,  0,  0,  0,  0, ],
[ 0,  0,  0,  0,  0,  0,  7,  0,  0,  0,  0,  0,  0,  0,  0,  0,  1,  0,  0,  0,  0,  0,  0,  0, ],
[ 0,  0,  0,  0,  0,  0, 11,  0,  0,  0,  0,  0,  0,  0,  0,  0,  0,  0,  0,  0,  0,  0,  0,  0, ],
[ 0,  0,  0,  0,  0,  8,  0,  0,  9,  0,  0,  0,  0,  0,  0,  6,  0,  0,  0,  0,  0, 12,  0,  0, ],
[ 0,  0, 11, 14,  0,  0,  0,  0,  0,  0,  0,  0,  0,  0,  0,  0,  0,  0,  0,  0,  0,  0,  0,  0, ],
[ 0,  0,  0,  0,  1,  0,  0,  0,  0,  0,  0,  0,  0,  0,  0,  0,  0,  0,  0,  0,  0,  0,  0,  0, ],
[ 0,  0,  0,  0,  0,  0,  0,  0,  0,  0,  0,  0,  0,  0,  0,  0,  0,  0,  0,  0,  0,  0,  0,  0, ],
[ 0,  0,  0,  0,  0,  0,  0,  0,  0,  0,  0,  0,  0,  0,  0,  0,  0,  0,  0,  0,  0,  0,  0,  0, ],
[ 0,  0, 11,  0,  0,  0,  0,  0,  0,  0,  0,  0,  0,  0,  0,  0,  0,  7,  0,  0,  0,  0,  0,  0, ],
[ 0,  0,  0,  0,  0,  0,  0,  8,  0,  0,  0,  0,  0,  0,  0,  0,  0,  0,  0,  0,  0,  0,  0,  0, ],
[ 0,  4,  0,  0,  0,  0,  0,  0,  0,  0,  0, 13,  0,  0,  0,  0,  0,  0,  0,  0,  0,  0,  0,  0, ],
[ 0,  0,  5,  0,  0,  0,  0,  0,  0,  0,  0,  0,  0,  0,  0,  0,  0,  0,  0,  0,  0,  0,  0,  7, ],
[ 0,  0, 11,  0,  0,  0,  0,  0,  0,  0,  0,  0,  0,  0,  0,  0,  0,  0,  0,  0,  0,  0,  0,  0, ],
[ 0,  0,  4,  0,  3,  0,  0,  0, 13,  0, 12,  0,  0,  0,  0,  0,  0,  5,  0,  0,  0,  0,  0,  0, ],
[ 0,  0,  0,  0,  0,  0,  1, 13,  0,  0,  0,  0,  4,  0,  0, 11,  0,  9, 11,  0,  0,  0,  0,  0, ],
[ 0,  0,  0,  0,  0,  0,  0,  0,  0,  0,  0, 13,  0,  0, 11,  0,  0,  0,  0,  0,  0,  0,  0,  0, ],
[ 0,  0,  0,  0,  0,  0, 11,  0,  0,  0,  0,  0,  0,  0,  0,  0,  0,  0,  0,  0,  0,  0,  0,  0, ],
[ 0,  0,  0,  0,  0,  0,  0,  0,  0,  0,  0,  0,  0,  0,  0,  0,  0,  0,  0,  5,  0,  0,  0,  7, ],
[ 0,  0,  0,  0,  0,  0, 12,  0,  0,  0,  0,  0,  0,  0,  0,  7,  0,  0,  0,  0,  0,  1,  0,  0, ],
[ 0,  0,  2,  0,  0,  0,  0,  0,  0,  0,  0,  0,  0,  0,  0,  0,  0,  7,  0,  0,  1,  0,  0, 13, ],
[ 0,  0,  0,  0,  0,  0,  0,  0,  8,  0,  0,  0,  0,  0,  2,  0,  0,  0,  0,  0,  0,  0,  0,  0, ],
[ 0,  2,  0,  0,  0,  0,  0,  0,  0,  0,  4,  0,  0,  0,  0,  0,  0,  0,  0,  0,  0,  0,  0,  0, ],
[ 0,  0,  0,  0,  0,  0,  0,  0,  0,  0,  0,  0,  0,  0,  0,  1,  0,  0, 12,  3,  0,  0,  0,  0, ],
[ 0,  0,  0,  0,  0,  9,  0,  0,  0,  0,  0,  0,  0,  0,  0,  0,  1,  0,  0,  0,  9,  0,  0, 14, ],
[ 0,  0,  0,  0,  0,  0,  0,  0,  0,  0,  0,  0,  0,  0,  0,  0,  0,  0,  0,  0,  0,  0,  0,  0, ],
[ 0,  0,  4,  0,  0, 14,  0,  0,  0,  0,  0,  0,  3,  0,  0,  0,  0,  0,  0,  0,  0,  0,  0,  0, ],
[ 0,  0,  9,  0,  0,  0,  0,  0,  0,  0,  0, 14,  0,  0,  0,  0,  0,  0,  0,  0,  0,  0,  0,  0, ],
[ 0,  0,  0,  0,  0,  0,  0,  0,  0,  0,  0,  0,  0,  0,  0,  0,  0,  0,  0,  0,  0,  5, 11,  0, ],
[ 8,  0,  0,  0,  0,  0,  0,  0,  0,  0,  0,  0,  0,  0,  0,  0,  0,  0,  0,  0,  0,  0, 13,  0, ],
[ 0,  0,  0,  0,  0,  0,  0,  0,  0,  0,  0,  0,  0,  4,  0,  0,  0,  0,  0,  0,  0,  0,  0,  0, ],
[ 7,  0,  0,  0,  0,  0,  0,  0,  0,  0,  0,  0,  0,  0,  0,  1,  0, 12,  0,  0,  0,  0,  0,  9, ],
[ 0,  0,  0,  0,  0,  0,  0,  0,  0,  0,  0,  0,  0, 12,  2,  0,  0,  0,  0,  0,  0,  0,  0,  0, ],
[ 0,  0,  0,  0,  0,  0,  0,  0,  0,  0,  0,  0,  0,  0,  5,  5,  0,  0,  0,  0,  0,  0,  0,  0, ],
[ 0,  0,  0,  0,  0,  0,  0, 13,  0,  0,  0,  0,  0,  0,  0,  6,  0,  0,  0,  0,  0,  0,  0,  0, ],
[ 0,  0,  0,  0,  0,  0,  0,  0,  0,  9,  0,  0,  0,  0,  0,  0,  0,  0,  0,  0,  0,  0,  0,  0, ],
[ 0,  7,  0,  0,  0,  0,  0,  0,  0,  0,  0,  0,  0,  0,  0,  0,  0,  0,  5,  0,  0,  0,  2,  0, ],
[ 0,  0,  0,  0,  0,  0,  0,  0,  0,  0,  0,  0,  0,  0,  0,  0,  0,  0,  0,  0,  0,  0,  0,  0, ],
[ 0,  0,  0,  0,  0,  0,  0,  0,  0,  0,  0,  0,  0,  0,  0,  0,  0,  3,  9,  0,  0,  0,  0,  0, ],
[ 0,  2,  0,  0,  0,  0,  0,  0,  0,  0,  0,  0,  0,  0,  0,  0,  0,  0,  0,  0,  0,  0,  0,  3, ],
[ 0,  0,  0,  0,  0,  0,  0,  0,  0,  0,  0,  0,  0, 12,  0,  0,  5,  0,  0,  0,  0,  0,  0,  0, ],
[ 0,  0,  0,  0,  0,  0,  0, 13,  0,  0,  0,  0,  0,  5,  0,  0,  0, 10,  0,  0, 14,  0,  0,  0, ],
[ 0,  0,  0,  0,  0,  0,  0,  0,  0,  0,  0,  0,  0,  0,  2,  0,  0,  3,  0,  0,  0,  0,  5,  0, ],
[ 0,  0,  0,  0,  0,  2,  0,  0,  0,  0,  0,  0, 12,  0,  0,  0,  0,  0,  0,  0,  0,  0,  0, 13, ],
[ 0,  0,  0,  0,  0,  0,  0,  0,  7,  0,  0,  0,  0,  0,  0,  0,  0,  0,  0,  0,  0,  0,  1,  0, ],


[0.8692, -0.1653, ],
[0.0936, -0.7945, ],
[-0.0243, -0.4578, ],
[0.0087, -0.3233, ],
[-0.3226, 0.4039, ],
[0.5352, 0.1226, ],
[-0.5097, 0.5041, ],
[0.2706, 0.1855, ],
[-0.0145, -0.6367, ],
[-0.9432, 0.3675, ],
[-0.9829, -0.4068, ],
[-0.0511, -0.5654, ],
[-0.6282, -0.7566, ],
[0.4980, 0.2472, ],
[0.5716, 0.5918, ],
[-0.5998, -0.1375, ],
[0.8106, -0.7907, ],
[0.4319, 0.8329, ],
[0.5040, 0.4289, ],
[-0.1504, -0.6659, ],
[0.3154, 0.6812, ],
[-0.6928, 0.1307, ],
[0.5894, 0.1012, ],
[0.9756, -0.1663, ],
[0.8890, 0.0011, ],
[-0.1717, -0.1563, ],
[-0.7730, -0.2144, ],
[0.1567, -0.4322, ],
[0.1570, 0.3133, ],
[0.8079, -0.6162, ],
[-0.1795, 0.3463, ],
[-0.0150, 0.5144, ],
[-0.8078, -0.1437, ],
[0.4780, 1.0000, ],
[0.2871, 0.6937, ],
[-0.7818, -0.3030, ],
[-0.7453, -0.3664, ],
[-0.4529, -0.3138, ],
[1.0000, 0.7252, ],
[0.3399, 0.5131, ],
[0.3548, 0.6965, ],
[0.0007, 0.3158, ],
[0.3607, 0.6223, ],
[0.4204, -0.8091, ],
[0.1784, -0.2059, ],
[0.5655, 0.9312, ],
[0.1369, -0.2652, ],
[-0.5838, 0.5140, ],
[-0.7624, -0.7344, ],
[0.8335, 1.0000, ],
[0.5296, -0.0591, ],
[0.5166, -0.4540, ],
[-0.1956, -1.0000, ],
[0.1604, -0.6102, ],
[-0.1622, 0.2450, ],
[0.6098, -0.3786, ],
[0.4135, 0.0269, ],
[0.4100, 0.2771, ],
[-0.8141, 0.3022, ],
[-0.0258, -0.3105, ],
[0.6991, 0.2208, ],
[-0.3367, 0.0479, ],
[-0.9835, 0.6042, ],
[0.4893, 0.3431, ],
[0.2203, 0.9493, ],
[0.4680, 0.5584, ],
[0.3051, 0.3438, ],
[0.2609, -0.7539, ],
[0.2164, 0.2280, ],
[0.6838, -0.2302, ],
[0.9327, 0.5082, ],
[0.1736, 0.3458, ],
[-0.5148, 0.2776, ],
[-0.1208, 0.4162, ],
[0.7616, 0.6899, ],
[-1.0000, -0.1299, ],
[1.0000, 0.4074, ],
[0.2289, 0.9585, ],
[0.4035, 0.0970, ],
[-0.5580, -0.2558, ],
[-0.4537, -0.2580, ],
[-0.4323, 0.1747, ],
[-0.0827, -0.1985, ],
[-0.0641, 0.8155, ],
[-0.6865, 0.0709, ],
[-0.3933, -0.9155, ],
[0.2822, 0.3770, ],
[0.6914, 0.4191, ],
[-0.1857, -0.7619, ],
[0.6273, -0.5648, ],
[-0.4185, 0.7298, ],
[-0.0294, -0.3702, ],
[-0.1326, -0.4762, ],
[0.6112, -0.2027, ],
[-0.7791, 0.8860, ],
[-0.1518, -0.0068, ],
[-0.8347, 0.3337, ],
[-0.1386, 0.2863, ],
[0.6764, 0.2715, ],
[0.4009, 0.0935, ],


[3.0000, ],
[4.0000, ],
[11.0000, ],
[12.0000, ],
[13.0000, ],
[12.0000, ],
[5.0000, ],
[7.0000, ],
[4.0000, ],
[6.0000, ],
[1.0000, ],
[4.0000, ],
[8.0000, ],
[1.0000, ],
[1.0000, ],
[2.0000, ],
[6.0000, ],
[7.0000, ],
[6.0000, ],
[10.0000, ],
[11.0000, ],
[4.0000, ],
[4.0000, ],
[7.0000, ],
[11.0000, ],
[1.0000, ],
[15.0000, ],
[9.0000, ],
[5.0000, ],
[5.0000, ],
[4.0000, ],
[8.0000, ],
[6.0000, ],
[17.0000, ],
[3.0000, ],
[14.0000, ],
[4.0000, ],
[11.0000, ],
[11.0000, ],
[12.0000, ],
[10.0000, ],
[8.0000, ],
[4.0000, ],
[23.0000, ],
[11.0000, ],
[7.0000, ],
[10.0000, ],
[4.0000, ],
[18.0000, ],
[4.0000, ],
[0.0000, ],
[2.0000, ],
[9.0000, ],
[10.0000, ],
[6.0000, ],
[4.0000, ],
[3.0000, ],
[4.0000, ],
[4.0000, ],
[13.0000, ],
[8.0000, ],
[1.0000, ],
[0.0000, ],
[0.0000, ],
[7.0000, ],
[3.0000, ],
[6.0000, ],
[5.0000, ],
[4.0000, ],
[14.0000, ],
[18.0000, ],
[8.0000, ],
[4.0000, ],
[5.0000, ],
[8.0000, ],
[9.0000, ],
[4.0000, ],
[3.0000, ],
[7.0000, ],
[11.0000, ],
[0.0000, ],
[8.0000, ],
[7.0000, ],
[6.0000, ],
[7.0000, ],
[2.0000, ],
[11.0000, ],
[5.0000, ],
[4.0000, ],
[7.0000, ],
[3.0000, ],
[6.0000, ],
[0.0000, ],
[5.0000, ],
[3.0000, ],
[6.0000, ],
[14.0000, ],
[5.0000, ],
[9.0000, ],
[4.0000, ],


