[ 4,  0,  0,  0,  0,  0,  0,  0,  0,  0,  0,  0,  0,  3,  0,  4,  0,  0,  0,  0,  0,  0,  0,  6, ],
[ 0,  0,  0,  0,  0,  0,  0,  0,  0,  0,  0,  0,  0,  8,  0,  0,  0,  0,  0,  0,  0,  0,  0,  0, ],
[ 0,  0,  0,  3,  0,  0,  4,  0,  0,  0,  0,  0,  0,  0,  0,  0,  0,  0,  0,  0,  0,  0,  0,  0, ],
[ 0,  0,  0,  0,  0,  0,  0,  0,  0,  0,  3,  0,  0,  0,  0,  0,  0,  0,  0,  0,  0,  0,  0,  0, ],
[ 0,  0,  7,  1,  0,  0,  0,  0,  0,  5,  0,  0, 13, 11,  0,  0,  0,  0,  0,  0,  0,  0,  0,  0, ],
[ 0,  0,  0,  0,  0,  0,  0,  0,  0,  0,  0,  0,  0,  0,  0,  0,  0,  0,  0,  0,  0,  0,  0,  0, ],
[ 0,  8,  0,  0, 11,  0,  0,  0,  0,  0,  0,  0,  0,  0,  0,  0,  0,  0,  0,  0,  0,  0,  0,  0, ],
[ 0,  0,  0,  0,  0,  0,  0,  0,  6,  0, 10,  0,  0,  0,  0,  0,  0,  0,  0,  0,  0,  0,  0,  0, ],
[ 0,  0,  0,  0,  0,  0,  0,  0,  9, 13,  0,  0,  0,  0, 13,  0,  0,  0,  0,  7,  0,  0,  9,  0, ],
[13,  2,  3,  0,  0, 10,  0,  0,  0,  2,  0,  0,  0,  0,  0,  0,  0,  0,  0,  4,  0,  0,  0,  0, ],
[ 0,  0,  0,  0,  0,  0,  0,  0,  0,  0,  0,  0,  0,  0,  0,  0,  0,  0,  0,  0,  0,  0,  0,  0, ],
[ 0,  0,  0,  0,  0,  0,  0,  0,  0,  2,  0,  0,  0,  0,  0,  0,  0,  0,  0,  0,  0,  0,  0,  0, ],
[ 0,  0,  0,  0,  0,  0,  0,  0,  0,  0,  0,  0,  0,  0,  0,  0,  0,  0,  0,  0,  0,  0,  0,  0, ],
[ 0,  0,  0,  0,  0,  0,  0,  0,  0,  0,  0, 10,  0, 10,  0,  0,  0,  0,  8,  0,  0,  0,  0,  0, ],
[ 0,  0,  0,  0,  0, 13, 11,  0,  0,  0,  0,  0,  0,  0,  0,  0,  0,  0,  0,  0,  0, 12,  0,  0, ],
[ 0,  0,  0,  0,  0, 12,  0,  0,  0,  0,  0,  0,  0,  0,  0,  0,  0,  0,  0,  0,  0,  0,  2,  0, ],
[ 0,  0,  0,  0,  0,  0,  0,  0,  2,  0,  0,  0,  0,  0,  0,  2,  0,  0,  0,  0,  0,  0,  0,  7, ],
[ 0,  0,  4,  0,  0,  6,  0,  0,  0,  0, 10,  6, 13,  0,  0,  0,  0,  0,  0,  0,  0,  0,  0, 13, ],
[ 0,  0,  0,  0,  0,  0,  0,  0,  0,  1,  0,  0,  0,  0,  0,  0,  0,  0,  0,  0, 13,  0,  0,  0, ],
[ 0,  0,  0,  0,  0,  0,  0,  0,  0,  0,  0,  0,  0,  0,  0,  0,  0,  0,  0,  0,  0,  0,  0,  0, ],
[ 1,  0,  0,  0,  3,  0,  0,  0,  0,  0,  0,  0,  0,  0,  0,  0,  0,  0,  0,  0,  0,  0,  0,  0, ],
[ 0,  0,  0,  0,  0,  0,  0,  0,  0,  0,  0,  0,  0,  0,  0,  0,  0,  2,  0,  0,  0,  0,  0,  0, ],
[ 0,  0,  0,  0,  0,  0,  0,  0, 10,  0,  0,  0,  0,  0,  0,  0,  0,  0,  0,  0,  0,  0,  0,  0, ],
[ 0, 13,  0,  0,  0,  0,  0,  0,  0,  0,  0, 14,  0,  0,  0,  0,  0,  0,  0,  0,  0,  0,  0,  0, ],
[ 0,  0,  0,  0,  0,  0,  9,  0,  0,  0,  0,  0,  0,  0,  0,  0,  0,  0,  0,  0,  0,  0,  0,  0, ],
[ 0, 13,  0,  0, 11,  0,  0, 12,  0,  0,  0,  0,  0,  0,  0,  0,  0,  0,  0,  0,  0,  0, 12,  0, ],
[ 0,  0,  0,  0,  0,  0,  0,  0,  0,  4,  0,  0,  0,  2,  0,  0,  1,  0,  0,  0,  0,  0,  0,  5, ],
[ 0,  0,  0,  0,  4,  0,  0,  0,  0, 12,  0,  0,  3, 13,  0,  0,  0,  0,  0,  0,  0,  0,  0, 13, ],
[ 0,  0,  0,  2,  0,  0,  0,  0,  0,  0,  0,  0,  0,  0,  0,  0,  0,  0,  0,  0,  3,  0,  0,  0, ],
[ 0,  0,  0,  0,  0,  0,  0,  0,  4,  0,  0,  0,  0,  0,  0,  0,  0,  1,  0,  7,  0,  3,  0,  0, ],
[ 0,  0,  0,  0,  0,  0,  7,  0,  0,  0,  2,  0,  0,  0,  0,  0,  0,  0,  0,  0,  0,  0,  0,  0, ],
[ 0,  0,  0,  0,  0,  0,  0,  0,  0,  0, 11,  0,  0,  0,  0,  0,  0,  0,  0,  0,  0,  0,  0,  0, ],
[ 0,  0,  0,  0, 14,  0,  0,  0,  0,  0,  1,  0,  0,  0,  0,  0,  0,  0,  0,  0,  0,  0,  0,  0, ],
[ 0,  0,  0, 11,  0,  0,  0,  0,  0,  0,  0,  0, 14,  9,  0,  1,  0,  0,  0,  0,  0,  0,  0, 13, ],
[ 0,  0, 13,  0,  0,  0,  0,  0,  0,  0,  0,  0,  0,  0,  0,  0,  0,  3,  0,  0,  0,  0,  0,  0, ],
[ 0,  0,  0,  0,  0,  0,  4,  0,  0,  0,  9,  0,  0,  0,  0,  0,  0,  0,  0,  0,  0,  0,  0,  0, ],
[ 0,  2,  0,  0, 13,  0,  0,  0,  0,  0,  0,  0,  0,  0,  0,  0,  0,  0,  0,  0,  0,  5,  0,  0, ],
[ 0,  0,  0,  0,  0,  0,  0,  0,  0, 12,  0,  0,  0,  0,  0,  0,  0,  0,  6,  0,  0,  0,  0,  9, ],
[ 0,  0,  0,  1,  0,  0,  4,  0,  0,  0,  0,  0,  0,  0,  0,  0,  0,  0,  0,  0,  0,  0,  0,  0, ],
[12,  0,  0,  0,  0,  0,  0,  0,  0,  0,  0,  0,  0, 11,  0,  0,  0,  0,  0,  0,  0,  0,  0,  0, ],
[ 0,  0,  0,  0,  0,  0,  0,  0,  0,  0,  0,  7,  0,  0,  0,  5,  0,  0,  0,  0,  0,  0,  0,  0, ],
[ 0,  0,  0,  0,  0,  0,  0,  0,  0, 10,  0, 10,  0,  0,  0,  0,  0,  0,  0,  0,  0,  0,  0,  0, ],
[ 6,  0,  0,  0,  0,  0,  0,  0,  0,  0,  0,  0,  0,  0,  0,  0,  0,  0,  0,  0,  0,  0,  0,  0, ],
[ 0,  0,  0,  0,  0,  0,  0,  0,  0,  0,  0,  5,  0,  0,  0,  0,  0,  0,  0,  0,  0,  0,  0,  0, ],
[ 0,  0,  0,  0,  4,  0,  0,  0,  0,  0,  0,  0,  0,  0,  0,  0,  0,  0,  0, 14,  0,  0,  0,  0, ],
[ 0,  9,  0,  0,  1,  0, 10,  0,  0,  0,  0,  0,  0,  0,  0,  0,  0,  0,  0,  2,  0,  0,  0,  0, ],
[ 0,  0,  0,  0,  0,  0,  0,  0,  0,  0,  0,  0,  0,  0,  0,  0,  0,  0,  0,  0,  0,  0,  0,  0, ],
[ 0,  0,  0,  0,  0,  0,  0,  0,  0,  0,  0,  0,  0,  0,  0,  0,  0,  0,  0,  0,  0,  0,  0,  6, ],
[ 0,  0,  0,  0,  0,  0,  9,  0,  0, 11,  0,  0,  0,  0,  0,  0,  0,  0,  0,  0,  0,  0,  0,  0, ],
[ 0,  0,  0,  0,  0,  0,  0,  0,  0,  0,  0,  0,  2,  0,  0,  0, 11,  0,  0,  0,  0,  0,  0,  8, ],
[ 0,  0, 14,  0,  0,  0,  0,  0,  0,  0,  0,  7,  0,  4,  0,  0,  0,  0,  0,  0,  0,  0,  0,  0, ],
[ 0,  0,  0,  0,  0, 10,  0,  7,  0,  0,  0, 14,  0,  0,  0,  0,  0,  0,  0,  0,  0,  0,  0,  0, ],
[ 4,  0,  0,  0,  0,  5,  0,  0,  0,  0,  0,  0,  0,  0,  0,  0,  0, 10,  0,  0,  0,  0,  0,  0, ],
[ 0,  0,  6,  0,  0,  0,  0,  0,  0,  0,  0,  0,  0,  0,  0,  0,  0,  0,  0,  0,  0,  8,  0,  0, ],
[ 0,  0,  0,  0,  0,  0,  0,  0,  0,  0,  0,  0,  0,  0,  2,  0,  4,  0,  0,  0,  3,  0,  0,  0, ],
[ 0,  0, 13,  0,  1,  0,  0,  0,  0,  0,  0,  0,  0,  0,  0,  0,  0,  0,  0,  0,  0,  0,  0,  0, ],
[ 0,  0,  0,  0,  0,  0,  0,  0,  0,  0,  3,  0,  0,  0,  0,  0,  0,  2, 12,  0,  0,  0,  0,  0, ],
[ 0,  0,  0,  0,  0,  0,  0,  0,  0,  0,  0,  0,  0,  0,  0,  0,  0,  0,  0,  0,  0,  0,  0,  0, ],
[ 0,  0,  0,  0,  0,  0,  0,  0,  0,  0,  0,  0,  0,  0,  0,  2,  0,  0,  0,  0,  0,  0,  9,  0, ],
[ 0,  4,  0,  0,  0,  0, 14,  0,  0,  0,  0, 14,  5,  0,  0,  9,  0,  0, 14,  0,  0,  0,  0,  0, ],
[ 0,  0,  0,  0,  0,  0,  0,  0,  0,  0,  0,  0,  0,  0,  0,  0,  0,  0,  0,  0,  0,  0,  0,  0, ],
[ 0,  0,  0,  0,  0,  0,  0,  0,  0,  0,  0,  0,  0,  0,  0,  0,  0,  0,  0,  0,  0,  0,  0,  0, ],
[ 0,  0,  0,  0,  0,  0,  0,  0,  0,  0,  0,  0,  0,  0,  0,  0,  0,  0,  0,  0,  0,  0,  0,  0, ],
[ 0,  0,  0,  0,  0,  0,  0,  0,  0,  0,  0,  0,  0,  6,  0,  0,  0,  0,  0,  0,  0,  0,  0,  0, ],
[ 0,  9,  0,  0,  0,  7,  0,  0,  0,  0, 13,  0,  0,  0,  0,  0,  0,  0,  0,  0,  0,  0,  0,  7, ],
[ 0,  0,  0,  5,  0,  0,  0,  0,  7,  0,  0,  0,  0,  0,  0,  7,  0,  0,  0,  0,  0,  0,  0,  0, ],
[ 0,  0,  0, 13,  0,  0,  0,  0,  0,  0,  3,  0,  0,  0,  0,  0,  0,  0,  0,  0,  0,  0,  0,  0, ],
[ 0,  0,  0,  0,  0,  0,  0,  0,  0,  0, 14,  0,  0,  0,  0,  0,  0,  0,  9,  0,  0,  0,  0,  3, ],
[ 0,  0,  0,  0,  0,  0,  0,  0,  0,  0,  0,  0, 11,  0,  0,  0,  0,  0,  0, 12,  0,  0,  0,  0, ],
[ 0,  0,  0,  0,  0,  0,  0,  0,  2,  0,  0,  0,  8,  6,  0,  0,  7,  0,  0,  0,  0,  0,  0,  0, ],
[ 0,  0,  0,  0,  0,  0,  0,  0,  0,  1,  0,  1,  0,  0,  0,  0,  0,  7,  0,  0,  4,  0,  0,  0, ],
[ 0,  0,  0,  0,  0,  0,  0,  0,  0,  0,  0,  0,  0,  0,  0,  0,  0,  0,  0,  0,  0,  0,  6, 14, ],
[ 0,  0,  0,  0,  1,  0,  0, 10,  0,  0,  0,  0,  2,  0,  0,  0,  3,  0,  0, 11,  0,  0,  0,  0, ],
[ 0,  0,  0,  0,  0,  0,  0,  0,  0,  0,  0,  0,  0,  0,  0,  0,  0,  0,  0,  0,  0,  0,  0,  0, ],
[ 0,  0,  0,  0,  0,  0,  0,  0, 12,  0,  0,  9,  0,  0,  0,  0,  0,  0,  0,  0,  0,  1,  0,  0, ],
[ 0,  0,  0,  0,  0,  0,  0,  0,  0,  0,  0,  0,  1,  0,  0,  0,  0,  0,  2,  0,  0,  0,  0,  0, ],
[ 0,  8,  0,  0,  0,  0, 10,  0,  8,  0,  0,  0,  0,  0,  0,  0,  0,  0,  0,  0,  1,  0,  0,  0, ],
[ 8, 10,  0,  0,  0,  0,  0,  0,  0,  0,  0,  8, 14,  0,  0,  0,  0,  0,  0,  0,  0,  0,  0,  0, ],
[14,  0,  0,  0,  3,  7,  2,  0,  0,  0,  0,  0, 10,  0,  0,  0,  0,  0,  0,  4,  4,  0,  0,  3, ],
[ 0,  0,  5,  0,  6,  0,  0,  0,  0,  0, 13,  0,  0,  0,  0,  0,  0,  0,  0,  0,  5,  0,  0,  0, ],
[ 0,  0,  0,  0,  0,  0, 14,  0,  0,  0,  0,  0,  0,  0,  0,  0,  0,  0,  0,  0,  0,  0,  0,  0, ],
[ 0,  0,  0,  0,  0,  0,  0,  0,  0,  0,  0,  7,  0,  0,  4,  0,  0,  0,  0,  0,  0,  0,  0,  6, ],
[ 0,  0,  0,  3,  0,  0,  0,  0,  0,  5,  0,  0,  0,  0,  0,  0,  0,  0,  0,  0,  0,  0,  0,  0, ],
[ 0, 13,  0,  0,  0,  0,  0,  0,  0,  0,  0,  0,  0,  0,  0,  0,  0,  0,  0,  0,  0,  0,  0,  0, ],
[ 0,  0,  0,  9,  0,  0,  0,  0,  0,  0,  0, 12,  0,  0,  0,  0,  0,  0,  0,  0,  0,  0,  5,  0, ],
[ 0,  0,  0,  0,  0,  0,  0,  0,  0,  0,  0,  0,  0,  0,  0,  0,  0,  0,  0,  0,  0,  0,  0,  0, ],
[ 0,  0,  0,  0,  0,  8,  0,  2,  0,  0,  0,  0,  0,  0,  0,  4,  0,  0,  0,  0,  0,  0,  0,  3, ],
[ 0,  0,  0,  0,  0,  0,  0,  0,  0,  0,  0,  0,  0, 14,  5,  0,  0,  0,  0,  9, 12,  0,  5,  0, ],
[ 0,  0,  0,  0,  0,  0,  0,  6,  0,  0, 11,  0,  0,  0,  0, 11,  7,  0,  0,  0,  0,  0, 14,  0, ],
[ 0,  0,  0,  0,  0,  0,  0,  0,  0,  0,  0,  0,  0,  0,  0,  0,  0,  0,  0,  0,  0,  0,  0,  0, ],
[ 0,  0,  0,  0,  0,  0,  0,  0,  0,  0,  0,  0,  0,  0,  0,  0,  0,  0,  0,  8,  0,  0,  0,  0, ],
[ 0,  0,  0,  0,  0,  0,  0, 11,  0,  0,  0,  0,  6,  0,  5,  0,  0,  0,  0,  0,  0,  0,  0,  0, ],
[ 0,  0, 13,  0,  0,  0,  0,  7,  0,  0,  0,  0,  0,  4,  0,  0,  8, 12,  0,  0,  0,  0,  2,  0, ],
[ 0,  0,  0,  0,  1,  0,  0,  0,  0,  0,  0,  0,  0,  0,  0,  0,  0,  0,  0,  0,  0,  0,  0,  0, ],
[ 1,  0,  0,  0,  0,  0,  0,  5,  0,  0,  0,  5,  6,  0,  0,  0,  0,  0,  0,  0,  0,  0,  0,  0, ],
[ 9, 11,  0,  0,  0,  0,  0,  0,  0,  0,  0,  0,  0,  0,  0,  0,  0,  0,  0,  0,  0,  0,  0,  0, ],
[ 0,  0,  0,  0,  0,  0,  0,  0,  0,  0,  0,  0,  0,  0,  0,  0,  0,  0,  0, 14,  0,  0,  0,  0, ],
[ 0,  6,  0,  0,  0,  0,  0,  0,  0, 12,  0,  0,  0,  0,  0,  0,  0,  0,  0,  3,  0,  0,  0,  0, ],
[ 0,  5,  0,  0,  0,  0,  0,  0,  0,  0,  0,  0,  0,  0,  0,  0,  0,  0,  0,  0,  0,  0,  0,  0, ],
[ 0,  0,  0,  0,  0,  0,  0,  0,  0,  0,  0,  0,  0,  0,  0,  0,  0,  0,  0,  0,  0,  0,  0,  0, ],


[1.0000, -1.0000, ],
[-0.2348, -0.8781, ],
[0.0489, -0.3314, ],
[-0.1189, 0.1295, ],
[0.7213, 1.0000, ],
[0.8362, -0.0777, ],
[-0.5744, 0.3886, ],
[0.1422, 0.1152, ],
[-0.0878, -0.4946, ],
[-0.6482, 0.3232, ],
[0.4925, -0.0858, ],
[0.4374, -0.5628, ],
[-0.6058, -0.7566, ],
[0.4871, 0.1378, ],
[0.1122, 0.5290, ],
[-0.7231, 0.0519, ],
[-0.5290, -0.7492, ],
[-0.0092, 1.0000, ],
[0.1775, 0.2250, ],
[-0.2493, -0.7155, ],
[0.7917, 0.0587, ],
[0.3044, 0.2562, ],
[0.5869, 0.2606, ],
[-1.0000, -0.8546, ],
[0.8187, -0.5019, ],
[-0.3196, -0.1195, ],
[-1.0000, -0.4210, ],
[0.0107, -0.4795, ],
[0.6177, 0.3750, ],
[-0.3477, -0.6673, ],
[-0.6575, 0.3850, ],
[0.0711, 0.6615, ],
[0.7166, -0.2655, ],
[0.4077, 0.6102, ],
[0.2458, -0.1515, ],
[-0.4585, 0.3075, ],
[0.5495, -0.0134, ],
[-0.3059, -0.3138, ],
[1.0000, 0.9702, ],
[0.7824, 0.4306, ],
[0.5101, -1.0000, ],
[0.0274, 0.1772, ],
[0.4068, 0.4169, ],
[0.3249, -0.6628, ],
[0.0881, 0.0089, ],
[0.0838, 0.7505, ],
[0.1755, -0.2113, ],
[-0.3078, -0.6199, ],
[-0.6078, -0.5806, ],
[0.7845, 0.7718, ],
[0.4294, -0.1825, ],
[0.1579, -0.4440, ],
[0.1344, -0.7746, ],
[-0.4417, -0.6759, ],
[-0.1668, 0.6277, ],
[0.5078, -0.4130, ],
[0.5125, -0.0744, ],
[-0.9817, 0.2034, ],
[-0.8732, 0.5062, ],
[0.0709, -0.1990, ],
[0.6651, 0.3995, ],
[-0.7639, 0.2344, ],
[-0.7282, -0.0503, ],
[0.2529, 0.2120, ],
[1.0000, 0.9503, ],
[0.6674, 0.2840, ],
[0.4206, 0.8956, ],
[0.1689, -0.5254, ],
[-0.0638, 0.2850, ],
[0.7419, -0.2957, ],
[1.0000, 0.2179, ],
[0.0586, 0.3323, ],
[-0.3139, 0.3311, ],
[-0.2030, -0.4566, ],
[-0.8542, 0.7761, ],
[-0.9115, -0.3340, ],
[0.8727, -0.4425, ],
[0.1490, 0.0425, ],
[0.2186, 0.1041, ],
[-0.6510, -0.2924, ],
[-0.3642, -0.9209, ],
[0.0959, 0.5984, ],
[-0.0887, 0.9234, ],
[-0.6013, 0.7126, ],
[-0.2868, 0.1979, ],
[-0.4183, -0.3963, ],
[0.1684, 0.4592, ],
[0.6849, 0.4746, ],
[0.6264, -0.6787, ],
[-0.5044, -0.9493, ],
[-0.4534, -0.1772, ],
[-0.0376, 0.7819, ],
[0.0519, 0.6049, ],
[0.3639, 0.2818, ],
[-0.3872, -1.0000, ],
[-0.3817, -0.2243, ],
[-0.9118, 0.1061, ],
[-0.0658, -0.5311, ],
[0.6947, 0.5375, ],
[0.4973, 0.8406, ],


[9.0000, ],
[3.0000, ],
[4.0000, ],
[2.0000, ],
[14.0000, ],
[0.0000, ],
[7.0000, ],
[7.0000, ],
[17.0000, ],
[14.0000, ],
[0.0000, ],
[1.0000, ],
[0.0000, ],
[11.0000, ],
[12.0000, ],
[5.0000, ],
[5.0000, ],
[20.0000, ],
[5.0000, ],
[0.0000, ],
[3.0000, ],
[1.0000, ],
[4.0000, ],
[8.0000, ],
[3.0000, ],
[16.0000, ],
[6.0000, ],
[16.0000, ],
[3.0000, ],
[8.0000, ],
[4.0000, ],
[4.0000, ],
[5.0000, ],
[16.0000, ],
[6.0000, ],
[5.0000, ],
[7.0000, ],
[10.0000, ],
[3.0000, ],
[8.0000, ],
[5.0000, ],
[8.0000, ],
[3.0000, ],
[2.0000, ],
[6.0000, ],
[9.0000, ],
[0.0000, ],
[3.0000, ],
[7.0000, ],
[8.0000, ],
[9.0000, ],
[11.0000, ],
[8.0000, ],
[6.0000, ],
[5.0000, ],
[5.0000, ],
[7.0000, ],
[0.0000, ],
[4.0000, ],
[19.0000, ],
[0.0000, ],
[0.0000, ],
[0.0000, ],
[3.0000, ],
[13.0000, ],
[8.0000, ],
[6.0000, ],
[9.0000, ],
[8.0000, ],
[10.0000, ],
[7.0000, ],
[7.0000, ],
[12.0000, ],
[0.0000, ],
[8.0000, ],
[2.0000, ],
[11.0000, ],
[14.0000, ],
[20.0000, ],
[11.0000, ],
[4.0000, ],
[8.0000, ],
[4.0000, ],
[4.0000, ],
[9.0000, ],
[0.0000, ],
[8.0000, ],
[15.0000, ],
[18.0000, ],
[0.0000, ],
[3.0000, ],
[9.0000, ],
[17.0000, ],
[1.0000, ],
[8.0000, ],
[7.0000, ],
[4.0000, ],
[9.0000, ],
[2.0000, ],
[0.0000, ],


