[ 0,  0,  0,  0,  1,  0,  0,  0,  2,  0,  0,  0,  2,  0, 14,  0,  0,  0,  0,  0,  0,  0,  0,  0, ],
[ 0,  0,  0,  0,  0,  0,  0,  0,  0,  0,  0,  0,  0,  0,  0,  0,  0,  0, 13,  0,  0,  0,  0,  0, ],
[ 0, 14,  0,  0,  0,  0,  0,  0,  0,  0,  0,  0,  0,  0,  0,  0,  0,  0,  0,  0,  0,  0,  0,  0, ],
[ 0,  0,  0,  0,  0,  0,  0,  0,  0,  0,  0,  0,  0,  0,  0,  0,  0,  0,  0,  0,  0,  0,  0,  0, ],
[ 0,  0,  0,  0,  0,  0,  7,  0,  0,  0,  0,  0,  0,  0,  2,  0,  0,  0,  1,  0,  0,  0,  0,  0, ],
[ 0,  0,  0,  0,  0,  0,  0,  0,  6,  0,  0,  0,  9,  0,  0,  6, 14,  0,  0,  0,  0,  0,  0,  0, ],
[ 0,  0,  0,  0,  0,  0,  0,  0,  0,  0,  0,  0,  0,  0,  0,  0,  0,  0,  0,  0,  0,  0,  0,  0, ],
[ 0,  0,  0,  0,  0,  0,  0,  0,  0,  0,  0,  0,  0,  0,  0,  0,  0,  0,  0,  0,  0,  0, 10,  0, ],
[ 0,  0,  0,  0,  0,  0,  0,  0,  4,  0,  0,  0,  0,  0,  0,  0,  0,  0,  0,  0,  0,  0,  0,  0, ],
[ 0,  2,  0,  0,  6,  0,  0,  0,  0,  0,  0,  0,  0,  0,  0,  0,  0,  0,  0,  0,  0,  0,  0,  0, ],
[ 0,  0,  0,  0,  0,  0,  0,  0,  0,  0,  0,  0,  0,  0,  0,  0,  0,  0,  0,  0,  0,  0,  0,  9, ],
[ 0,  0,  0,  0,  0,  0,  0,  0,  0,  0,  0,  0,  0,  2,  0,  0,  0,  0,  0,  0,  0,  0,  0,  1, ],
[ 0,  0,  0,  0,  0,  0,  0,  0,  0,  0,  0,  0,  0,  0,  0,  0,  0,  0, 11,  0,  0,  0,  0,  0, ],
[ 2,  0,  0,  0,  0,  0,  0,  0,  0,  0,  0,  0,  0,  0,  0,  0,  7,  0,  0,  0,  0,  0,  0,  0, ],
[ 0,  0,  0,  0,  0,  0,  0,  0,  0,  0,  0,  0,  0,  0,  0,  0,  0,  8,  0,  0,  0,  0,  2,  1, ],
[ 0,  0,  0,  0,  0,  0,  0,  0,  0,  0,  0,  0,  0,  0,  0,  0,  0,  0,  0,  0,  0,  0,  0,  0, ],
[ 0,  0,  0,  0,  0,  0,  0,  0,  0,  6,  0,  0,  0,  0,  0,  0,  0,  0,  0,  0,  0,  0,  0,  8, ],
[ 0,  0,  0,  0,  0,  0,  0,  0,  0,  0,  2,  0, 14,  0,  0,  0,  0,  0,  0,  0,  0,  0,  0,  0, ],
[ 0,  0,  0,  4,  6,  0,  0,  0,  0,  0,  0,  0,  0,  0,  0,  0,  0,  3,  0,  0,  0,  0,  0,  0, ],
[14,  0,  0,  9,  0,  0,  0,  0, 12,  0,  0,  0,  0,  0,  0,  0,  0,  0,  0,  8,  0,  0,  0,  0, ],
[ 0,  0,  0,  0,  0,  0,  0,  0,  0,  0,  0,  0,  0,  0,  1,  0,  0,  0,  4,  0,  0,  0,  0,  0, ],
[ 0,  0,  0,  0,  0,  0,  0,  0,  0,  0,  0,  0,  0,  8,  0,  2,  0, 10,  0,  0,  0,  0,  0,  0, ],
[ 7,  0,  0,  0,  0,  0,  0,  0,  0,  0,  0,  0,  0,  0,  0,  0,  0,  0,  0,  0,  2,  0,  0,  0, ],
[ 0,  0,  0,  3,  0,  0,  0,  0,  0,  0,  0,  0,  0,  0,  5,  0,  0,  7,  0,  0,  0,  0,  0,  0, ],
[ 0,  0,  0,  0,  0,  0,  0,  1,  0,  0,  0,  0,  0,  0,  0,  0,  0,  0,  0,  0,  0,  0,  0,  9, ],
[ 0,  0,  0,  0,  0,  0,  0,  0,  0,  0,  0,  0,  0,  0,  1,  0,  0,  0,  0,  0,  0,  0,  0,  0, ],
[ 0,  0,  0,  0,  0,  0,  0,  0,  0,  0,  0,  0,  0,  0,  0,  0,  0,  1,  0,  0,  0,  0,  0,  0, ],
[ 0,  0,  0,  0,  0,  0,  0,  0,  0,  0,  0,  0,  0,  0,  0,  0,  0,  0,  0,  0,  0, 10,  0,  0, ],
[ 0,  0,  0,  0,  0,  0,  0,  0,  0,  0,  0,  0,  0,  0,  0,  0,  0,  0,  0,  0,  0,  0,  0,  0, ],
[ 0,  0,  0,  6,  0,  0,  0,  0,  7,  0,  0,  0,  0,  0,  0,  0,  0,  0,  0,  0,  7,  0,  0,  0, ],
[ 0,  0,  0,  0, 13,  0,  0,  0,  0,  0,  0,  0, 10,  0,  0,  0,  0,  0, 14,  0,  1,  0,  0,  2, ],
[ 0, 13,  0,  0,  0,  0,  0,  0,  0,  0,  0,  0,  0,  6,  0,  0,  0,  0,  0,  0,  0,  0,  4,  0, ],
[ 0, 11,  0,  0,  0,  0,  0,  0,  0,  0,  0,  0,  0,  0,  0,  0,  0,  0,  0,  0,  0,  0,  0,  0, ],
[ 0,  6, 13,  0,  0, 13,  0,  0,  0,  0, 10,  0,  0,  0,  0,  0,  0,  0,  0,  0,  0,  0,  0,  0, ],
[ 8,  0,  0,  0,  0,  0,  0,  0,  0,  0,  0,  0,  0,  0,  0,  0,  0,  0,  0,  0,  0,  0,  0,  0, ],
[ 0,  0,  0,  0,  0,  0,  0,  0,  0,  0,  0,  2,  0,  0,  0,  0,  0,  0,  3,  0,  0,  0,  0,  0, ],
[ 0,  0, 14,  0,  4,  0,  0,  0,  0,  0,  0,  0,  0,  0,  0,  0,  0,  0,  2,  0,  0,  0,  0,  0, ],
[11,  0,  0,  0,  0,  0,  0,  0,  0,  0,  0,  0,  0,  0,  0,  0,  0,  0,  0,  0,  0,  8,  0,  0, ],
[ 0,  0,  0,  0,  0,  0,  8,  0,  0,  0,  0,  0,  0, 10,  6,  0,  0,  0,  0,  3,  0,  0,  0,  0, ],
[ 0,  0,  0,  0,  0,  0,  0,  0,  0, 11,  0,  0,  0,  0,  0,  7,  0,  0,  5,  0,  0,  0,  0,  0, ],
[ 0,  0,  0,  0,  0,  0,  0,  0,  0,  0,  0,  0,  0,  0,  0,  0,  0,  0,  0,  5,  0,  0,  0,  0, ],
[ 0,  0,  0,  0,  0,  0,  0,  0,  0,  0,  0,  0,  0,  0,  0,  0, 13,  0,  0,  0,  0,  0,  0,  4, ],
[ 0,  4,  0,  0,  0,  0,  0,  0,  0,  0,  0,  0,  2,  0,  0,  0,  1,  0,  0,  0,  0,  0,  0,  0, ],
[ 0,  3,  0,  0,  0,  2,  0,  0,  0,  0,  3,  0,  0,  0,  0,  0,  0,  0,  0,  0,  0,  0,  0, 14, ],
[ 0,  0,  0,  0,  1,  0,  0,  0,  0,  0,  0,  0,  0,  3,  0,  0,  8,  0,  0,  0,  0,  0,  0,  0, ],
[ 0,  0,  0, 11,  0,  0,  0,  0,  0,  0,  0,  0,  0,  0,  0,  0,  0,  1,  0,  6,  0,  0,  0,  0, ],
[ 0,  0,  0,  0,  0,  0,  0,  0,  0,  0,  0,  0,  0,  0,  0,  0,  0,  0,  7,  0,  3,  0,  8,  0, ],
[ 0,  0,  0,  0,  0,  0,  0,  0,  0,  0,  0,  0,  0,  0,  0,  0,  0,  0,  0,  0,  0,  0,  2,  0, ],
[ 0,  0,  0,  0,  4,  0, 13,  0,  0,  0,  0,  0, 14,  0,  0,  0,  0,  0,  0,  0,  0,  0,  0,  0, ],
[ 0,  0,  0,  0,  0,  0,  0,  0,  0,  0,  0,  0,  0,  0,  0,  0,  0,  0,  5,  0,  0,  0,  0,  0, ],
[ 0,  0,  0, 12,  0,  0,  0,  8,  0,  0,  0,  0,  0,  0,  0,  0,  0,  0,  0,  0,  0,  0,  0,  0, ],
[ 0,  0,  0,  0,  4,  0,  0,  0,  0,  4,  0,  0,  9,  0,  0,  0,  0,  0,  0,  0,  0,  0,  0,  0, ],
[ 0, 12,  0,  0,  0,  0,  0,  0,  0,  0,  0,  0,  0,  0,  0,  0,  0,  0,  0,  7,  0,  9, 12,  0, ],
[ 0,  0,  0,  0,  3,  0,  0,  0,  0, 13,  0,  0,  0,  0,  0,  0,  0,  0,  0,  0,  0,  0,  0,  0, ],
[ 0,  0,  0,  0,  0,  0, 12,  0,  0,  0,  0,  0, 11,  0,  0,  0,  0,  0,  0,  0,  0,  6,  0,  0, ],
[ 0,  0,  0,  0,  0,  0,  0,  0,  0,  0,  0,  3,  0,  0,  0,  0,  0,  0,  0,  0,  0,  0,  0,  0, ],
[ 0,  0,  0,  0,  0,  0,  0,  8,  0,  0,  0,  0,  0,  0,  0,  0,  0,  0,  0,  0,  0,  0,  0,  0, ],
[ 0,  0,  0,  0,  7,  0,  0,  0,  0,  0,  0,  0,  0,  7,  0,  0,  0,  0,  0,  0,  0,  0,  0,  0, ],
[ 0,  0,  0,  0,  0,  0,  0,  0,  0,  0,  0,  0,  0,  0,  0,  0,  6,  0,  0,  0,  0,  0,  0,  0, ],
[ 0,  0,  0,  0,  0,  0,  0,  0,  0,  0,  0,  0,  0,  0,  0,  0,  0,  0,  0,  0,  0,  9,  0,  0, ],
[ 0,  0,  0,  0,  0,  0,  0,  0,  0,  0,  0,  0,  0,  0,  0,  0,  0,  0,  0,  0,  0,  0,  0,  0, ],
[ 8,  6,  4, 11,  0,  0,  0,  0,  0,  0,  6,  0,  2,  0,  0,  0,  6,  0,  0,  0,  0,  0,  0,  0, ],
[ 0,  0,  0,  0,  0,  0,  0,  0,  0,  0,  0,  0,  0,  0,  0,  0,  0,  0,  0,  0,  6,  0,  0,  0, ],
[ 0,  0,  0,  0,  0, 14,  0, 11,  0,  0,  0,  0,  0,  4,  0,  0,  0,  0,  0,  0,  0,  9,  0,  0, ],
[ 0,  0,  0,  0,  0,  0,  0, 10,  0,  0,  0,  0,  0, 14,  0,  0,  0,  0, 10,  0,  0,  0,  0,  0, ],
[ 0,  0,  0,  0,  0,  0,  0,  0,  0,  0,  0,  0,  0,  0,  0,  0,  0,  0,  0,  0,  0,  0,  0,  0, ],
[ 0,  0,  0,  0,  0,  0,  0,  0,  0,  0,  0,  0,  0,  0,  0,  0,  9,  0,  0,  0,  0,  2,  0, 10, ],
[ 0,  0,  0,  0,  0,  0,  0,  0,  0, 14,  0,  0,  0,  0,  0,  0,  0,  0,  0,  0,  0,  0,  0,  0, ],
[ 0,  0,  0,  2,  0,  0,  0,  0,  0,  0,  0,  0,  0,  0,  0,  1,  0,  0,  0,  0,  0,  0,  0,  0, ],
[ 0,  0,  0,  0,  0,  0,  0,  8,  0,  0,  0,  2,  0,  0,  0,  0,  0,  8,  0,  0,  6,  0,  0,  0, ],
[ 0,  0,  0,  0,  0,  0,  0,  0,  0,  0,  0,  0,  0,  0,  0,  0,  0,  0,  0,  0,  0,  0,  0,  0, ],
[ 0,  0,  0,  0,  0,  0,  0,  0,  0,  0, 11,  0,  0,  5,  0,  8,  0,  0,  0,  0,  0,  0, 10,  0, ],
[ 0,  0,  7,  0,  0,  0,  0,  0,  0,  0,  0,  9,  0,  0,  0,  0,  0,  0,  0,  0,  0,  0,  0,  0, ],
[ 0,  0,  0,  0,  0,  5,  0, 13,  0,  0,  0,  0,  0,  0,  0,  0,  0,  0,  0,  8,  0,  0,  0,  0, ],
[ 0,  0,  0,  0,  0,  0,  0,  0,  0,  0,  0,  0,  0,  2,  0,  0,  6,  0,  0,  0,  0,  0, 13,  0, ],
[ 0,  0,  6,  0,  0,  0,  0, 10,  0,  0,  4,  0,  0, 13,  0,  0,  0,  0,  0,  7,  0,  0,  0,  0, ],
[10,  0,  0,  0,  0,  9,  0,  0,  0,  0,  0,  0,  0,  0,  0,  0,  0,  0,  0,  0,  0,  0,  0,  0, ],
[ 0,  0,  0,  0,  0,  0,  0,  0,  0,  0,  0,  0,  0,  2,  0,  0,  0,  0,  0,  2,  0,  5,  0,  0, ],
[ 0,  0,  0,  0,  0,  0,  0,  0,  0,  0,  0,  0,  0,  0,  0,  0,  0,  0,  0,  0,  0,  0,  0,  0, ],
[ 0,  0,  0,  1,  0,  0,  0,  0,  0,  0,  0,  0,  0,  0, 14,  0,  0,  0,  0,  0,  7,  0,  0,  0, ],
[ 0,  0,  0,  0,  0,  0,  0,  0,  9,  0,  0,  0,  0,  0,  0,  0,  0,  0,  0,  0,  0, 13,  0,  0, ],
[ 0,  0,  0,  0,  0,  0,  0,  0,  0,  0,  0,  0,  0,  0,  2,  0,  0,  0,  0,  0,  0,  0,  0,  0, ],
[ 0,  0,  0,  0,  0,  0,  0,  0,  0,  0,  0,  0,  0,  5,  0,  0,  0,  0,  0,  0,  0,  0,  0,  0, ],
[ 0,  0,  0,  0,  9,  0,  9,  0,  0,  5,  7,  0,  0,  0,  0,  0,  0,  0,  0,  0,  0,  0,  0,  0, ],
[14,  0,  0,  0,  0,  0,  0,  2,  0,  2,  0,  0,  0,  0,  0,  0,  0,  0,  0,  0,  0,  0,  0,  1, ],
[ 0,  0,  2,  0,  5,  0,  0,  0,  0,  0,  0,  4,  0,  0,  0,  0,  0,  0,  7,  0,  0,  0,  0, 10, ],
[ 0,  0,  0,  0,  0,  3,  0,  0,  4,  0,  0,  0,  0,  0,  0,  0,  0,  0,  0,  0,  0,  0,  0,  0, ],
[ 0,  0,  0,  0,  0,  0,  0, 10,  0,  0,  0,  0,  0,  0,  0,  0,  0,  0,  0,  0,  8,  0,  9,  0, ],
[ 0,  0,  0,  0,  0,  0,  0,  0,  0,  0,  0,  0,  0,  0,  0,  0,  0,  0,  0,  0,  0,  0,  0,  0, ],
[ 0,  0,  0,  0,  0,  0,  0,  7,  0,  5,  0,  0,  0, 11,  0,  0,  0,  0,  0,  6,  0,  0,  0,  0, ],
[ 0,  0,  0,  0,  8,  0,  0, 11,  0,  0,  0,  0,  0,  0,  0,  0,  0,  0,  0,  0,  0,  0,  0,  0, ],
[ 0,  0,  0,  2,  0,  0,  0,  0, 11,  0,  0,  0,  9,  0,  0,  0,  0,  0,  0,  0,  0,  0,  0,  0, ],
[ 0, 12,  0,  0,  0,  0,  0,  0,  0,  0,  0,  0,  0,  0,  0,  0,  0,  3,  0,  0,  0,  0,  4,  0, ],
[ 2,  0,  0,  0,  0,  0,  0,  0,  0,  0,  0,  0,  0,  0,  1,  0,  0,  2,  0,  0, 13,  9,  0,  5, ],
[ 0,  0,  0,  0,  0, 12,  0,  0,  2,  0,  0,  0,  0,  0,  0,  0, 14,  0,  0,  0,  0,  0,  8,  0, ],
[ 0,  0,  0,  0,  0,  0,  0,  0,  0,  0,  0,  0,  0,  0,  0,  0,  0,  0,  0,  0,  0,  0,  0,  0, ],
[ 0,  0,  0,  0, 11,  0,  0,  0,  0,  0,  0,  0,  0,  0,  0,  0,  0,  0,  5,  0,  0,  0,  0,  0, ],
[ 0,  0,  0,  0,  0,  0,  0,  0,  0,  0,  0,  0,  0,  0,  0,  0,  0,  0,  0, 10,  0,  0,  0,  0, ],
[13,  0,  0,  0,  0,  0,  0,  0,  0,  0,  0,  0,  0, 14,  7,  0,  0,  0,  0, 11,  0,  0,  0,  6, ],
[11,  0,  0,  0,  0,  0,  0, 13,  0,  0,  0,  0,  0,  0,  0,  0, 14,  0,  0,  0,  0,  0,  5,  0, ],


[-0.0074, -0.8982, ],
[0.0717, 0.2034, ],
[0.6252, 0.1378, ],
[-0.9974, 1.0000, ],
[0.4590, -0.5010, ],
[0.0997, 0.6360, ],
[-0.0510, 0.4558, ],
[0.1909, 0.4714, ],
[-0.3752, -0.7958, ],
[0.6810, -0.9048, ],
[0.4012, 0.6420, ],
[-0.8946, -0.3351, ],
[-0.1463, 0.4482, ],
[0.2907, 0.9025, ],
[-1.0000, -0.5937, ],
[-0.1367, 0.2859, ],
[-0.5921, 0.9681, ],
[0.5803, -0.4714, ],
[0.8037, 0.6015, ],
[-0.1452, 0.2205, ],
[-0.6440, 0.2172, ],
[1.0000, -0.2752, ],
[-0.3713, 0.2920, ],
[0.8467, -0.9121, ],
[-0.5464, -0.3634, ],
[-0.9846, -0.2015, ],
[-0.2422, 0.4386, ],
[-0.4208, 0.0949, ],
[-0.5132, 0.4143, ],
[-0.4728, 0.7001, ],
[-0.2008, 1.0000, ],
[0.6428, 0.5752, ],
[0.1321, -0.9175, ],
[-0.3372, -0.5535, ],
[-0.6444, 0.3763, ],
[-0.6525, -0.1510, ],
[-0.5962, -0.1753, ],
[0.2642, 0.6653, ],
[-0.0091, 0.9408, ],
[-0.9920, 0.4558, ],
[-0.0777, 0.6330, ],
[0.8405, 1.0000, ],
[0.0528, 0.0133, ],
[0.0161, -0.7552, ],
[-0.7570, -0.8089, ],
[0.4777, 0.8074, ],
[-0.5538, 0.3653, ],
[-0.2130, -0.4691, ],
[-0.5592, 0.6816, ],
[0.6198, -0.1274, ],
[0.4539, -0.7971, ],
[0.5139, -0.6039, ],
[-0.6777, -0.0811, ],
[0.1635, 0.8671, ],
[0.8885, -0.4826, ],
[-0.3338, 0.3849, ],
[-0.8955, -0.4729, ],
[-0.5783, 0.2978, ],
[0.8555, 0.1099, ],
[0.4787, -0.1991, ],
[0.9551, -0.0708, ],
[-0.5625, 0.0731, ],
[-0.3475, 0.9199, ],
[-0.9525, -0.4147, ],
[-0.0115, -0.3637, ],
[-0.3192, -0.0199, ],
[-0.4270, -0.1672, ],
[-0.7521, 0.3591, ],
[0.1643, -0.6783, ],
[-0.0676, -0.3112, ],
[0.7189, 0.1186, ],
[-1.0000, -0.2877, ],
[0.7380, -0.1235, ],
[-0.8966, 0.7028, ],
[0.5448, -0.9581, ],
[0.1420, 0.9600, ],
[0.9045, 0.8675, ],
[-0.0678, 0.2367, ],
[-0.2601, 0.2579, ],
[0.8157, 0.2306, ],
[0.8467, -0.7887, ],
[0.7983, -0.7337, ],
[0.4230, -0.3489, ],
[0.9781, -0.0978, ],
[0.7954, 0.6277, ],
[0.6677, -0.5785, ],
[0.1518, -0.2095, ],
[-0.9361, -0.7912, ],
[0.8464, -0.0449, ],
[0.8527, -0.2706, ],
[-0.5126, 0.1990, ],
[-0.9376, 0.1404, ],
[-0.3367, 0.4609, ],
[1.0000, -0.7764, ],
[-0.3531, -0.0337, ],
[0.6193, -0.7898, ],
[-0.2445, 0.2209, ],
[0.5076, 0.0081, ],
[-0.4836, -0.5923, ],
[-0.9335, 0.2814, ],


[7.0000, ],
[4.0000, ],
[4.0000, ],
[0.0000, ],
[5.0000, ],
[13.0000, ],
[0.0000, ],
[4.0000, ],
[2.0000, ],
[4.0000, ],
[3.0000, ],
[2.0000, ],
[4.0000, ],
[4.0000, ],
[5.0000, ],
[0.0000, ],
[6.0000, ],
[5.0000, ],
[7.0000, ],
[14.0000, ],
[3.0000, ],
[8.0000, ],
[4.0000, ],
[7.0000, ],
[4.0000, ],
[1.0000, ],
[1.0000, ],
[4.0000, ],
[0.0000, ],
[9.0000, ],
[14.0000, ],
[9.0000, ],
[4.0000, ],
[15.0000, ],
[3.0000, ],
[3.0000, ],
[7.0000, ],
[7.0000, ],
[12.0000, ],
[9.0000, ],
[2.0000, ],
[6.0000, ],
[4.0000, ],
[9.0000, ],
[6.0000, ],
[8.0000, ],
[8.0000, ],
[1.0000, ],
[10.0000, ],
[2.0000, ],
[7.0000, ],
[7.0000, ],
[14.0000, ],
[6.0000, ],
[11.0000, ],
[2.0000, ],
[3.0000, ],
[6.0000, ],
[3.0000, ],
[3.0000, ],
[0.0000, ],
[19.0000, ],
[3.0000, ],
[13.0000, ],
[12.0000, ],
[0.0000, ],
[8.0000, ],
[4.0000, ],
[2.0000, ],
[10.0000, ],
[0.0000, ],
[13.0000, ],
[6.0000, ],
[9.0000, ],
[8.0000, ],
[16.0000, ],
[7.0000, ],
[4.0000, ],
[0.0000, ],
[8.0000, ],
[7.0000, ],
[1.0000, ],
[2.0000, ],
[11.0000, ],
[7.0000, ],
[12.0000, ],
[4.0000, ],
[10.0000, ],
[0.0000, ],
[12.0000, ],
[7.0000, ],
[8.0000, ],
[8.0000, ],
[12.0000, ],
[12.0000, ],
[0.0000, ],
[6.0000, ],
[4.0000, ],
[18.0000, ],
[14.0000, ],


