[ 0, 10,  0,  0,  0,  0,  0,  0,  0,  0,  0,  0,  0,  5,  0,  2,  0,  0,  0,  0,  0,  0,  0,  0, ],
[ 0,  0,  0,  0,  0,  0,  7,  0,  0,  2,  0,  0,  0,  0,  0,  0,  2,  0,  7,  0,  0,  0,  0,  0, ],
[ 0,  0,  0,  0,  0,  0,  0,  0,  0,  0,  0,  0,  0,  2,  0,  0,  0,  0,  0,  0,  0,  0,  0,  0, ],
[ 0,  0,  0,  0,  0,  0,  0,  0,  0,  0,  0,  8,  0,  0,  0,  0,  0,  0,  2,  0,  0,  0,  0,  0, ],
[ 0,  0,  0,  0,  0,  0, 14,  0,  0,  0,  0,  0,  0,  0,  0,  2,  0,  0,  0,  7,  0,  0,  0,  0, ],
[ 0,  0,  0,  0,  0,  0,  0,  7,  0,  0,  0,  0,  0,  0,  0,  0,  0,  0,  0,  0,  0,  0,  0,  0, ],
[ 0,  0,  0,  0,  0,  0,  0,  0,  0,  0,  0,  0,  2,  1,  0,  0,  0, 13,  0,  2,  0,  0,  0,  0, ],
[ 0,  0,  0,  0,  0,  0,  0,  0,  0,  0,  0,  0,  0,  0,  0,  0,  0,  0,  2,  0,  0,  0,  0,  0, ],
[ 0,  0,  0,  2,  0,  0,  0,  0,  0,  0,  0,  0,  0,  0,  0,  0,  0,  0,  0,  0,  0,  0,  0,  0, ],
[ 2,  0,  0,  0,  2,  0,  0,  0,  0,  0,  0,  0,  0,  0,  2,  0,  0,  0,  0,  0,  0,  0,  0,  0, ],
[ 0,  0,  0,  0,  0,  0,  7,  0,  0,  0,  0,  0,  4,  0,  0,  0,  0,  0,  0,  0,  0,  0,  0, 12, ],
[ 0,  0,  0,  0,  0, 13,  0,  0,  0,  0,  0,  0,  0, 13,  0,  0,  0,  0,  0,  0,  0,  0,  0,  0, ],
[ 0,  0,  4,  0,  0,  0,  0,  0,  0,  0,  0,  0,  0,  2,  8,  0,  0,  0,  0,  0,  0,  0,  0,  0, ],
[ 2,  0,  0,  0,  0,  0,  7,  0,  0,  0,  0,  0,  0,  0,  2,  0,  0,  0,  0,  0,  0,  0,  0,  0, ],
[ 0,  0,  0,  0,  0,  0,  0,  0,  0,  0,  0,  0,  0,  0,  0,  0,  0,  0,  0,  0,  0,  0,  0,  0, ],
[ 2,  0,  0,  0,  3,  0,  0,  0,  0,  0,  0,  0,  0,  0,  0, 10,  4,  0,  0,  0,  0,  0,  0,  0, ],
[ 2,  0,  0,  0,  0,  0,  0,  0,  0,  0,  0,  0,  0,  0,  0,  0,  0,  0,  0,  0,  0,  0,  0,  0, ],
[ 0,  0,  0,  0,  0,  9,  6,  0,  0,  0,  0,  0,  0,  2,  0,  2,  0,  0,  0,  0,  0,  0,  0,  2, ],
[ 0,  5,  0,  4,  0,  0,  0,  0,  0,  0,  0,  0,  0,  0,  0,  2,  0,  0,  0,  0,  0,  0,  0,  0, ],
[ 0,  7,  0,  0,  0,  0,  0,  0,  0,  0,  0,  0,  0,  0,  0,  2,  0,  0,  0,  0,  0,  0,  0,  0, ],
[ 1,  0,  7,  0,  0,  0,  0,  0,  0,  0,  0,  0,  0,  0,  0,  0,  0,  0,  0,  1,  0, 10,  0,  0, ],
[ 0,  0,  0,  0,  0,  0,  0,  0,  0,  0,  0,  0,  2,  0,  0,  0,  0,  2,  0,  0,  0,  0,  0,  0, ],
[ 0,  0,  0,  0,  0,  0,  0,  0,  0,  0,  0,  0,  0,  0,  0,  0,  0,  0,  0,  0,  0,  0,  0,  0, ],
[ 0,  0,  1,  0,  0,  0,  0,  0,  0,  0,  0,  0,  0,  0,  0,  0,  0,  0,  0,  0,  0,  0,  0,  0, ],
[ 0,  8,  0,  0,  0,  0,  0,  0,  0,  0,  0,  0,  0,  0,  0,  0,  0,  0,  0,  0,  0,  0,  0,  0, ],
[ 0,  0,  0,  2,  2,  0,  0,  1,  0,  0, 12,  0,  0,  0,  0,  0,  0,  0,  0,  0,  0,  0,  0,  0, ],
[ 0,  0, 13,  0,  2,  0,  2,  0,  0,  0,  0,  0,  0,  0,  0,  0,  0,  0,  0,  0,  0,  0,  0,  0, ],
[ 2,  0,  0,  0,  0,  0,  0,  0,  0,  0,  0,  0,  0,  0,  0,  0,  0,  0,  0, 10,  0,  0,  0,  0, ],
[ 0,  0,  0,  0,  0,  0,  0,  0,  0,  0,  0,  0,  0,  0,  0,  0,  0,  0,  0,  7,  0,  0,  0,  0, ],
[ 0,  0,  0,  0,  0,  0,  0,  0,  0,  0,  2,  0,  0,  0,  0,  0,  0,  0,  0,  0,  0,  0,  0,  0, ],
[ 0,  0,  0,  0,  7,  0,  0,  0,  0,  4,  0,  0,  0,  0,  0,  0,  0,  0,  0,  0,  0,  0,  0,  0, ],
[ 0,  0,  0,  0,  0,  0,  0,  0,  7,  0,  0,  0,  0,  0,  4,  0,  0,  0,  0,  0,  0,  0,  5,  0, ],
[ 0,  0,  0,  0,  0,  0,  0,  0,  0,  0,  0,  0,  0,  0,  0,  2,  0,  0,  0,  0,  0,  0,  0,  0, ],
[ 0,  0,  0,  0,  0,  0,  0,  0,  0,  0,  0,  0,  0,  0,  0,  0,  0,  0,  0,  0,  0,  0,  0,  0, ],
[ 0,  0,  0,  0,  0,  0,  0,  0,  0,  0,  0,  0,  0,  0,  0,  0,  0, 10,  0,  0,  0,  4,  0,  0, ],
[ 0,  0,  0,  0,  0,  0,  0,  7,  0,  0,  0,  0,  0,  0,  2,  0,  0,  0,  0,  0,  0,  0,  0,  0, ],
[ 0,  0,  0,  0,  0,  0,  0,  0,  0,  0,  0,  0,  0,  0,  0,  0,  0,  2,  7,  0,  0,  0,  0,  0, ],
[ 0,  0,  0,  7,  0,  0,  0,  4,  0,  0,  0,  0,  0,  0,  2,  0,  0,  0,  0,  0,  4,  0,  0,  0, ],
[ 0,  0,  0,  0,  0,  0,  0,  0,  0,  0,  0,  0,  0,  0,  0,  8,  0,  0,  0,  2,  0,  0,  0,  0, ],
[ 2,  0,  0,  0,  0,  0,  0,  0,  0,  0,  0,  0,  0,  0,  8,  0,  0,  0,  0,  0,  0,  0,  0,  0, ],
[ 4,  0,  0,  0,  0,  0,  0,  0,  0,  0,  0,  0, 13,  0,  0,  0,  0,  0,  3,  0,  0,  0,  0,  0, ],
[ 0,  0,  0,  0,  0,  0,  0,  0,  0,  9,  0,  0,  0,  0,  0,  2,  0,  0,  0,  0,  0,  0,  0,  0, ],
[ 2,  2,  0,  0,  0,  0,  0,  0,  0,  0,  0,  0,  0,  0,  0,  6,  0,  0,  0,  0,  0,  0,  0,  0, ],
[ 2,  0,  0,  1,  0,  0,  0,  0,  0,  0,  0,  0,  8,  0,  0,  0, 11,  0,  0,  0,  0,  0,  0,  0, ],
[ 0,  0,  2,  0,  0,  0,  0,  0,  0,  0,  0,  0,  0,  2,  0,  0,  0,  2,  0,  0,  0,  0,  0,  0, ],
[ 0,  0,  0,  0,  0,  0,  0,  0,  0,  0,  0,  0,  0,  0,  4,  0,  0,  0,  0,  0,  0,  0,  0,  0, ],
[ 0,  2,  0,  0,  0,  7,  7,  0,  0,  0,  0,  0,  0,  0,  0,  0,  0,  0, 10,  0,  0,  0,  0,  0, ],
[ 6,  0,  0,  1,  0,  0,  0,  0,  0,  0,  0,  0,  0,  0,  0,  0,  0,  0,  0,  0,  0,  0,  0,  0, ],
[ 0,  0,  2,  1,  0,  0,  0,  0,  0,  0,  0,  0,  0,  0,  0, 13,  0,  2,  0,  0,  0,  0,  0,  0, ],
[ 0,  0,  0,  0,  0,  0,  0,  0,  0,  2,  0,  0,  0,  0,  0,  0,  0, 12,  0,  0,  0,  0,  0,  0, ],
[ 0,  0,  0,  0,  0,  0,  0,  0,  0,  0,  0,  0,  0,  0,  0,  7,  0,  0,  0,  0,  0,  0,  0,  0, ],
[ 0,  0,  8,  0,  0,  0,  0,  0,  0,  0,  0,  0, 11,  0,  0,  4,  0,  0,  0,  0,  0,  0,  0,  0, ],
[ 0,  0,  0,  0,  0,  1,  0,  0,  0,  0,  0,  0,  0,  0,  0,  0,  0,  0,  0,  0,  0,  0,  0,  0, ],
[ 0,  0,  0,  1, 14,  0,  0,  0,  0,  0,  0,  0,  0,  0,  0,  0,  7,  0,  0,  0,  0,  0,  0,  0, ],
[ 0,  0,  0,  0, 11,  0,  0,  0,  0,  0,  0,  0,  0,  0,  0,  0,  0,  0,  9,  0,  0,  0,  0,  0, ],
[ 8,  0,  0,  0,  0,  0,  0,  0,  0,  5,  0,  0,  0,  0,  0,  0,  0,  0,  0,  0,  0,  0,  0,  0, ],
[ 0,  0,  0,  0, 13,  0,  0,  0, 11,  0,  0,  0,  0,  0,  0,  0,  0,  0,  0,  0,  0,  0,  0,  0, ],
[ 0,  0,  0,  0,  0,  6,  0,  0,  0,  0, 12,  0,  0,  0,  0,  0,  0,  0,  0,  0,  0,  0,  0,  0, ],
[ 0,  0,  0,  0,  6,  3,  2,  0,  0,  0,  0,  0,  0,  0,  0,  0,  0,  0,  0,  0,  0,  0,  0,  0, ],
[ 0,  0,  0,  8,  0,  8,  0,  0,  0,  0,  0,  0,  0,  0,  0,  9,  0,  0,  0,  0,  0,  0,  0,  0, ],
[ 0,  0,  0,  0,  0,  1,  0,  0,  0,  0,  0,  0,  0,  0,  0,  0,  0,  0,  0,  0,  0,  0,  0,  0, ],
[ 0, 14,  0,  0,  0,  0,  0,  0,  0,  0,  0,  0,  0,  0,  0,  0,  0,  0,  0,  0,  0,  0,  0,  0, ],
[ 0,  0,  0,  0,  0,  0,  0, 11,  0, 13,  0, 13,  0,  0,  0,  0,  0,  0,  0,  0,  0,  0,  0,  0, ],
[ 0,  0,  0,  7,  0,  0,  0,  0,  0,  0,  0,  0,  0,  0,  0,  0,  0,  0,  0,  0,  0,  0,  0,  0, ],
[ 0,  0,  0,  0,  0,  0,  0,  0,  0,  0,  0,  0,  0,  0,  0,  0,  0,  0, 11,  0,  0,  0,  0,  0, ],
[ 0,  0,  0,  0,  0,  0,  0,  0,  0,  6,  0, 13,  8,  0,  0,  0,  0,  0,  0,  0,  0,  0,  0,  0, ],
[ 0,  0,  0,  0,  0,  4,  0,  0,  0,  0,  6,  0,  2,  0,  6,  0,  0,  0, 14,  0,  5,  0,  0,  0, ],
[ 0,  0,  0,  0,  0,  0,  0,  0,  8,  0,  5,  0,  0,  0,  0,  0,  0,  0,  0,  0,  0,  0,  0,  4, ],
[13,  0,  0,  0,  0,  0,  0,  0,  0,  0,  0,  0,  0,  0,  0,  0,  1,  0,  0,  0,  0,  0,  0,  0, ],
[ 0,  0,  0,  0,  0,  0,  8,  0,  0,  0,  0,  0,  7,  0,  0,  0,  0,  0,  0,  0, 11,  0,  6,  0, ],
[ 0,  0,  0,  0,  0,  0,  0,  7,  0,  0,  0,  0,  0,  0,  0,  0,  0,  0,  5, 13,  0,  0,  0,  0, ],
[ 0,  0,  0,  4,  0,  0,  0,  0,  0,  0,  0,  0,  0,  0,  0,  0,  0,  9,  0,  0,  0,  9,  0,  0, ],
[ 0,  5,  0,  0,  0,  0,  0,  0,  0,  0,  0,  0,  0,  8,  0,  0,  0, 10,  0, 14,  0,  0,  0,  0, ],
[ 0,  0,  0,  0,  0,  0,  0,  0,  0,  0,  0,  6,  0,  0,  0,  0,  0,  0,  0,  0,  0,  0,  0,  0, ],
[ 0,  0,  0, 14,  0,  0,  0,  2,  0,  0,  0,  0,  0,  0,  0,  0,  0,  0,  0,  0,  0,  0,  0,  0, ],
[14,  0,  0,  0,  0,  0,  0,  0,  0,  0,  0,  8,  4,  0,  0,  6,  0,  0,  0,  0,  0,  0, 13, 14, ],
[ 0,  0,  8,  9,  0,  0,  0,  0,  0,  0,  0,  0,  0,  6,  0,  0,  0,  0,  0,  0,  0,  0,  0,  0, ],
[ 0,  0,  0,  0,  0,  0,  0,  0, 14,  0,  0,  0,  0, 11,  0,  0,  0,  0,  0,  0,  0,  0,  0,  7, ],
[ 0,  0,  0,  0,  0,  0,  0,  0,  0,  0,  0,  0,  0,  0,  0,  0,  0,  0,  0,  0,  0, 10,  0,  0, ],
[ 0,  0,  0,  0,  0,  0, 14,  0,  0,  0,  0,  0,  0,  0,  0,  0,  0,  0,  0,  0,  0,  0,  0,  0, ],
[ 0,  0,  0,  0,  0,  0,  0,  0,  0,  0,  0,  0,  0,  0,  0,  0,  0,  0,  3,  9,  0,  0,  0,  0, ],
[ 0,  0,  0,  0,  0,  0,  0,  0, 11,  0,  0,  0,  0,  0,  0,  0,  0,  0,  0,  0,  0,  0,  0,  0, ],
[ 0,  0,  0,  0,  3,  0,  2,  0,  0,  0,  0,  0,  0,  0,  0,  0, 12,  0,  0,  0,  0,  0,  0,  0, ],
[ 0,  0,  7,  0,  0,  0,  0,  0,  8,  0,  0,  0,  4,  0,  0,  0,  0,  0,  0,  0, 11,  0,  0,  0, ],
[ 0,  0,  0,  0,  0,  0,  0,  0,  0,  0,  0,  0,  0,  0,  0,  0,  0,  0,  0,  0,  0,  0,  0,  0, ],
[ 0,  0,  0,  0,  0,  0,  0,  0,  0,  0,  0,  0,  0,  0,  0,  9,  0, 13,  0,  0,  2,  0,  0,  0, ],
[ 8,  0,  0,  0,  0,  0,  0, 14,  0,  0,  0,  0,  0,  0,  0,  0,  0,  0,  0,  0,  0,  0,  0,  0, ],
[ 4,  0,  4,  0,  0,  0,  0,  0,  0,  0,  0,  0,  0,  0,  0,  0,  0,  0,  0, 11,  0,  0,  0,  0, ],
[ 0, 11,  0,  0,  0,  0,  0,  0,  0,  0,  3,  0,  0,  0,  0,  9,  0,  0,  0,  0,  0,  4,  0, 10, ],
[ 0,  0,  0,  0,  0,  0,  0,  0,  0,  0,  0,  0,  0,  0,  0,  0,  0,  0,  0,  0,  0,  0,  0,  0, ],
[ 0,  0,  0,  0,  0,  0,  3,  0,  0,  0,  0,  0,  0,  9,  0,  0,  6,  0,  9,  0,  0,  0,  0,  0, ],
[ 0,  0,  0,  0,  0,  0,  0,  0,  0,  0,  0,  0,  0,  0,  0,  0,  0,  0, 10,  0,  0,  0, 10,  0, ],
[ 0,  1,  0,  0,  0,  0,  0,  0,  0, 11,  0,  4,  0,  0,  0,  0,  0,  0,  0,  0,  5,  0,  0,  3, ],
[ 0,  0,  0,  0,  0,  0,  0,  0, 14,  0,  0,  0,  0,  0,  0,  0,  7,  0,  0,  0,  0,  0,  0,  1, ],
[ 0,  0,  0,  0,  7,  0,  0,  0,  0,  0,  0,  0,  0,  0,  0,  0,  0,  0,  0,  0,  0,  2,  0,  0, ],
[ 0,  0,  0,  0,  0,  0,  0,  0,  0,  7,  0,  0,  0,  0,  0,  0,  0,  0,  0,  0,  0,  0,  0,  0, ],
[ 0,  0,  0,  0,  9,  5,  0,  0,  0,  0,  0,  0,  0,  0,  0,  0,  0,  0,  0,  0,  0,  0,  0,  0, ],
[ 0,  0,  0,  0,  0,  0,  0,  4,  0,  0,  0,  0,  0,  2,  0, 14,  0,  0,  0,  0,  0,  0,  0,  0, ],
[ 0,  0,  0,  0,  0,  0,  0,  0,  0,  9, 14,  0,  0,  0,  0,  0,  3,  0,  0,  0,  0,  0,  0,  0, ],
[ 0,  0,  0, 12,  0,  0,  0,  0,  0,  0,  0,  0,  0, 13, 11,  0,  0,  0,  0,  0,  0,  0,  0,  0, ],


[0.4356, -0.2331, ],
[0.0506, 0.0957, ],
[0.2406, 1.0000, ],
[0.4579, 0.7797, ],
[0.3578, -0.5375, ],
[-0.0321, 0.2752, ],
[0.2508, 0.3750, ],
[-0.0739, 0.5952, ],
[-0.0400, 0.5409, ],
[0.0465, -0.1998, ],
[0.8420, -0.0996, ],
[-0.2462, -0.1405, ],
[-0.8509, -0.1900, ],
[-0.3018, 0.4804, ],
[0.4751, 0.6224, ],
[-0.5345, 0.2251, ],
[-0.4559, 0.9785, ],
[0.2413, 0.0162, ],
[-0.2022, -0.4255, ],
[0.4224, -0.7378, ],
[0.6754, 0.3434, ],
[-1.0000, 0.8016, ],
[0.7509, 0.2715, ],
[-1.0000, 0.6836, ],
[-0.1348, 0.8473, ],
[0.8264, 0.8203, ],
[-0.3942, 0.5990, ],
[-0.0986, 0.4470, ],
[0.3817, 0.4064, ],
[0.3815, -0.3593, ],
[-0.1795, -0.0289, ],
[0.3380, 0.6081, ],
[0.1983, 0.3944, ],
[0.8930, 0.6692, ],
[0.4326, 0.7165, ],
[0.4097, 0.3978, ],
[-0.8894, 1.0000, ],
[0.4234, -0.6844, ],
[-1.0000, -0.5304, ],
[-0.2217, 0.5481, ],
[0.0979, 0.3506, ],
[0.1292, -0.0537, ],
[0.8539, -0.0493, ],
[-0.3734, 0.5390, ],
[0.2413, 0.4636, ],
[0.7533, 0.9116, ],
[0.4814, 0.4141, ],
[0.2000, 1.0000, ],
[-0.9257, 0.7304, ],
[0.7166, -0.1010, ],
[-0.2481, -0.8251, ],
[-0.9195, -0.6513, ],
[0.0581, 0.1315, ],
[0.5751, -0.0612, ],
[-0.8751, 0.4238, ],
[-0.1836, 1.0000, ],
[-0.8713, 0.0518, ],
[0.5449, 0.0229, ],
[-0.0933, -0.0752, ],
[0.0232, 0.7780, ],
[0.9851, -0.5390, ],
[-0.6861, 0.8117, ],
[0.2002, -0.1624, ],
[0.1746, 0.7664, ],
[0.1671, 0.2637, ],
[0.9691, 0.2813, ],
[0.0540, 0.0726, ],
[0.4257, -0.6744, ],
[0.2621, 0.7837, ],
[0.8102, 0.1918, ],
[0.3859, 0.4952, ],
[0.3397, -0.7047, ],
[0.5156, -0.3915, ],
[-0.0571, 0.1254, ],
[-0.6459, 0.4063, ],
[-0.2177, -0.4440, ],
[-0.7123, 0.3512, ],
[-0.9618, 0.9662, ],
[-0.0447, 0.5278, ],
[0.5817, -0.0930, ],
[-0.9000, -0.3581, ],
[-0.5515, -0.1550, ],
[-0.9931, 0.8084, ],
[0.5654, -0.3672, ],
[0.5278, -0.2940, ],
[0.7292, -0.9204, ],
[0.7247, -0.3026, ],
[-0.5202, -0.0488, ],
[0.0957, 0.1768, ],
[0.4024, -0.6155, ],
[-0.9473, -0.9139, ],
[0.1429, 0.3932, ],
[0.6923, -1.0000, ],
[0.4708, -0.1375, ],
[0.1547, -0.9318, ],
[-0.9877, -0.3633, ],
[-0.3848, 0.6758, ],
[0.3748, 0.7396, ],
[0.5451, 0.0099, ],
[0.0270, -0.4663, ],


[7.0000, ],
[8.0000, ],
[1.0000, ],
[4.0000, ],
[8.0000, ],
[3.0000, ],
[7.0000, ],
[1.0000, ],
[1.0000, ],
[3.0000, ],
[9.0000, ],
[8.0000, ],
[6.0000, ],
[5.0000, ],
[0.0000, ],
[9.0000, ],
[1.0000, ],
[9.0000, ],
[5.0000, ],
[4.0000, ],
[9.0000, ],
[2.0000, ],
[0.0000, ],
[1.0000, ],
[3.0000, ],
[7.0000, ],
[6.0000, ],
[5.0000, ],
[3.0000, ],
[1.0000, ],
[5.0000, ],
[7.0000, ],
[1.0000, ],
[0.0000, ],
[6.0000, ],
[4.0000, ],
[4.0000, ],
[8.0000, ],
[4.0000, ],
[4.0000, ],
[8.0000, ],
[4.0000, ],
[5.0000, ],
[9.0000, ],
[3.0000, ],
[2.0000, ],
[11.0000, ],
[4.0000, ],
[7.0000, ],
[5.0000, ],
[3.0000, ],
[9.0000, ],
[1.0000, ],
[8.0000, ],
[7.0000, ],
[5.0000, ],
[8.0000, ],
[7.0000, ],
[6.0000, ],
[9.0000, ],
[1.0000, ],
[4.0000, ],
[12.0000, ],
[3.0000, ],
[4.0000, ],
[10.0000, ],
[15.0000, ],
[7.0000, ],
[5.0000, ],
[13.0000, ],
[9.0000, ],
[8.0000, ],
[13.0000, ],
[3.0000, ],
[5.0000, ],
[20.0000, ],
[9.0000, ],
[11.0000, ],
[4.0000, ],
[4.0000, ],
[5.0000, ],
[4.0000, ],
[7.0000, ],
[12.0000, ],
[0.0000, ],
[8.0000, ],
[7.0000, ],
[8.0000, ],
[15.0000, ],
[0.0000, ],
[11.0000, ],
[8.0000, ],
[11.0000, ],
[8.0000, ],
[4.0000, ],
[3.0000, ],
[5.0000, ],
[7.0000, ],
[9.0000, ],
[12.0000, ],


