[ 4,  0,  0,  0,  0,  0,  0,  0,  0,  0,  0,  0,  0,  9,  0,  0,  0,  9, 13,  0,  0,  0,  0,  0, ],
[ 0,  0,  0,  0,  0,  0,  0,  0,  0,  0, 10,  0,  0,  0,  0,  0,  0,  0,  0,  0,  0,  0,  0,  0, ],
[ 0,  0,  0,  0,  0,  0,  9,  0,  5,  0,  0,  0,  0,  0,  0,  0, 13,  0,  0,  8,  0,  0,  0,  0, ],
[ 0,  0,  0,  8,  0,  0,  0,  0,  0,  0,  0,  0,  0,  0,  0,  0,  0,  6,  0,  0,  0,  0,  0,  0, ],
[ 0,  0,  0,  0,  0,  0,  0,  0,  0,  0,  0,  0,  0,  0,  0,  0,  0,  0,  0,  0,  0,  0,  6,  0, ],
[ 0,  0,  0,  0,  6,  0,  0,  0,  0,  0,  8,  0,  0,  0,  9,  0,  0,  0,  0,  0,  0,  0,  0,  0, ],
[ 0,  0,  0,  0,  1,  0,  0,  0,  0,  0,  0,  0,  0,  0,  0,  4,  0,  0,  0,  0,  0,  0,  4,  0, ],
[ 0,  0,  0,  0,  0,  0,  0,  0,  6,  0, 10,  0,  0,  0,  0,  0,  0,  0,  0,  0,  0,  0,  0,  0, ],
[ 5,  0,  0,  0,  0,  0,  0,  0,  0,  0,  0,  0,  0,  0,  0,  0,  0,  0,  0,  0,  0,  0,  0,  1, ],
[ 0,  0, 10,  0,  0,  7,  6,  0,  0,  0,  0,  0,  0,  0,  0,  0,  0,  9,  0,  0,  0,  0,  0,  0, ],
[ 2,  0,  0,  0,  0,  0,  7,  0,  0,  0,  0,  0,  1,  0,  4,  0,  0,  0,  0,  0,  0,  0,  0,  0, ],
[ 0,  0,  0,  0,  0,  0,  0,  0,  0,  0,  0,  0,  0, 14,  1,  0,  0,  0,  0,  0,  0,  0,  0,  0, ],
[ 0,  0,  0,  0,  0,  0,  0,  0,  0,  0,  0,  0,  0,  0,  0,  3,  0,  0,  0,  0,  0,  0,  0,  0, ],
[ 0,  0,  0,  0,  2,  0,  0,  2,  0,  0,  0,  0,  0,  0,  0, 13,  0,  0,  0,  0,  0,  0,  0,  0, ],
[ 0,  0,  0,  0,  0,  0,  0,  0, 10, 11,  0,  0,  0,  0,  0,  2,  0,  0,  0,  0,  0,  0,  0,  0, ],
[ 9,  9,  8,  0,  0,  0,  2,  0,  0,  0,  0,  0,  0, 13,  0,  0,  0,  0,  0,  0,  0,  0,  0,  0, ],
[ 1,  0,  0,  0,  0,  0,  0,  0,  0,  0,  0,  0,  7,  0,  0,  0,  6,  0,  0,  0,  0,  0,  0,  0, ],
[ 0,  0,  0,  0,  0,  0,  4,  0,  0,  0,  0,  6,  0, 11,  0,  0,  0,  0,  0,  0,  0,  0,  0,  0, ],
[ 0,  0,  0,  0,  0,  0,  0,  0,  0,  0,  0,  0,  0,  0,  0,  0,  0,  0,  0,  0,  0,  0,  0,  0, ],
[ 0,  0,  7,  0,  0,  0,  0,  0,  0,  0,  0,  0,  0,  0,  0,  0,  0,  0,  0,  0,  0,  0,  1,  1, ],
[ 0,  0,  0,  0,  0,  7,  0,  0,  0,  0,  0,  0,  0,  0,  0,  0,  0,  0,  0,  0,  0,  0,  0,  0, ],
[ 0,  0,  0,  0,  0,  0,  0,  0,  0,  0,  0, 12,  0,  0,  0,  0,  0,  0,  0,  0,  0,  0,  0,  0, ],
[ 0,  0,  0,  0,  0,  0,  0,  0, 10,  0,  0,  0,  0,  0,  0,  0,  0,  0,  0,  0,  0,  0,  0,  0, ],
[ 0,  0,  0,  0,  0,  0,  0,  0,  0,  0, 14,  0,  0,  0,  0,  0,  0,  0,  0,  0,  0,  0,  0,  0, ],
[ 0,  0, 10,  0,  0,  0,  0,  0,  0,  0,  0,  0,  0,  0,  0,  0,  0,  0,  0,  0,  0,  0,  0,  0, ],
[ 0,  0,  0,  0,  0,  0,  0,  0, 11,  0,  0,  0,  0,  0,  0,  0,  0,  0,  0, 11,  0,  0,  0,  0, ],
[12,  0,  0,  0,  0,  0,  8,  0,  0, 13,  0,  0,  0,  0,  0,  0,  0,  0,  4,  0,  8,  0,  0,  0, ],
[ 0,  0,  0,  0,  0,  0,  0,  0,  0,  0,  0,  0,  0,  0,  0,  0,  0,  0,  0,  3,  0,  0,  0,  0, ],
[ 8,  0,  0,  0,  0,  0,  0,  0, 13,  0,  0,  0,  0,  0,  0,  0,  0,  0,  0,  0,  0,  0,  0,  0, ],
[ 0,  0,  0,  0,  0,  0,  0,  0,  0,  0,  0,  0,  0,  0,  0,  0,  0,  1,  0,  0,  0,  0,  0,  0, ],
[ 0,  0,  0,  0,  0,  0,  0,  0,  0,  0, 14,  0,  0,  0,  0,  1,  0,  0,  0,  0,  0,  0,  0,  0, ],
[ 0,  0,  0,  0,  0,  0,  0,  0,  0,  0,  0,  0,  0,  0,  0,  0,  0,  0,  0,  0,  0,  0,  0,  0, ],
[ 0,  0,  0,  0,  0,  0,  0,  0, 12,  9,  0,  0,  0,  0,  1,  0,  0,  0,  0, 14,  0,  0,  0,  9, ],
[ 0, 12,  0,  0,  6,  0,  0, 10,  0,  3,  0,  0,  0,  0,  0,  0, 10,  0,  0,  0,  0,  0,  0,  0, ],
[ 3,  0,  0,  0,  0,  0,  0,  0,  0,  0,  0,  0,  0,  0,  0,  0,  0,  0,  0,  0,  0,  0,  0,  0, ],
[ 0,  0,  0,  9,  0,  0,  0,  0,  5,  0, 12,  0,  0,  0,  0,  0,  0,  0,  0,  0, 11,  0,  0,  0, ],
[ 0,  0,  0, 13,  0,  0,  0,  0,  0,  0,  0,  0,  3,  0,  0, 13,  0,  0,  0,  0,  0,  0,  0,  0, ],
[ 0,  0,  0,  0,  0,  0,  0,  0,  0,  0,  0,  0,  0,  0,  0,  0,  0,  0,  0,  0,  0,  0,  0,  0, ],
[ 0,  0,  0,  0,  0,  0,  0,  0,  4,  0,  0,  0,  0,  0,  0,  0,  0,  0,  0,  0,  0,  0,  0,  0, ],
[ 0,  0,  0,  0,  0,  0, 14,  0,  0,  0,  0,  0,  0,  0,  0,  0,  1,  0,  0,  0,  0,  0,  4,  0, ],
[ 0,  0,  0,  0,  0,  0,  0,  0,  0,  0,  0,  0,  0,  0,  0,  0,  0,  0,  0,  6,  0,  0,  0,  0, ],
[ 0,  0,  0,  0,  0,  0,  0,  0,  0, 10,  0, 10,  0,  0,  0,  0,  0,  0,  0,  0,  0,  0,  0,  0, ],
[ 0,  0,  0,  0,  0,  5,  0,  0,  7,  0,  0,  0,  0,  0,  0,  8,  0,  0,  0,  0,  0,  0,  0,  0, ],
[ 0,  0,  0,  0,  0,  0,  0,  0,  0, 12,  0,  0,  0, 10,  0,  0, 11,  0,  0,  0,  9,  0,  0,  0, ],
[ 0,  0,  0,  0,  0,  0,  0,  0,  0,  0, 12, 13,  0,  0,  0,  2,  8,  0,  7,  0,  0,  0,  0,  0, ],
[ 0,  0,  0,  0,  0,  0,  0,  0,  0,  0,  0,  0,  0,  0,  0,  0,  0,  0,  0,  0,  0,  0,  5,  0, ],
[ 0,  0,  0,  0,  0,  1,  0,  0,  5,  7,  0,  1,  0,  0,  0,  0,  0,  0,  0,  0,  0, 14,  0,  0, ],
[ 0,  0,  0,  0,  0,  0, 10,  0,  8,  0, 13,  0,  0,  0, 13, 10,  0, 10,  0,  0,  0,  0,  0,  0, ],
[ 0,  0,  0,  0,  0,  0,  0,  0,  0,  0,  0,  0,  0, 10,  0,  0,  0,  0,  0,  0,  0,  0,  0,  0, ],
[ 0,  0,  0,  0,  0,  0,  0,  0,  0, 12,  0,  1,  0,  0,  0,  0,  0,  0,  0,  0,  0,  0,  0,  0, ],
[ 0,  0, 14, 13,  0, 14,  0,  0,  0,  0,  0,  0,  0, 10,  0,  0,  0,  0, 11,  0,  0,  0,  0,  0, ],
[12,  0,  0,  0,  0,  0,  0,  0,  0,  0,  0,  0,  0,  0,  0,  0,  0,  0,  0,  0,  0,  0,  0,  0, ],
[ 0,  0,  0,  0,  0,  0,  0,  0,  0,  0,  0,  0,  0,  0,  0,  0,  0,  0,  0,  0,  0,  4,  0,  0, ],
[ 0,  0,  0,  0,  0,  0,  0,  0,  0,  0,  0,  0,  0,  0,  0,  0,  0,  0,  0,  0,  0,  0,  0,  0, ],
[ 0,  0,  0,  0,  0,  0,  0,  0,  0,  0,  0,  0,  0,  0,  0,  0,  9,  7,  0,  0,  0,  0,  0,  0, ],
[ 0,  0,  5,  0,  0,  0,  0,  0, 12,  0,  0,  0,  0,  0,  0,  0,  0,  0,  0,  0,  0,  0,  0,  0, ],
[ 0,  0,  0,  6,  0,  0,  0,  0, 10,  0,  0,  0,  0,  0,  0,  0,  0,  0,  0,  0,  0,  0,  0,  0, ],
[ 0,  0,  0,  0,  0,  0,  0,  0,  0,  0,  0,  0,  0,  4,  0,  0,  0,  0,  0,  0,  0,  0,  0,  0, ],
[ 0,  6,  0,  0,  0,  0,  0,  0,  0,  0,  8,  0,  0,  0,  0,  0,  3,  0,  0,  0,  0,  7,  0,  0, ],
[ 0,  0,  2,  0,  0,  0,  0,  0, 13,  0,  0,  0,  0,  0,  0,  0,  0,  0,  0,  0,  0,  0,  0,  0, ],
[ 0,  0,  0,  0,  0,  0,  0,  0,  0,  0,  0,  0,  0,  0,  0,  0,  0,  0,  0,  0,  0,  0,  0,  0, ],
[ 0,  0,  0,  0,  0,  0,  0,  0,  0,  0,  0,  0,  0,  0,  0,  0,  0,  0,  0, 13,  0,  0,  0,  0, ],
[ 0,  0,  0,  0,  0,  0,  0,  0,  1,  0, 12,  0,  0,  0,  0,  0,  0, 14,  0,  0,  0,  0, 10,  0, ],
[ 0,  0,  0,  0,  0,  0,  0,  0,  0,  0,  0,  0,  0,  0,  0,  0,  0,  0,  0,  0,  0,  0,  0,  0, ],
[ 0,  0,  0,  0,  0,  7,  0,  9,  0,  0,  0,  0,  6,  0,  0,  0,  0,  0,  0,  0,  0,  0,  0,  0, ],
[ 0,  0,  0,  0,  0,  0,  0,  2,  7,  0, 14,  0,  0,  0,  0,  0,  2,  0,  0,  0,  0,  5,  0,  0, ],
[ 0,  0,  0,  0,  0,  0,  0,  0,  0,  0, 11,  0,  0,  0,  0,  0,  0,  0,  0,  0,  0,  0,  0,  0, ],
[ 0,  0,  0,  0,  0,  0,  4,  0,  0,  0,  0,  0,  0,  0,  0,  0,  0,  0,  0,  0,  0,  0,  0,  2, ],
[ 0,  0,  0,  0,  0,  0,  0,  0,  0,  0,  0,  0,  0,  0,  0,  0,  9,  0,  0,  0,  0,  0,  0,  0, ],
[ 0,  0,  5,  0,  0,  0,  0,  0,  0,  0, 11,  0,  0,  0, 12,  0,  0,  0,  0,  0,  0,  0,  0,  0, ],
[ 0,  4,  0,  0,  0,  0,  0,  0,  0,  0,  8,  0,  0,  0,  4,  0,  0,  0,  0,  0,  0,  0,  0,  0, ],
[13,  0, 10,  0,  0,  0,  0,  0,  0,  0,  0,  0,  0,  0,  0,  0,  0,  0,  0,  0,  0,  0,  0,  0, ],
[ 0,  0,  0, 12,  0,  0,  0,  0,  0,  0,  0,  0,  0,  0,  0,  0,  0,  0,  0,  0,  0,  0,  0,  0, ],
[12,  0,  0,  1,  0,  0,  0,  0,  0,  0,  0,  0,  0,  0,  0,  0,  0,  0,  0,  0,  0,  0,  0,  0, ],
[ 0,  0,  2,  0,  0,  0,  0,  0,  0,  0,  0,  0,  0,  0,  9,  0,  0,  0,  0,  0,  0,  0,  0,  0, ],
[ 0,  0,  0,  0,  9,  0,  0,  0,  0,  0,  0,  0,  0,  0,  0,  0,  0,  0,  0,  0,  0,  0,  0,  0, ],
[ 0, 14,  0,  0,  0,  0,  0,  0,  0,  0,  0,  0,  0,  0,  0,  0,  0,  0,  0,  0,  0,  0,  0,  0, ],
[ 0,  2,  0,  0,  0,  0,  0,  0,  0,  0,  0,  0,  0,  0,  0,  0,  0,  0,  0,  6,  0,  0,  0,  0, ],
[ 0,  0,  0,  0,  0,  0,  2,  0,  0,  0,  0,  0,  0,  0,  0,  1,  0,  0,  0,  0,  0,  0,  0,  0, ],
[ 0,  0,  0,  0, 11,  4,  0,  0,  0,  0,  0,  0,  0,  0,  0,  0,  0,  0,  0,  0,  0,  0,  0,  0, ],
[ 0,  0,  0,  0,  0,  0,  0,  0,  0, 14,  0,  0,  0,  0,  0,  0,  0,  0,  0,  0,  0,  0,  0,  0, ],
[ 0, 12,  0,  0,  0,  0,  0,  0,  0,  0,  0,  0,  0,  0,  0,  0,  0,  8,  0,  0,  0,  0,  0,  0, ],
[ 0,  0,  0,  0,  0,  0,  0, 11,  0,  0,  0,  0,  0,  9,  0,  0,  0,  0,  8,  0,  0,  0,  0,  0, ],
[ 0,  0,  3,  0,  0,  0,  0,  0,  0,  0,  0,  0,  0,  0,  0,  0,  0,  0,  0,  0,  0,  0,  0,  0, ],
[ 0,  0,  0,  0,  0,  0,  0,  4,  0,  0,  0,  0,  0,  0,  0,  4, 14,  0,  4,  0,  0,  0,  0,  0, ],
[ 0,  0,  0,  0,  0,  0, 13,  0,  0,  0,  0,  0,  0,  0,  8,  0,  0,  0,  0,  0,  0,  0,  0,  0, ],
[ 0,  0,  0,  0,  0,  0,  0,  0,  0,  0,  0,  0,  0,  0,  0,  0,  0,  0,  0,  0,  0,  0,  0,  3, ],
[ 0,  0,  0,  0,  0,  0,  0,  0,  0,  0,  2,  0,  0, 10,  0,  0,  5,  0, 14,  0,  0,  0,  0,  0, ],
[ 0,  0,  0,  0,  0,  0, 10,  0, 12,  0,  0,  3,  0,  0,  0,  0,  0,  0,  0,  0,  0,  0,  0,  0, ],
[ 0,  0,  0,  0,  7,  0, 13,  0,  0,  0,  0,  0,  1,  0,  0,  0,  0,  0,  0,  0,  0,  0,  0,  6, ],
[ 0,  0,  0,  0,  0,  0,  0,  0,  0,  0,  0,  0,  0,  0,  0,  0,  0,  0,  0,  0,  0,  0,  0,  0, ],
[ 0,  0,  0,  0,  0,  2,  0, 14,  0,  0,  0,  0,  0,  0,  0,  0,  0,  0,  0,  0,  0,  0,  2,  0, ],
[ 0,  0, 13, 14,  0,  0,  0,  0,  0,  0,  0,  0, 11,  0,  0,  0,  9,  0,  0,  0,  0,  0,  0,  0, ],
[ 0,  8,  0,  0,  0,  0,  0,  4,  0,  0,  0,  0,  0,  0,  0,  0,  0,  0,  0, 11,  0,  0, 11,  0, ],
[ 0,  0,  0,  0,  0,  0,  0,  0,  9,  0, 10,  0,  0,  0,  0,  0,  0,  0,  0,  0,  0,  0,  0, 11, ],
[ 9,  0,  0,  0,  0,  0,  0,  0,  0,  0,  0,  0,  0,  5,  0,  0,  0,  0,  0,  0,  0,  0,  0,  0, ],
[ 0,  0,  0,  0,  0,  0,  0,  0,  0,  0,  0,  0,  0,  5,  0,  0,  0,  0,  0,  0,  0,  0,  0,  0, ],
[ 0, 12,  0,  0,  0,  0,  0,  0,  0,  0,  0,  0,  0, 10,  0,  0,  0,  0,  0, 14,  0,  0,  0,  0, ],
[ 0,  0,  0, 10,  0,  0,  0,  0,  0,  0,  0,  0,  0,  0, 10,  0,  0,  0,  0,  0,  0,  0,  0,  0, ],
[ 0,  0,  0,  0,  0,  0,  0,  6,  0,  0,  0,  0,  0,  0,  7,  0,  0,  0,  3,  0,  5,  0,  0,  0, ],


[0.8349, -0.9825, ],
[-0.1796, -0.1564, ],
[0.0608, -0.4578, ],
[-0.1388, 0.0413, ],
[0.8026, 0.5037, ],
[0.5352, -0.2573, ],
[-0.7007, 0.2331, ],
[0.1491, 0.3788, ],
[-0.1542, 0.3737, ],
[-0.3240, 0.2588, ],
[-0.7752, -0.0541, ],
[-0.0702, -0.6357, ],
[0.2861, -0.6961, ],
[0.6843, 0.6635, ],
[0.6143, 0.6715, ],
[-0.6361, 0.0103, ],
[-0.6179, -0.5008, ],
[0.1601, 0.9840, ],
[0.5874, -0.0019, ],
[0.5284, -0.6330, ],
[0.6977, 0.2907, ],
[0.2961, 0.0883, ],
[0.5819, -0.1775, ],
[1.0000, -0.1796, ],
[0.8263, -0.1406, ],
[0.3026, -0.1306, ],
[0.4253, -0.2324, ],
[0.2620, -0.3573, ],
[0.6276, 0.4561, ],
[0.9900, -0.5838, ],
[-0.5565, 0.1757, ],
[0.0994, 0.4162, ],
[-0.9946, -0.4020, ],
[0.3628, 0.8889, ],
[-0.1402, -0.1683, ],
[0.1596, 0.1971, ],
[0.5075, -0.3885, ],
[0.4975, -0.2914, ],
[0.3283, 1.0000, ],
[0.8271, 0.4709, ],
[0.5101, -0.7252, ],
[0.0250, 0.2924, ],
[0.3320, -0.1176, ],
[0.3784, -0.6628, ],
[0.7851, -0.2164, ],
[0.2136, 0.8498, ],
[0.2903, -0.2889, ],
[-0.5838, -0.1406, ],
[-0.1486, -0.6441, ],
[0.8528, 0.8947, ],
[0.4525, -0.0024, ],
[0.0885, -0.4706, ],
[0.1344, -0.6215, ],
[0.0581, -0.4418, ],
[-0.4028, 0.4713, ],
[0.6900, -0.4959, ],
[0.6523, -0.1510, ],
[-0.6674, 0.3836, ],
[-0.6714, 0.3522, ],
[0.1855, -0.6214, ],
[0.6809, 0.1864, ],
[-0.5625, 0.2344, ],
[-0.6715, 0.0135, ],
[0.2066, 0.3332, ],
[1.0000, 0.0141, ],
[0.2507, -0.7961, ],
[0.3531, 0.2439, ],
[0.3294, -0.5109, ],
[0.2666, 0.1008, ],
[0.9050, 0.0004, ],
[0.8906, 0.5994, ],
[0.1600, 0.3853, ],
[-0.2654, 0.3317, ],
[-0.3074, -0.4660, ],
[-0.7947, 0.5791, ],
[-1.0000, -0.2645, ],
[1.0000, 0.2934, ],
[0.5862, 1.0000, ],
[0.2458, 0.1335, ],
[-0.4911, -0.4448, ],
[-0.3844, -1.0000, ],
[-0.0828, 0.6455, ],
[0.1487, 0.9234, ],
[-0.1479, 0.7659, ],
[-0.2813, -0.0783, ],
[-0.5275, -0.3963, ],
[-0.0311, 0.5990, ],
[0.7799, 0.4645, ],
[-0.1857, -0.5508, ],
[0.4819, -0.1680, ],
[-0.5770, -0.2176, ],
[-0.0107, 0.8051, ],
[0.0519, -0.6028, ],
[0.9163, -0.4704, ],
[-0.1560, -0.8824, ],
[-0.3817, 0.1276, ],
[-0.7111, 0.4587, ],
[0.6032, 0.3271, ],
[0.7091, 0.3450, ],
[0.3245, 0.8196, ],


[12.0000, ],
[4.0000, ],
[12.0000, ],
[6.0000, ],
[3.0000, ],
[9.0000, ],
[5.0000, ],
[7.0000, ],
[3.0000, ],
[13.0000, ],
[7.0000, ],
[5.0000, ],
[2.0000, ],
[6.0000, ],
[9.0000, ],
[14.0000, ],
[7.0000, ],
[9.0000, ],
[0.0000, ],
[5.0000, ],
[3.0000, ],
[4.0000, ],
[4.0000, ],
[4.0000, ],
[4.0000, ],
[8.0000, ],
[16.0000, ],
[2.0000, ],
[7.0000, ],
[1.0000, ],
[5.0000, ],
[0.0000, ],
[15.0000, ],
[17.0000, ],
[2.0000, ],
[13.0000, ],
[10.0000, ],
[0.0000, ],
[2.0000, ],
[7.0000, ],
[3.0000, ],
[8.0000, ],
[8.0000, ],
[15.0000, ],
[15.0000, ],
[2.0000, ],
[11.0000, ],
[23.0000, ],
[4.0000, ],
[5.0000, ],
[20.0000, ],
[4.0000, ],
[2.0000, ],
[0.0000, ],
[6.0000, ],
[6.0000, ],
[7.0000, ],
[2.0000, ],
[11.0000, ],
[5.0000, ],
[0.0000, ],
[4.0000, ],
[13.0000, ],
[0.0000, ],
[9.0000, ],
[11.0000, ],
[4.0000, ],
[3.0000, ],
[3.0000, ],
[10.0000, ],
[7.0000, ],
[8.0000, ],
[4.0000, ],
[5.0000, ],
[4.0000, ],
[3.0000, ],
[4.0000, ],
[4.0000, ],
[2.0000, ],
[6.0000, ],
[4.0000, ],
[7.0000, ],
[10.0000, ],
[2.0000, ],
[10.0000, ],
[7.0000, ],
[2.0000, ],
[11.0000, ],
[10.0000, ],
[11.0000, ],
[0.0000, ],
[6.0000, ],
[15.0000, ],
[13.0000, ],
[11.0000, ],
[5.0000, ],
[2.0000, ],
[12.0000, ],
[8.0000, ],
[10.0000, ],


