[ 0,  0,  1,  0,  0,  8,  0,  0,  0,  0,  0,  0,  0,  0,  0,  0,  0,  5,  0,  0,  0,  0,  0,  0, ],
[ 0,  0,  0,  0,  0,  0,  0,  0,  0,  0,  3,  0,  0,  0,  0,  0, 10,  0,  0,  0,  0,  0,  0,  0, ],
[ 0,  0,  0,  0,  0,  0,  0,  0,  0,  0,  0,  0,  0, 13,  0, 11,  0,  0,  0,  0,  0,  0,  0,  2, ],
[ 0,  0,  0,  0,  0,  0,  0,  0,  0,  0,  0,  0,  0,  0,  3,  0,  0,  0,  0,  0,  0,  0,  0,  0, ],
[ 4,  0,  0,  0,  9,  0,  0,  0,  0,  0,  0,  0,  0,  0,  0,  0,  8,  0,  0,  0,  0,  0,  0,  0, ],
[ 0,  0,  0,  0,  0,  0,  0, 11,  5,  0,  0,  0,  0,  0,  0,  0,  0,  5,  3,  0,  0,  0,  0,  0, ],
[ 0,  0,  0,  0, 12,  0,  0,  0,  0,  0,  0,  0, 11,  0,  0,  0,  0,  0,  0,  0,  0,  0,  0,  0, ],
[ 0,  3,  0,  0,  0,  0,  0,  0,  0,  5,  0,  0, 11,  0,  0, 12,  0,  0, 10,  0,  0,  0,  0,  0, ],
[ 0,  0,  0,  0,  0,  0, 12,  0,  0,  0,  0,  0,  0,  0,  0, 13,  0,  0,  0,  0,  0,  0,  8,  0, ],
[ 0,  0,  0,  0,  0,  0,  0,  0,  0,  0,  4,  0,  0,  0,  0,  0,  0,  0,  3,  0, 14,  0,  0,  0, ],
[ 0,  0,  0,  0, 10,  0,  0,  9,  0,  6,  0,  0,  0,  0, 10,  0,  0,  0,  0,  1,  0,  0,  4,  0, ],
[ 0,  0,  0,  0,  0,  0,  7,  0,  0,  0,  0,  0,  0,  0,  9,  0,  4,  0,  0,  0,  0,  7,  0,  0, ],
[13,  0,  0,  0,  0,  0,  0,  0,  0,  0,  0,  0,  0,  0,  0,  0,  0,  0,  0,  0,  0,  0,  0,  0, ],
[ 0,  2,  0,  0,  0,  0,  0,  0,  0,  0,  0,  0,  0,  0,  0,  0,  0,  0,  0,  0,  0,  0,  0,  0, ],
[ 0,  0,  0,  0,  8,  0,  0,  0,  0,  0,  0,  0,  0,  0,  0,  0,  0,  0,  0,  0,  0,  0,  0,  0, ],
[ 0,  0,  0,  7,  6,  4,  0,  0,  7,  0,  0,  0,  0,  0,  0,  9,  6,  0,  1,  0,  0, 11, 13,  0, ],
[ 0,  0,  0,  0,  0,  0,  0,  0,  0,  0,  0,  3,  0,  0,  0,  0,  0,  0,  0,  0,  0,  0,  0,  0, ],
[ 0,  0,  0,  0,  0,  0,  0,  0,  0,  0,  0,  0,  0,  0,  0,  0,  0,  0,  0,  0,  0,  0,  0,  0, ],
[ 0,  0,  0,  0,  0,  0,  0,  0,  0,  0,  0,  0,  0,  2,  2,  0, 14,  9,  0,  0,  0,  0,  0,  0, ],
[ 0,  0, 10, 10,  0,  0,  0,  0,  0,  0,  0,  0,  0,  0,  0,  0,  0,  0,  0,  0,  0,  0,  0,  0, ],
[13,  0,  0,  0,  0,  0,  0,  0,  0,  0,  0,  0,  0,  0,  0,  0,  0,  0,  2,  0,  0,  0,  0,  0, ],
[ 0,  0,  0,  0,  0,  0,  0,  0,  0,  0,  0,  0,  0,  0,  0,  0,  0,  0,  0,  0,  0,  0,  0,  0, ],
[ 0,  0,  0,  0,  0,  0,  0,  0,  0,  0,  0,  0, 12,  0,  0,  0,  0,  0,  0,  0, 11,  0,  0,  0, ],
[ 0,  0,  0,  0,  0,  3,  0,  0,  0,  0,  0,  0,  0,  0, 13,  0,  0,  0,  0,  0,  0,  0,  0,  0, ],
[ 3,  0,  0,  0,  0,  0,  0,  0,  0,  0,  0,  0,  0,  0,  0,  0,  0,  0,  0,  6,  4,  7,  0,  0, ],
[ 0,  0,  0,  0,  0,  0,  0,  0,  0,  0,  0,  0,  0,  0,  1,  0,  0,  0,  0,  0,  0,  0,  0,  0, ],
[ 0,  0,  0,  0,  0,  0,  0,  0,  0,  7,  0,  0,  0,  0,  0,  0,  0,  0,  0,  0,  0,  0,  0,  0, ],
[ 0,  5,  0,  0,  0,  0,  0,  0,  0,  0,  0,  0,  0,  0,  0,  0,  0,  0,  0,  8,  2,  0,  2,  0, ],
[ 1,  4,  0,  0,  0,  0,  0,  0,  4,  0,  0,  0,  0,  0,  0,  0,  0,  0,  0,  0,  0,  0,  0,  0, ],
[ 0,  0, 13,  0,  0,  0,  0,  0,  0,  0,  0,  0,  0,  0,  0,  0,  0,  0,  0,  0,  0,  0,  0,  9, ],
[11,  0,  0,  0,  0,  0,  0,  0,  0,  0,  0,  0,  0,  0,  0, 12,  0,  0,  0,  0,  0,  0,  0, 14, ],
[ 0,  0,  0,  0,  0,  6,  0,  0,  5,  0,  9,  0,  0,  0,  8,  0,  0,  0,  0,  0,  0,  0,  0,  0, ],
[ 0, 13,  0,  0,  0,  0,  0,  0,  0,  0,  0,  0,  0,  0,  0,  0,  0,  0,  0,  0,  0,  0,  0,  0, ],
[ 0,  0,  0,  0,  0,  0,  0,  0,  0,  0,  0,  0,  0,  0, 13,  0,  0,  0,  0,  0,  0,  0,  0,  0, ],
[ 0,  0,  0,  0,  0,  0,  0,  7,  0,  0,  0,  0,  0, 14,  0,  0,  0,  0,  0,  0,  0,  0,  0,  0, ],
[ 0,  0,  0,  0,  0,  0,  4,  0,  0,  0,  0,  0,  1, 10,  0,  8,  0,  0,  0,  0,  0,  0,  0,  0, ],
[ 0,  0, 14,  0,  0, 12,  0,  0,  0,  0,  0,  0,  0,  0,  6,  0,  0,  8,  0,  0,  0,  0,  4,  0, ],
[ 0,  0,  0,  0,  4,  0, 13,  0,  0,  0,  0,  0,  0,  0,  0,  6,  0,  0,  0,  0,  0,  0,  0,  0, ],
[ 0,  0,  0,  4,  0,  0,  0,  0,  0,  0,  0,  0,  0,  0,  0,  0,  0,  0,  0,  0,  0,  7,  0,  0, ],
[ 0,  0,  0,  0,  0,  0,  0,  0,  0,  0,  6,  0,  0,  0,  0,  0,  0,  0,  0,  0,  0,  0,  0,  0, ],
[ 0,  9,  0,  0,  0,  0,  0,  0, 11,  0,  0,  0,  0,  0,  0,  0,  0,  0,  0,  4,  0,  0,  0,  0, ],
[ 0,  0,  4,  0,  1,  0,  0,  0,  0,  0, 12,  0,  0,  0,  0,  0,  0,  0,  0,  0,  0,  0,  0,  0, ],
[ 0,  0,  0,  0,  0,  0,  0,  0,  0,  0,  0,  0,  0,  0,  0,  0,  0,  0,  0,  0,  0,  8,  0,  5, ],
[ 0,  0,  0,  0,  0,  0,  0,  0,  0,  0,  0,  0,  0,  0,  0,  0,  0,  0,  0,  0,  0,  0,  0,  0, ],
[ 0,  0,  0,  0,  0,  0,  0,  0,  0,  0,  0,  0,  0,  8,  0,  0,  0,  0,  0,  0,  0,  0,  0,  0, ],
[ 0,  0,  0,  0,  3, 12,  0,  0,  0,  0,  0,  0,  0,  0,  0,  0,  0,  0,  0,  0,  0,  0,  0,  0, ],
[ 0,  0,  0,  0,  0,  0, 11,  0,  0,  0,  0,  0, 14,  0,  0, 10,  0,  0,  0,  0,  0,  0,  0,  0, ],
[ 0,  0,  0,  0,  0,  0,  0,  0,  7,  0,  0,  0,  9,  0,  0,  0,  0,  0,  0,  0,  0,  0,  4,  0, ],
[ 0,  0,  5,  0,  0,  0,  0,  0,  0,  0,  0,  0,  0,  0,  6, 14,  0,  0, 10,  9,  0,  2,  0,  0, ],
[ 0,  0, 13,  0,  0,  0,  0,  0,  0,  0,  0,  0,  0,  1,  0,  0,  0,  0,  0,  0,  0,  0,  0,  0, ],
[ 0,  0,  0,  0, 10,  0,  0,  0,  7,  0,  0,  0,  0,  0,  0, 10,  0,  0,  0,  0,  0,  0,  0,  2, ],
[ 0, 11,  0,  0,  0,  0,  0,  0,  0,  0,  0,  0,  0,  0,  0,  0,  0,  0,  7,  0,  0,  0,  0,  0, ],
[ 0,  0,  0, 10,  0,  0,  0,  0,  0,  0,  0,  0,  0,  0,  0,  0,  0,  0,  0, 12,  0,  0,  7,  0, ],
[ 0,  0,  0,  0,  0,  0,  0,  0,  0,  0,  0,  0,  0,  1,  0,  0, 12,  0,  0,  0,  0,  0,  0,  0, ],
[ 0,  0,  0,  7,  0,  0,  0,  0,  8,  0,  0,  0,  0,  0, 11,  0,  0,  0,  0,  0,  0,  0,  0,  0, ],
[ 7,  0,  0,  0, 10,  0, 12,  0,  0,  0,  0,  0,  0,  0,  0,  0,  0,  0,  0,  0,  0,  0,  0,  0, ],
[ 0,  0,  0,  0, 13,  0,  8,  0, 14,  0,  0,  0,  0,  4,  0,  0,  0,  0,  0,  0,  0,  0,  0,  0, ],
[ 0,  0,  0,  0,  0,  0,  0,  0,  0,  0,  0,  0,  0,  0,  0,  2,  0,  0,  9, 12,  0,  0,  0,  0, ],
[ 0,  0,  0,  0,  0,  0,  0,  0,  0,  0,  0,  0,  0,  0,  0,  0,  0,  0,  0,  0,  0,  0,  0,  0, ],
[ 4, 13,  0,  0,  0,  0,  0,  0,  0,  5,  0,  0,  0, 14, 10,  3,  0,  5,  0,  0,  0,  0,  0,  0, ],
[ 6,  0,  0,  0,  5,  0,  0,  0,  0,  0,  0,  0,  0,  0,  0,  6,  0,  0,  0,  0, 13,  0,  0,  0, ],
[ 0,  0,  0,  0,  0,  0, 12,  0,  0, 13,  0,  0,  5,  0,  0,  2,  0,  0,  0,  0,  0,  1,  0,  0, ],
[ 0,  0,  0,  0, 12,  0,  0,  0,  0,  0,  0,  0,  9,  0,  0,  0,  0,  0,  0,  0,  0,  0,  0,  0, ],
[ 0,  0,  0,  0,  0,  0,  0,  0,  0,  9,  0,  8,  0,  0,  0,  0,  0,  0,  0,  0,  0,  0,  0,  0, ],
[ 0,  0,  0,  0,  0,  0,  0,  0,  0,  0,  0,  0,  0,  0,  0,  0,  0,  0,  0,  0,  0,  6,  0,  0, ],
[ 0,  0,  0,  0,  0,  0,  0,  0,  0,  0,  0,  0,  0,  0,  7,  0,  0,  0,  0,  0,  0,  0,  0,  0, ],
[ 0,  0,  0,  0,  0,  0,  0,  0,  0,  0,  0,  0,  0,  0,  3,  0,  0,  0,  3,  0,  0,  0,  0,  0, ],
[ 0,  0,  0,  0,  0,  0,  0,  0, 12,  0,  0,  0, 14,  0,  0, 12,  0,  0,  0,  0,  0,  0,  0,  0, ],
[ 0,  3,  0,  0,  7,  0,  0,  0,  0,  0,  0,  0,  0,  0, 10,  0,  0,  0,  0,  0,  0,  0,  0,  0, ],
[ 0,  0,  2,  0,  0,  0,  0,  7,  0,  0,  4,  0,  0,  0,  0,  0,  0,  0,  0,  0,  0,  0,  0,  0, ],
[ 0,  7,  0,  0,  0,  0,  3,  0,  0,  0,  0,  0,  0,  0,  0,  0,  5,  0,  0,  0,  0,  0,  0,  0, ],
[ 8,  0,  0,  0,  0,  0,  0,  0,  0,  6,  0,  0,  0,  0,  0,  0,  0,  0, 12,  0,  0,  0,  4,  0, ],
[ 0,  0,  0,  0,  0,  0,  0,  0,  0,  0,  0,  0,  8,  4,  0,  0,  0,  0,  0,  0,  0,  0,  0,  0, ],
[ 0,  0,  0,  0,  0,  0,  0,  0,  0,  0,  0, 13,  0,  0,  0, 13,  0,  0,  0,  0,  0,  0,  0,  0, ],
[ 0,  0,  0,  0,  0,  0,  0,  0,  0,  0,  0,  0,  0,  0,  0,  0,  0,  0,  0,  0,  0,  0,  0,  0, ],
[ 0,  0,  0,  0,  0,  0,  0,  0,  0,  0,  0,  0,  0,  0,  0,  0,  0,  6,  0,  0,  0,  0,  0,  0, ],
[ 0,  0,  0,  0,  0,  8,  0,  0,  0,  0,  0,  0,  7,  0,  7,  0,  0,  0,  0,  0,  0,  0,  0,  0, ],
[ 0,  0,  9,  0,  0,  2,  0,  0,  0,  0,  0,  0,  0,  5,  0,  0,  0,  0,  0,  0,  0,  0,  0,  0, ],
[ 0,  0,  0,  0,  0,  0,  0,  0,  0,  0,  0,  0,  0,  6,  0,  0,  0,  0,  0,  0,  0,  0,  0,  0, ],
[ 0,  0,  0,  9,  0,  0,  0,  8,  0,  0,  0,  0,  0,  0, 13,  0,  0,  4,  0,  0,  0,  0,  4, 14, ],
[ 0,  0,  0,  0,  0,  0,  0,  0,  0,  0,  0,  0,  0,  0,  0,  0,  0,  0,  0,  0,  0,  8,  0,  0, ],
[ 9,  0,  0,  0,  0,  2,  0,  0,  0,  0, 13,  0,  0,  0,  0,  0,  0,  0,  0,  0,  0,  0,  0,  0, ],
[ 0,  0,  2,  0,  0,  0,  0,  0,  0,  0,  0,  0,  0,  0,  0,  1,  0,  0,  0,  0,  0,  0,  0,  0, ],
[ 0,  0,  3,  0,  0,  0,  0,  0,  0,  0,  0,  0,  0,  0,  0,  3,  0,  0,  0,  0,  0,  0,  0,  0, ],
[ 0,  0,  0,  0,  0,  0,  0,  0,  0,  0,  0,  0,  0,  7,  0,  0,  0,  0,  0,  0,  0,  0,  0,  0, ],
[ 0,  0,  0,  0,  0,  0,  0,  4,  0,  0, 14,  0,  0,  0,  0,  0,  0,  0,  0,  0,  0,  8,  0,  0, ],
[ 0,  0,  0,  0,  0,  0,  0,  0,  0,  0,  0,  0,  0,  0,  0,  0,  0,  0,  0,  0,  0,  0,  0,  0, ],
[ 0,  0,  0,  0,  5,  0,  0,  0,  0,  0,  0,  0,  0,  8, 11,  0,  0, 12,  0,  9,  0,  0,  0,  0, ],
[ 0,  0,  0,  0,  0,  0,  0,  0,  0, 12,  0,  0,  0,  0,  0,  0,  0,  0,  0,  0,  0,  0,  0,  0, ],
[10,  0,  0,  0,  0,  0,  0,  0,  0,  0,  0,  0,  0,  0,  0,  8,  0,  0,  0,  0,  0,  0,  0,  0, ],
[ 0,  0,  0, 12,  0,  0,  9, 14,  0,  0,  0,  0,  0,  0,  0,  0,  0,  0,  0,  1,  0,  0,  0,  0, ],
[ 5,  0,  0,  0,  0,  0,  0,  0,  0,  0,  0,  2, 11,  7,  1,  0,  0,  0,  0,  0,  0, 12,  0,  0, ],
[ 0,  0,  0,  0,  0,  0,  0, 13,  0,  0,  0,  0,  0,  0,  3,  0,  0,  0,  0,  0,  0,  0,  0,  0, ],
[ 0,  7,  0,  0,  0,  0,  0, 12,  0,  0,  0,  6,  6,  0, 11,  0,  0,  0,  0,  0,  0,  0,  0,  0, ],
[ 0,  0,  0,  0,  0,  5, 12,  0,  0,  0, 14,  0,  0,  0,  0,  0,  0,  0,  0,  0,  0,  0,  0,  0, ],
[12,  0,  0,  0,  0,  0,  0,  1,  0,  0,  0,  0,  0,  0,  0,  0,  9,  8,  0,  0,  0,  0,  0,  0, ],
[ 0,  2,  0,  0,  0,  0,  0,  0,  0,  0,  0,  0,  0,  0,  0,  2,  0,  0,  0,  0,  0,  0,  0,  0, ],
[ 0,  0,  0,  0,  0,  0,  0,  0,  0,  0,  0,  0,  0,  0,  0,  0,  0,  0,  0,  0,  0,  0,  0,  9, ],
[ 0,  0,  0,  0,  0,  0,  0,  0,  0,  0,  0,  0,  0,  0,  0,  0,  0,  0,  0,  0,  0,  0,  0,  0, ],
[ 0,  0,  0,  0,  0,  0,  0,  0,  0,  0,  0,  0,  0,  0,  9,  0,  0,  0,  0,  0,  6,  0,  5,  0, ],


[0.7010, 0.9400, ],
[0.3780, 0.6417, ],
[-0.9112, 0.8955, ],
[-0.7732, 0.3962, ],
[-0.0440, 0.2937, ],
[0.9587, -0.5605, ],
[0.9484, -0.7268, ],
[-0.5016, 0.4505, ],
[0.4817, -0.1110, ],
[0.2892, 0.4949, ],
[-0.8708, -0.1016, ],
[0.1536, 0.8985, ],
[0.5196, 0.8898, ],
[0.3703, 0.4405, ],
[-0.9411, -0.2986, ],
[-0.8597, 0.3557, ],
[0.8462, -0.0126, ],
[-0.2813, 0.4427, ],
[-0.8950, 0.4758, ],
[0.5035, 0.7310, ],
[-0.9398, -0.1363, ],
[0.1900, 0.5545, ],
[-0.3680, 0.9567, ],
[0.5492, 0.0433, ],
[0.2908, 0.7963, ],
[0.9879, -0.2722, ],
[-0.4855, 0.9088, ],
[0.2252, -0.0356, ],
[-0.1461, 0.4640, ],
[-0.0052, -0.7881, ],
[-0.5673, 0.7815, ],
[-0.6491, 0.6129, ],
[-0.8104, 0.2662, ],
[-0.2965, 0.4961, ],
[-0.4948, -0.4647, ],
[0.7462, 0.7349, ],
[0.9592, 0.9904, ],
[-0.1247, -0.6308, ],
[-0.9081, 0.9734, ],
[-0.2554, 0.5972, ],
[0.6780, 0.6096, ],
[0.0548, 0.7964, ],
[0.6575, -0.5542, ],
[0.2765, 0.5948, ],
[-0.1953, -0.5665, ],
[-0.9439, 0.2147, ],
[-0.9983, -0.0471, ],
[-0.2989, -0.7877, ],
[-0.8049, 0.3417, ],
[-0.2474, -0.0627, ],
[0.8548, -0.3622, ],
[0.7272, 0.4226, ],
[-0.1969, 0.1498, ],
[-0.6176, -0.2596, ],
[-0.5722, 0.4512, ],
[0.1500, 0.0964, ],
[0.6639, 0.3342, ],
[-0.5160, -0.0286, ],
[0.6839, 0.8611, ],
[0.6257, 0.3636, ],
[0.0037, -0.1790, ],
[-0.0049, -0.5963, ],
[-0.1668, -0.4177, ],
[-0.9766, -0.0040, ],
[0.2366, 0.9450, ],
[0.3327, 0.4334, ],
[-0.9157, 0.9371, ],
[-0.6756, 0.0448, ],
[-0.9988, -0.0705, ],
[-0.2066, 0.6610, ],
[-0.5183, -0.2344, ],
[-0.6103, -0.0747, ],
[-0.0757, -0.2728, ],
[0.2605, -0.2870, ],
[-0.1182, 0.6104, ],
[0.8444, -0.3177, ],
[-0.7516, -0.3051, ],
[-0.8130, -0.0951, ],
[-0.5950, -0.5567, ],
[0.2479, 0.0300, ],
[-0.0417, 0.1799, ],
[-0.3849, 0.1432, ],
[0.5927, -0.0058, ],
[-0.5836, -0.3429, ],
[-0.2059, -0.3881, ],
[0.8831, -0.6756, ],
[0.6464, -0.9941, ],
[0.8260, 0.7573, ],
[0.6778, 0.4535, ],
[-0.0212, 0.8702, ],
[-0.8340, 0.6487, ],
[-0.2152, -0.7423, ],
[0.1118, -0.9127, ],
[-0.0123, 0.5901, ],
[-0.7448, -0.8375, ],
[-0.6000, 0.2615, ],
[-0.5854, -0.0461, ],
[-0.1377, 0.2395, ],
[-0.2317, -0.4790, ],
[0.8744, 0.8186, ],


[6.0000, ],
[6.0000, ],
[9.0000, ],
[2.0000, ],
[8.0000, ],
[10.0000, ],
[8.0000, ],
[16.0000, ],
[11.0000, ],
[8.0000, ],
[17.0000, ],
[11.0000, ],
[4.0000, ],
[1.0000, ],
[3.0000, ],
[26.0000, ],
[2.0000, ],
[0.0000, ],
[9.0000, ],
[8.0000, ],
[5.0000, ],
[0.0000, ],
[8.0000, ],
[6.0000, ],
[10.0000, ],
[1.0000, ],
[3.0000, ],
[7.0000, ],
[5.0000, ],
[7.0000, ],
[12.0000, ],
[11.0000, ],
[4.0000, ],
[4.0000, ],
[7.0000, ],
[10.0000, ],
[16.0000, ],
[9.0000, ],
[5.0000, ],
[3.0000, ],
[9.0000, ],
[7.0000, ],
[5.0000, ],
[0.0000, ],
[3.0000, ],
[6.0000, ],
[12.0000, ],
[8.0000, ],
[17.0000, ],
[5.0000, ],
[12.0000, ],
[7.0000, ],
[11.0000, ],
[5.0000, ],
[10.0000, ],
[11.0000, ],
[13.0000, ],
[8.0000, ],
[0.0000, ],
[20.0000, ],
[12.0000, ],
[12.0000, ],
[7.0000, ],
[6.0000, ],
[3.0000, ],
[3.0000, ],
[4.0000, ],
[12.0000, ],
[9.0000, ],
[6.0000, ],
[7.0000, ],
[12.0000, ],
[5.0000, ],
[8.0000, ],
[0.0000, ],
[3.0000, ],
[9.0000, ],
[6.0000, ],
[3.0000, ],
[18.0000, ],
[3.0000, ],
[8.0000, ],
[2.0000, ],
[4.0000, ],
[3.0000, ],
[9.0000, ],
[0.0000, ],
[16.0000, ],
[4.0000, ],
[7.0000, ],
[12.0000, ],
[15.0000, ],
[6.0000, ],
[17.0000, ],
[10.0000, ],
[11.0000, ],
[2.0000, ],
[3.0000, ],
[0.0000, ],
[8.0000, ],


