[ 2,  0,  0,  0,  0,  0,  0,  0,  0,  0,  0,  0,  0,  0,  0,  0,  0,  2,  0,  0,  0,  0,  0,  0, ],
[ 0,  0,  0,  0,  0,  0,  0,  0,  0,  0,  0,  0,  0,  0,  0,  0,  2,  0,  0,  0,  0,  0,  0,  0, ],
[ 0,  0,  0,  0,  0,  0,  0,  0,  0,  0,  0,  0,  0,  0,  0,  0,  0,  0,  7,  0,  0,  0,  0,  0, ],
[ 0,  0,  0,  0,  0,  0,  0,  0,  0,  0,  0,  0,  0,  2,  0,  0,  1,  0,  2,  0,  0,  0,  0,  0, ],
[ 0, 13,  0,  0,  0,  0,  0,  0,  0,  0,  0,  0,  0,  0,  0,  0,  0,  0,  0,  0,  0,  2,  0,  0, ],
[ 0,  0,  0,  0,  0,  2,  0,  0,  0,  0,  0,  0, 13,  0,  0,  0,  0,  0,  0,  3,  0,  0,  4,  0, ],
[ 1,  0,  0,  2,  0,  0,  0,  0, 13,  0,  0,  0,  0,  0,  0,  0,  0,  0,  0,  0,  0,  0,  0,  0, ],
[ 0,  0,  0,  0,  0,  0,  0,  2,  0,  0,  0,  0,  0,  2,  0,  0,  0,  0,  0,  0,  0,  0,  0,  0, ],
[ 0,  0,  0,  0,  0,  0,  0,  0,  0,  0,  0,  0,  0,  0,  0,  0,  1,  0, 13,  0,  0,  0,  0,  0, ],
[ 0,  0,  0,  0,  0,  0,  0,  0,  0,  0,  0,  0,  0,  0,  0,  2,  0,  0,  0,  0,  0,  0,  0,  4, ],
[ 0,  0, 13,  0,  0,  0,  0,  0,  0,  0,  0,  0,  0,  0,  1,  0,  0,  0,  2,  0,  0,  0,  0,  0, ],
[ 0,  0,  0,  2,  0,  7,  0,  0,  0,  0,  0,  0,  0,  0,  0,  0,  0,  0,  0,  0,  4,  0,  0,  0, ],
[ 0,  0,  0,  0,  0,  0,  0,  0,  0,  0,  0,  0,  0,  0,  0,  0,  7,  0,  0,  0,  0,  0,  0,  0, ],
[ 0,  0,  0,  0,  1,  0,  0,  7,  0,  0,  0,  0,  0,  0,  0,  0,  0,  0,  0,  0,  4,  0,  0,  0, ],
[ 0,  0,  0,  1,  0,  0,  6,  0,  0,  0,  0,  0,  0,  0,  8,  0,  0,  0,  0,  0,  0,  0,  0,  0, ],
[13,  0,  0,  0,  0,  0,  0,  8,  0,  0,  0,  0,  0,  2,  0,  0,  0,  0,  2,  0,  0,  0,  0,  0, ],
[ 0,  0,  0,  0,  0,  0,  0,  0,  0, 14,  0,  4,  0,  0,  0,  0,  0,  2,  0,  0,  0,  0,  0,  0, ],
[ 0,  0,  0,  0,  0,  0,  8,  0,  0,  0,  0,  0,  0,  0,  0,  0,  0,  0,  0,  7,  0,  0,  2,  0, ],
[ 0,  0,  0,  0,  0,  0,  0,  0,  0,  0,  0,  0,  0,  2,  0,  0, 14,  7,  0,  0,  0,  0,  0,  0, ],
[ 0, 14,  0,  0,  0,  0,  0,  0,  0,  0,  0,  0,  0,  0,  0,  0,  0,  0,  0,  0,  0,  0,  0,  0, ],
[ 0,  0,  0,  0,  0,  0,  0,  0,  0,  0,  0,  0,  0,  0, 11,  4,  0,  0,  0,  0,  0,  0,  0,  0, ],
[ 0,  0,  0,  2,  0,  0,  0,  0,  0,  0,  0,  0,  0,  0,  0,  0,  0,  0,  1,  0,  0,  0,  0,  0, ],
[ 0,  0,  4, 11, 10,  0,  5,  0,  0,  0,  0,  0, 13,  0,  0,  0,  0,  0,  0,  0,  0,  0,  0,  0, ],
[ 0,  0,  0,  0,  7,  0,  0,  0,  0,  0,  0,  0,  0,  0,  0,  0,  0,  0,  0,  2,  0,  0,  0,  0, ],
[ 0,  0,  0, 12,  5,  0,  0,  0,  0,  0,  0,  0,  0,  0,  0,  0,  0,  0,  0,  2,  0,  0,  0,  0, ],
[ 0,  0,  2,  0,  0,  1,  1,  0,  2,  0,  0,  0,  0,  0,  0,  0,  0,  0,  0,  0,  0,  0,  0,  0, ],
[ 0,  0,  6,  0,  0,  0,  0,  0,  0,  0,  0,  0,  0,  0,  0,  4,  0,  0,  0,  0,  0,  0,  0,  0, ],
[ 0,  0,  0,  0,  0,  0,  0,  0,  0,  0,  0,  0,  0,  0,  0,  0,  0,  0,  0,  0,  0,  0,  0,  0, ],
[ 0,  0,  0,  0,  0,  0,  0,  0,  0,  2,  0,  0,  0,  0,  0,  0,  0,  0,  2,  0,  0,  0,  0,  0, ],
[ 0,  0,  1,  0,  0,  0,  0,  2,  8,  0,  0,  0,  0,  0,  0,  0,  7,  0,  0,  0,  0,  0,  0,  0, ],
[ 0,  0,  0,  0,  0,  0,  7,  0,  0,  0,  0,  0,  1,  0,  0,  2,  0,  0,  0,  0,  0,  0,  0,  0, ],
[ 0,  0,  0,  0,  0,  0,  0, 13,  0,  0,  0,  0,  0,  0,  0,  0,  0,  1,  0,  0,  0, 14,  0,  0, ],
[ 0,  0,  0,  0,  0,  2,  0,  0,  0,  0,  0,  0,  0,  0,  0,  0,  0,  0,  0,  0,  0,  0,  0,  0, ],
[ 0,  0,  0,  0,  0,  1,  0,  0,  0,  0,  0,  0,  2,  0,  0,  2,  2,  0,  0,  0,  0,  0,  0,  0, ],
[ 0,  0,  0,  0,  0,  0,  0,  0,  0,  0,  0,  0,  0,  2, 11,  0,  0,  0,  0,  0,  0,  0,  0,  0, ],
[ 4,  0,  0,  2,  0,  0,  0,  0,  0,  0,  0,  0,  0,  0,  2,  0,  0,  2,  0,  0,  0,  0,  0, 12, ],
[ 0,  0,  0,  0,  0,  0,  0,  0,  0,  2,  0,  0,  0,  0,  0,  0,  0,  2,  0,  0,  0,  0,  0,  0, ],
[ 0,  0,  0,  0,  0,  2,  0,  0,  0,  0,  0,  0,  0,  0,  8,  0,  0,  0,  2,  0,  0,  0,  0,  0, ],
[12,  0,  0,  0,  0,  0,  0,  0,  0,  0,  0,  0, 13,  0,  0,  0,  2,  0,  0,  0,  0,  0,  0,  0, ],
[ 0,  5,  0,  0,  0,  0,  0,  2,  0,  0,  0,  0,  0,  0,  0,  0,  0,  0,  0,  7,  0,  0,  0,  0, ],
[ 2,  0,  0,  0,  0,  0,  0,  0,  0,  0,  0,  0,  0,  0,  0,  2,  0,  0,  0,  7,  0,  0,  0,  0, ],
[ 0,  0,  0, 11,  0,  0,  0,  0,  0,  0,  0,  0,  8,  0,  0,  0,  2,  0,  0,  1,  0,  0,  0,  0, ],
[13,  0,  0,  4, 14,  0,  0,  0,  0,  0,  0,  0,  0,  0,  0,  0,  0,  0,  0,  0,  0,  0,  0,  0, ],
[ 0,  0,  0,  0,  0,  0,  0,  0,  0,  0,  0,  0,  0,  0,  0,  0,  0,  0,  0,  2,  0,  0,  0,  0, ],
[ 0,  0,  0,  1,  0,  0,  0,  0,  0,  0,  0,  0,  0,  0,  0,  0,  0,  0,  0,  0,  2,  0,  0,  0, ],
[ 0,  0,  0,  0,  0,  0,  0,  0,  0,  0,  0,  0,  0,  0,  0,  0,  0,  0,  0,  0,  0,  0,  0,  0, ],
[ 2,  0,  0,  0,  0,  5,  0,  0,  0,  0,  0,  0,  0,  0,  0,  0,  0,  0,  0,  0,  0,  0,  4,  0, ],
[ 0,  0,  0,  8,  0,  0,  0,  0,  0,  0,  0,  0,  0,  0,  0,  0,  0,  7,  0,  0,  0,  0,  0,  0, ],
[ 0,  0,  0,  0,  0,  0,  0,  0,  0,  0,  0,  0,  0,  2,  0,  0,  8,  0, 13,  0,  0,  0,  0,  0, ],
[ 0,  0,  0,  8,  0,  0,  0,  0,  0,  0,  0,  0,  0,  0,  0,  0,  0,  0,  0,  0,  2,  0,  0,  0, ],
[ 0,  0,  3,  0,  0,  0,  8,  0,  0,  0,  0,  2,  0,  0,  0,  0,  0,  0,  0,  0,  0,  0,  0,  0, ],
[ 0,  0,  0,  0,  0,  0,  0,  0,  0,  0,  0,  0,  0,  0,  0,  0,  0,  0,  0,  0,  2,  0,  0,  0, ],
[ 0,  0,  0,  0,  0,  9,  0,  0,  0,  0,  0,  0,  6,  0,  0,  0, 10,  0,  0,  0,  0,  0,  0,  0, ],
[ 6,  5,  0,  0,  0,  0,  0,  0,  0,  0,  6,  0,  0,  0, 11,  0,  0,  0,  0,  0,  0,  0,  0,  0, ],
[ 0,  0,  0,  0,  0,  0,  0,  0, 11,  0,  0,  0,  0,  0,  0,  0,  0,  0,  0,  0,  0,  0,  0,  0, ],
[ 0,  4,  0,  0,  0,  0,  0,  0,  0, 10,  7,  0,  0,  0,  0,  0,  0,  0,  0,  0,  0,  0,  0,  0, ],
[ 5,  0, 12,  0,  0,  0,  0,  0,  0,  4,  0,  0,  0,  0,  1,  0,  0,  0,  0,  0,  0,  0,  0,  0, ],
[ 0,  0,  0,  0,  0,  0,  0,  0,  0,  0,  0,  0,  0,  0,  0,  0,  0,  0,  0,  1,  0,  0,  1,  0, ],
[ 0,  8,  9,  0,  0,  0,  0,  0,  0,  0,  0,  0,  0,  2,  0,  0,  0,  0,  0,  0,  0,  0,  0,  0, ],
[ 0,  0,  9,  0,  0,  9,  0,  0,  0,  0,  0,  0,  0,  0, 11,  0,  0,  0,  0,  0,  0,  0,  0,  0, ],
[ 0,  0,  7,  0,  0,  4,  0,  0,  0,  8,  0,  0,  0,  0,  0,  0,  0,  1,  0,  0,  0,  0,  0,  0, ],
[ 0,  0,  0,  0,  0, 14,  0,  0,  0,  4,  0,  9,  0,  0,  0,  0,  0,  0,  0,  0,  0,  0,  0,  0, ],
[ 0, 10,  0,  9,  0,  0,  0,  0,  0,  0,  0,  0,  0,  0,  0,  0,  0,  0,  0,  0,  0,  0,  0,  0, ],
[ 0, 13,  0,  0,  0,  0,  0,  0,  0,  0,  0,  0, 13,  0,  0,  0,  0,  0,  0,  0,  0,  0,  0,  0, ],
[ 0,  0,  0,  0,  0,  0,  0,  0,  0,  0,  0,  0,  0,  0,  0,  0,  0,  0,  0,  0,  0,  0,  0,  0, ],
[ 0,  0,  0,  0, 11,  0,  5,  0,  0,  0,  0, 11,  0,  0,  0,  0,  0,  0,  0,  0,  0,  0,  0,  0, ],
[ 0,  0,  0,  0,  0,  0,  0,  0,  0,  0, 14,  0,  0,  0,  0,  0,  0,  0,  0,  0,  0,  0,  0,  0, ],
[ 0,  2,  0,  0,  0,  0,  0, 11,  0,  0,  0,  0,  0,  0,  0,  0,  3,  0,  0,  0,  0,  0,  0,  0, ],
[ 0,  0,  0,  0,  0,  0,  0,  0,  5,  8,  0,  0,  0,  0,  0,  3,  3,  0,  0,  0, 13,  0,  0,  0, ],
[ 0,  0,  0,  0,  0,  0,  0,  0,  0,  0,  0,  0,  0,  0,  0,  0,  0,  0,  0,  0,  0,  0,  0,  0, ],
[ 0,  0,  4,  0,  0,  0,  0,  0,  0,  0,  0,  0,  0,  0,  2,  0,  0,  0,  0,  0,  0,  0,  0,  0, ],
[ 0,  0,  0,  0,  0,  0,  0,  0,  0,  0,  0,  0,  0,  0,  0,  0,  0,  0,  0,  0,  8,  0,  0,  0, ],
[ 0,  0,  0,  0,  4,  2,  0,  0,  0, 12,  0,  0,  0,  0,  0,  0,  0,  0,  0,  0,  0, 14,  0, 13, ],
[ 0,  0,  5,  0,  0,  0, 11,  0,  0,  0,  0,  0,  0, 13,  0,  0,  0,  0,  0,  0,  0,  0,  0,  0, ],
[ 0,  0,  0,  5,  0,  0,  0,  0,  0,  0,  0,  0,  1,  0,  0,  0,  1,  0,  0,  0,  0,  0,  0,  0, ],
[ 0,  9,  0,  0,  0,  0,  0,  0,  0,  0,  0,  0,  0,  0,  0,  0,  0, 12,  0,  0,  0,  0,  0,  0, ],
[ 0,  0,  0, 10,  0,  0,  0,  0,  0,  0,  0,  0,  0,  0,  0,  0,  0,  3,  0,  3,  0,  0,  0,  0, ],
[ 9,  0,  2,  0,  0,  0,  0,  0,  0,  0,  0,  0,  0,  0,  0,  0,  0,  0,  0,  0,  0,  0,  0,  4, ],
[ 3,  0,  0,  0,  0,  0,  0, 12,  0,  0,  0,  0,  0,  0,  0,  0,  0,  0,  0,  0,  0,  0,  0,  0, ],
[ 0,  0,  0,  0,  0, 11,  0,  0,  0,  0,  0,  0, 14,  0,  0,  0,  0,  0,  0,  0,  0,  0,  0,  0, ],
[ 0,  0,  0,  0,  0,  0,  0,  0,  1,  0,  2,  0,  0,  0,  0,  0,  0,  0,  0,  0,  0,  0,  0,  9, ],
[ 0,  0,  0,  0,  0,  0,  0,  0,  0,  0,  0,  0,  0,  4,  0,  0,  0,  0,  0,  0,  0,  0,  0,  0, ],
[ 0,  0,  0,  7,  0,  0,  0,  0,  0,  0,  0,  0,  0,  0,  0,  0,  0,  0,  0,  0,  0,  0,  0,  0, ],
[ 0,  0,  0,  0,  0,  0,  0,  2,  0,  0,  0,  0,  0,  0,  0,  0,  0,  0,  0,  0,  0,  0,  0,  0, ],
[ 0,  0,  0,  0,  0,  0,  0,  0, 10,  3,  0,  0,  0,  0,  0,  0,  0,  0,  0,  0,  0,  0,  0,  0, ],
[ 0,  0,  0,  1,  0,  0,  0,  7,  0, 10,  0,  0,  0,  0,  0,  0,  0,  0,  0,  0,  0,  0,  0,  0, ],
[ 0,  0,  0,  0,  6,  0,  0,  0,  0,  0, 12,  0,  0,  0,  0,  0,  0,  0,  0,  0,  0,  0,  0,  0, ],
[ 0,  0,  0,  0,  0,  0,  0,  0,  0,  0,  0,  0,  0,  0,  0,  0,  0,  0,  0,  0,  0,  0,  0,  0, ],
[ 4, 12,  0,  0,  0,  0,  0,  4,  0,  0,  0,  0,  0,  0,  0,  0,  0,  0,  0,  0,  0,  0,  0,  0, ],
[ 0,  0,  0, 12,  0,  0,  0,  0,  0,  0,  0,  0,  0,  0,  0,  0,  0,  0,  0,  0,  0,  0,  0,  0, ],
[ 0,  0,  5,  0,  0,  0,  0,  0,  0,  0,  8,  0,  0, 14,  0,  0,  0,  0, 14,  0,  0,  0,  0,  0, ],
[ 0,  0,  0,  0,  0,  0, 10,  0,  0,  6,  0,  0,  0,  0,  0,  0,  0,  0,  0,  0,  0,  0,  0,  0, ],
[ 0,  0,  0,  0,  0,  0,  0,  0,  0,  0,  0,  0,  0,  0,  0,  0,  0,  0,  0,  3,  0,  0,  0,  0, ],
[ 0,  0,  0,  0,  0,  0,  0,  1,  0,  3,  0,  0,  0,  0,  0,  0,  0,  0,  0, 12,  0,  0,  0,  0, ],
[ 0,  0,  0,  0,  0,  0,  0,  0,  0,  0,  0,  0,  0,  0,  0,  0,  0,  0,  0,  0,  0, 12,  0,  0, ],
[ 0,  0,  0,  0,  0,  0,  0,  0,  0,  0, 11,  0,  0,  0,  0,  0,  0,  0,  0,  0,  0,  0,  0,  0, ],
[ 7,  0,  0,  0,  0,  0,  0,  8,  9,  0,  0,  0,  0,  0, 14,  0,  3,  0,  9,  0,  0,  0,  0,  0, ],
[ 0,  0,  7,  0,  0,  0,  0,  0,  0, 11,  0,  0,  0,  0,  0,  0,  0,  0,  0,  8,  0,  0,  0,  0, ],
[ 0,  0,  0,  2,  0,  0,  0,  0,  0,  0,  0,  0,  0,  0,  0,  0, 10,  0,  0,  0,  0,  0,  0,  0, ],
[ 0,  0,  0,  0,  0,  0,  0,  0,  0,  0,  0,  0,  0,  0,  0,  0,  0,  0,  0,  0,  0,  0,  0,  0, ],


[-0.5010, -0.0861, ],
[0.2930, -0.9969, ],
[0.3705, -0.2192, ],
[-0.6260, 0.4148, ],
[0.2907, -0.0727, ],
[-0.5204, 0.3976, ],
[-0.0217, 1.0000, ],
[-0.4471, 0.0713, ],
[0.2851, 0.6463, ],
[0.4051, -0.0189, ],
[-0.1446, 0.5900, ],
[0.7667, -0.3212, ],
[0.0597, 0.3549, ],
[0.2689, -0.8087, ],
[0.9646, 0.0727, ],
[-0.2650, -0.2537, ],
[0.2596, 1.0000, ],
[-0.1710, 0.2690, ],
[0.3199, 0.1607, ],
[-0.7622, 1.0000, ],
[-0.8277, 0.1343, ],
[0.9284, -0.5201, ],
[-0.7626, -0.1048, ],
[0.5233, -1.0000, ],
[-0.5579, 0.1282, ],
[-0.1717, 1.0000, ],
[0.2176, -0.1475, ],
[0.0740, 0.4263, ],
[0.9398, -0.3649, ],
[0.4733, 0.6758, ],
[0.3085, 0.1663, ],
[-0.8470, 1.0000, ],
[0.1495, 1.0000, ],
[0.2537, 0.3613, ],
[-0.8362, 0.2085, ],
[-1.0000, -0.6785, ],
[-0.3049, 0.9744, ],
[-0.1377, -0.7741, ],
[-0.1011, 0.5655, ],
[1.0000, -0.7203, ],
[-0.8373, 0.7800, ],
[0.1257, 0.9923, ],
[0.0186, -0.0318, ],
[-0.5907, 0.0985, ],
[0.1888, 0.9574, ],
[-0.3799, 0.4269, ],
[-0.3810, 1.0000, ],
[-0.1350, 0.6118, ],
[0.4528, -0.1431, ],
[0.4380, -0.1757, ],
[-0.8243, 0.3305, ],
[0.6523, -0.6819, ],
[0.4195, 0.0233, ],
[-0.7376, 0.9289, ],
[0.8990, 0.1617, ],
[0.6240, -0.1949, ],
[0.0319, -0.5683, ],
[-0.1617, -0.1473, ],
[0.8959, -0.9976, ],
[0.6403, 0.9640, ],
[-0.3414, 0.7178, ],
[-0.0030, 0.6109, ],
[-0.0224, 0.0141, ],
[0.9136, 0.1757, ],
[-0.1419, -0.5891, ],
[0.9115, 0.3375, ],
[0.1076, -0.9292, ],
[-0.4863, 0.1108, ],
[-0.4036, 0.9831, ],
[-0.7332, 0.8245, ],
[-0.4819, -0.2828, ],
[-0.2263, 0.4864, ],
[0.7342, -0.1087, ],
[-0.8539, -0.9308, ],
[-0.9658, -0.9845, ],
[0.9342, -0.4708, ],
[-0.7744, 0.3730, ],
[-0.4034, 0.7199, ],
[-0.9606, -0.9006, ],
[-0.0859, -0.6210, ],
[0.2920, 0.8928, ],
[-0.0821, 0.6914, ],
[-0.7906, 0.1332, ],
[-0.2584, 0.8126, ],
[-0.2679, 0.5550, ],
[-0.2645, -0.8115, ],
[-0.7416, 0.8676, ],
[-0.0893, 0.3257, ],
[0.0276, 0.9657, ],
[0.0767, 0.8943, ],
[0.1597, 0.4204, ],
[-0.5994, -0.3595, ],
[-0.1723, 0.0366, ],
[0.7185, 0.4676, ],
[-0.0853, -0.6893, ],
[0.5259, 0.7920, ],
[-0.6067, 0.7144, ],
[0.5504, -0.6282, ],
[-0.1586, -0.3257, ],
[0.3969, 0.7934, ],


[2.0000, ],
[1.0000, ],
[3.0000, ],
[3.0000, ],
[5.0000, ],
[9.0000, ],
[6.0000, ],
[2.0000, ],
[5.0000, ],
[3.0000, ],
[6.0000, ],
[6.0000, ],
[3.0000, ],
[6.0000, ],
[7.0000, ],
[9.0000, ],
[7.0000, ],
[7.0000, ],
[8.0000, ],
[4.0000, ],
[6.0000, ],
[2.0000, ],
[16.0000, ],
[4.0000, ],
[7.0000, ],
[4.0000, ],
[5.0000, ],
[0.0000, ],
[2.0000, ],
[8.0000, ],
[5.0000, ],
[9.0000, ],
[1.0000, ],
[4.0000, ],
[5.0000, ],
[9.0000, ],
[2.0000, ],
[5.0000, ],
[9.0000, ],
[6.0000, ],
[5.0000, ],
[9.0000, ],
[10.0000, ],
[1.0000, ],
[2.0000, ],
[0.0000, ],
[5.0000, ],
[6.0000, ],
[8.0000, ],
[4.0000, ],
[6.0000, ],
[1.0000, ],
[10.0000, ],
[12.0000, ],
[4.0000, ],
[9.0000, ],
[9.0000, ],
[2.0000, ],
[7.0000, ],
[10.0000, ],
[9.0000, ],
[9.0000, ],
[7.0000, ],
[8.0000, ],
[0.0000, ],
[10.0000, ],
[4.0000, ],
[7.0000, ],
[13.0000, ],
[0.0000, ],
[3.0000, ],
[3.0000, ],
[15.0000, ],
[10.0000, ],
[4.0000, ],
[7.0000, ],
[8.0000, ],
[6.0000, ],
[6.0000, ],
[8.0000, ],
[5.0000, ],
[2.0000, ],
[3.0000, ],
[1.0000, ],
[6.0000, ],
[8.0000, ],
[7.0000, ],
[0.0000, ],
[8.0000, ],
[4.0000, ],
[13.0000, ],
[7.0000, ],
[2.0000, ],
[7.0000, ],
[4.0000, ],
[4.0000, ],
[18.0000, ],
[10.0000, ],
[5.0000, ],
[0.0000, ],


