[ 4,  0,  0,  0,  0, 12,  0,  0,  0,  0,  0,  0,  0, 14,  2,  0,  0,  9,  0,  0,  0,  0,  0,  5, ],
[ 0,  0,  0,  0,  0,  0,  0,  0,  0,  0, 10,  0,  0,  0,  0,  0,  0,  0,  0,  0,  0,  0,  0,  0, ],
[ 0,  0,  0,  0,  0,  0,  0,  0,  0,  1,  0,  0,  0,  0,  0,  0, 13,  0,  0,  0,  0,  0,  0,  0, ],
[ 0,  0,  0,  0,  0,  0,  0,  0,  0, 10,  0, 12,  0,  0, 12,  0,  0,  0,  0,  0,  0,  0,  0,  0, ],
[ 0,  0,  0,  0,  0, 14,  0,  0,  0,  0,  0,  0,  0, 11,  0,  0,  0,  0,  0,  0,  0,  0,  6,  0, ],
[ 3,  0,  8,  0,  0,  0,  0,  0,  0,  0,  0,  0,  0,  0,  0,  0,  0,  0,  0,  0,  0,  0,  0,  0, ],
[ 0,  0,  0,  0,  0,  0,  0,  0,  0,  0,  0,  0,  0,  0,  0,  0,  0,  0,  0,  0,  0,  0,  0,  0, ],
[ 0,  0,  0,  0,  0,  0,  0,  0,  6,  0, 10,  0,  0,  0,  0,  0,  0,  0,  0,  0,  0,  0,  0,  0, ],
[ 0,  6,  0,  0,  0,  0,  3,  0,  0,  0,  0,  0,  0,  0,  0,  0,  0,  0,  0,  0,  0,  0,  0,  0, ],
[ 0,  0,  3,  0,  0,  0,  6,  0,  0,  0,  0,  0,  0,  0,  0,  0,  0,  0,  0,  0,  0,  0,  0,  0, ],
[ 2,  1,  0,  0,  0,  0,  0,  0,  0,  0,  0,  0,  0,  9,  0,  0,  0,  0,  0,  0,  0,  0,  0,  0, ],
[ 0,  0,  0,  5,  0, 11,  0,  0,  0,  0,  5,  0,  0,  0,  0,  4,  0,  0,  0,  0,  0,  0,  0,  0, ],
[ 0,  0,  0,  0,  0,  0,  0,  0,  0,  0,  0,  0,  0,  0,  0,  0,  0,  0,  0,  0,  0,  0,  0,  0, ],
[13,  4,  0,  0,  0,  0,  0,  2,  0,  0, 12,  0,  2,  0,  0,  0,  0,  0,  0,  0,  0,  0,  0,  4, ],
[ 0,  0,  0,  0,  0,  0,  0,  0,  0, 13,  0,  0,  0,  0,  0,  3,  0,  0,  0,  0,  5,  1,  0,  0, ],
[ 9,  0,  0,  0,  0,  0,  0,  0,  0,  0,  0,  0,  0,  0,  0,  0,  0,  0,  0,  0,  0,  0,  0,  0, ],
[ 0,  8,  0,  0, 11,  0,  0,  0,  0,  0, 12,  0,  7,  0,  0,  0,  0,  0,  0,  0,  0,  0,  0,  0, ],
[ 0,  0,  0,  0, 12,  0,  0,  0,  0,  0,  1,  9,  0,  0,  0,  0,  0,  0,  0,  0,  0,  0,  0,  0, ],
[ 0,  0,  0,  0,  0,  0,  0,  0,  0,  0,  0,  0,  0,  0,  0,  0,  0,  0,  0,  0,  0,  0,  0,  0, ],
[ 7,  0,  0,  0,  0,  0,  0,  0,  7,  0,  0,  0,  0,  0,  0,  0,  0,  0, 10,  7,  0,  0,  0,  0, ],
[ 0,  0,  0,  0,  0,  0,  0,  0,  0,  0,  0,  0,  0,  0,  0,  0,  0,  0,  0,  0, 14,  0, 10,  0, ],
[ 0,  0,  0,  0,  0,  7,  0,  0,  0,  0,  0,  0,  0,  0,  0,  0,  0,  0,  0,  0,  0,  0,  0,  0, ],
[ 0,  0,  0,  0,  0,  0,  0,  0, 10,  0,  0,  0,  0,  0,  0,  0,  0,  0,  0,  0,  0,  0,  0,  0, ],
[ 0,  0,  0,  0,  0,  0,  0,  0,  0,  0, 14,  0,  0,  0,  0, 11,  0,  0,  0,  3,  0,  0, 13,  0, ],
[ 0,  0, 10,  0,  0,  0,  0,  0,  0, 11,  0,  0,  0,  0,  0,  0,  0,  0,  0,  0,  0,  0,  0,  0, ],
[ 0,  0,  0,  0,  0,  0,  0,  0, 11,  0,  0,  0,  0,  0,  0,  0,  0,  0,  0,  0,  0,  0,  0,  0, ],
[ 0,  0,  0,  0,  0,  0,  8,  0,  0,  0,  0,  0,  0,  2,  0, 13,  0,  0,  0,  0,  8,  0,  0,  0, ],
[ 0,  0,  8,  0,  0,  0,  0,  0,  0,  0,  0,  0,  0,  0,  0,  0,  0,  0,  0,  0,  0,  0,  0,  0, ],
[ 1,  0,  0,  3,  0,  0,  0,  0,  0,  0,  0,  0,  0,  0,  0,  0,  0,  0,  0,  0,  0,  0,  0,  0, ],
[ 0,  0, 11,  0,  0,  0,  0,  0,  5,  0,  0,  0,  0,  0,  0,  0,  0,  1,  0,  0,  0,  0,  0,  0, ],
[ 0,  0,  0,  0,  0,  0,  0,  0,  0,  0,  0,  0,  0,  0,  0,  0,  0,  0,  0,  0,  0,  0,  0,  0, ],
[ 0,  0,  0,  0, 10,  0,  0,  0,  0,  0, 11,  0,  0,  0,  0,  7,  0,  0,  0,  0,  0,  0,  0,  0, ],
[ 0,  0,  0,  0,  0,  0,  0,  0,  0,  0,  0,  0,  0,  0,  0,  0,  0,  0,  0,  0,  0,  0,  0,  0, ],
[ 0, 12,  0,  0,  0,  0,  0,  0,  0,  2, 12,  0,  0,  0,  6,  0,  4,  0,  0,  0,  0,  0,  0,  0, ],
[ 0,  0,  0,  0,  0,  0,  0,  0,  7, 14,  0,  0,  0,  0,  0,  0,  0,  0,  0,  0,  0,  0,  0,  0, ],
[ 0,  0,  0,  0,  0,  8,  0,  0,  0,  0,  0,  0,  0,  0,  0,  0,  0,  0,  0,  0,  0,  0,  0,  0, ],
[ 0,  0,  0,  0,  0,  0,  0,  0,  0, 11, 14,  0,  3,  0,  0,  0,  0,  4,  0,  0,  0,  0,  0,  1, ],
[ 0,  0,  0,  0,  0,  0,  0,  0,  0,  0,  0,  0,  0,  0,  0,  0,  0,  0,  7,  4,  0,  0,  0,  0, ],
[ 0,  0,  0,  1,  0,  0,  0,  0,  0,  9,  0,  0,  0,  0,  0,  0,  0,  0,  0,  0,  0,  0,  7,  0, ],
[ 4,  0,  0,  0, 14,  0,  0,  0,  0,  0,  0,  0,  0,  0,  0,  0,  0,  0,  0,  0,  0,  0,  0,  0, ],
[ 0,  0,  0,  6,  0,  0,  0,  0,  0,  0,  0,  2,  0,  0,  0,  5,  0,  0,  0,  0,  0,  0,  0, 10, ],
[ 0,  0,  0,  0,  0,  0,  0,  0,  0, 10,  0, 10,  0,  0,  0,  0,  0,  0,  0,  0,  0,  0,  0,  0, ],
[12,  0,  0,  0,  0,  0,  0,  0,  0,  0,  0,  0,  0,  0,  0,  0,  0,  0,  0,  0,  0,  0,  0,  0, ],
[ 0,  0,  0,  0,  0,  0,  9,  0,  0,  0,  0,  0,  0,  0,  0,  0,  0,  0,  0,  0,  0,  0,  0,  0, ],
[ 8, 11,  0,  0,  0,  0,  0,  0,  0, 14, 12,  0,  0,  0,  0,  0,  0,  0,  0,  0,  0,  0,  0,  0, ],
[ 0,  5,  0,  5,  0,  0,  0,  0,  0,  4,  0,  0,  0,  0,  0,  0,  4,  0,  0,  0,  0,  0, 11,  0, ],
[ 0,  0,  0,  0,  0,  0,  0,  0,  0,  0,  0,  0,  1,  0,  0,  0,  0,  0,  0,  0,  0,  6,  0,  0, ],
[ 0,  0,  3,  0,  0,  0,  0,  0,  1,  0,  0,  0,  0,  0,  0, 10,  0,  0,  0,  0,  0,  0,  0,  0, ],
[ 0,  0,  0,  0,  0,  0,  3,  0,  0,  0,  2,  0,  0,  0,  0,  4,  0,  0,  1,  0,  0,  0,  2,  0, ],
[ 0,  0,  0,  0, 12,  0,  0,  0,  0,  0,  0,  1,  0,  0,  0,  0,  7,  0,  0,  0,  0,  0,  0,  0, ],
[ 0,  0,  0,  0,  0,  0,  0,  0,  0,  0,  0,  0,  0,  0,  0,  0,  0,  0,  0,  0,  0,  0,  0,  2, ],
[ 0,  0,  0,  0,  0,  0,  0,  0,  0,  0,  0,  0,  0,  0,  0,  0,  0,  0,  0,  0,  0,  0,  0,  0, ],
[ 0,  0,  0, 14,  0,  0,  0,  0,  0,  0,  0,  0,  0,  0,  0,  0,  0,  0,  0,  0,  0,  0,  0,  0, ],
[ 0,  0,  0,  0,  0,  0,  0,  0,  0,  0,  0,  0,  0,  0, 12,  0,  0,  0,  0,  0,  0,  0,  0,  0, ],
[ 0,  0,  0,  0,  0,  0,  0,  0,  0,  0,  0,  0,  0,  0,  0,  0,  9,  0,  0,  0,  0, 14,  0,  3, ],
[ 0,  0,  0,  0,  0,  0,  0,  0,  0,  0,  0,  0, 10,  6,  0,  0,  0,  1,  0,  0,  0,  0,  0,  0, ],
[ 0,  0,  0, 11,  0,  0,  0,  0,  9, 12,  0,  0,  0,  0,  0,  0,  0,  0,  0,  0,  0,  0,  0,  0, ],
[ 0,  0,  0,  0,  0,  0,  4,  0,  0,  0,  0,  0,  0,  0,  0,  0,  0,  0,  0,  0,  0,  0,  0,  0, ],
[ 0,  6,  0,  0,  0,  0,  0,  0,  0,  0,  0,  0,  0,  0,  0,  0,  0,  0,  0,  0,  0,  0,  0,  0, ],
[ 0,  0,  0,  0,  0,  0,  0,  0,  0,  0,  0,  0,  0,  0,  0,  0,  0,  0,  6,  0,  0, 12,  0,  0, ],
[ 0,  0,  0,  0,  0,  0,  0,  0,  0,  0,  7,  0,  0,  0,  0,  0,  0,  6,  0,  0,  0,  0,  0,  0, ],
[ 0,  0,  0,  0,  0, 13,  0,  0,  0,  0,  0,  0,  0,  0,  0,  0,  0,  0,  0,  0,  0,  0,  0,  0, ],
[ 0,  0,  0,  0,  0,  0,  0,  0,  0,  0,  0,  0,  0,  0,  0,  0,  0, 14,  0,  0, 14,  0,  0,  0, ],
[ 0,  0,  0,  0,  0,  0,  0,  0,  0,  0,  4,  0,  0,  0,  0,  0,  0,  0,  0,  0,  0,  0,  0,  0, ],
[ 7,  0,  0,  0,  0,  7,  0,  0,  0,  0,  0,  0,  0,  0,  0,  0,  0,  0,  0,  0, 13,  0,  0,  0, ],
[ 0,  0,  0,  0,  0,  0,  0,  0,  0,  0,  0,  0,  0,  0,  0,  0,  0,  0,  0,  0,  0,  0,  0,  0, ],
[ 0,  0,  0,  0,  0,  0,  0,  0, 13,  0,  0,  0,  0,  0,  0,  0,  0,  0,  0,  0,  0,  0, 11,  0, ],
[ 0,  0,  0,  0,  0,  0,  0,  0,  0,  0, 13,  0,  0,  0,  0,  0,  0,  0,  0,  0,  0,  0,  0,  2, ],
[ 0,  0,  0, 13,  0,  1,  0,  0,  0,  0,  0,  0,  0,  0,  9,  7,  0,  0,  0, 12,  0,  0,  0,  0, ],
[ 3,  0,  5,  0,  0,  0,  0,  0,  0,  0, 11,  0,  8,  0,  5,  0,  0,  8,  2,  0,  0,  0,  0,  3, ],
[ 0,  2,  0,  0,  0,  0,  0,  0,  0,  0,  0,  0,  0,  0,  0, 11,  0,  7,  0, 13,  0,  0,  0,  0, ],
[ 0,  0,  0,  5,  0,  0,  0,  0,  0,  0,  2,  2,  0,  0,  0,  0,  0,  0,  0,  0,  0,  0,  0,  0, ],
[ 0,  0,  0, 12,  0,  0,  0,  0,  0,  0,  0,  0,  0,  0,  0,  0,  0,  3,  0,  0,  0,  0, 12,  6, ],
[12,  0,  0,  0,  0,  0,  0,  0,  0,  5,  0,  0,  0,  0,  0,  0,  0,  0,  0,  0,  0,  0,  0,  0, ],
[ 0,  0,  2,  0,  0,  0,  0,  0,  0,  0,  0,  0,  0,  0,  0,  7,  0,  0,  0,  0,  0,  0,  0,  0, ],
[ 0,  0,  0,  5,  0,  0,  0,  0,  0,  0,  1,  0,  0,  0,  0,  0,  0,  0,  0,  0,  0,  0,  0,  0, ],
[ 0, 14,  0,  0,  0,  0,  0,  0,  0,  0,  0,  0,  0, 13,  0,  0,  0,  0,  0,  0,  0, 11,  0,  0, ],
[ 0,  2,  0,  0,  0,  0,  0,  0,  0,  0,  0,  0,  0,  0,  0,  0,  0,  0,  0,  0,  0,  0,  0,  0, ],
[ 0,  0,  0,  0,  0,  0,  0,  0,  0,  0,  0,  0,  0,  0,  0,  0,  0,  0,  0,  0,  0,  0, 14,  3, ],
[ 0,  0,  0,  0,  0,  0,  0,  0,  0,  0,  0,  0,  0,  0,  0,  3,  0,  0,  0,  0, 12,  0,  0,  0, ],
[ 0,  0,  5,  0,  0,  0, 14,  0,  0,  0,  0,  0,  0,  0,  0,  0,  0,  0,  0, 13,  0,  0,  0,  0, ],
[ 0,  0,  0,  0,  0,  5,  0,  0,  0,  0, 12,  0,  5,  0,  0,  0,  0,  0,  0,  0,  0,  0,  0,  0, ],
[ 0,  0,  0,  0,  0,  9,  0,  0,  0,  0,  0,  0, 10,  0,  0,  0,  0,  0,  0,  0,  0,  0,  0,  0, ],
[ 0,  0,  0,  0, 11,  0,  8,  0,  0,  0,  0,  0,  0,  0,  0,  0,  0,  0,  0,  0,  0,  0, 14,  0, ],
[ 0,  0,  0,  0,  0,  0,  0,  0,  0,  0,  0,  0,  0,  0,  0,  0,  1,  0,  0,  0,  0,  0,  0,  0, ],
[14,  0,  0,  0,  0,  9,  0,  0,  0,  0,  0,  0,  0,  0,  0,  4,  0, 14,  0,  0,  0,  0,  0,  0, ],
[ 0,  0,  0,  0,  0,  0,  0,  0,  0,  0,  0,  0,  0,  0,  0,  0,  0,  0,  0,  0,  0,  0,  0,  0, ],
[ 0,  0,  0,  0,  0,  0,  0,  0,  0,  0,  0,  0,  0,  0,  0,  0,  0,  0,  0,  0,  0, 13,  0,  0, ],
[ 0,  0,  0,  0, 11,  0,  0,  0,  0,  0,  0,  0,  0,  1,  0,  0,  0,  0,  0,  0,  0,  0,  0,  0, ],
[ 0,  0,  0,  0,  7,  0,  0, 14,  0,  0,  0,  0,  1,  0,  0,  0,  0,  0, 12,  0, 13,  0,  1,  0, ],
[ 0,  0,  0,  2,  0,  0,  0,  0,  0,  0,  0,  0,  0,  0,  0,  0,  0,  0,  0,  0,  0,  0,  0,  0, ],
[ 0,  0,  0,  0,  0,  2,  0,  0,  0,  0,  0,  0,  0,  0,  0,  0,  0,  0,  0,  0,  0,  0,  0,  0, ],
[ 0,  0, 13,  0,  0,  0,  0,  7,  0,  0,  0,  0,  8,  0,  0,  0,  0,  0,  0,  0,  0, 13,  0,  0, ],
[ 0,  8,  0,  0,  0,  0,  0,  9,  0,  0,  0,  0,  0,  0,  0,  0,  0,  0,  0,  0,  0,  0,  0,  0, ],
[ 0,  0,  0,  0,  0,  0,  0,  0,  9,  0,  0,  0,  0,  0,  0,  0,  0,  0,  0,  0,  0,  0,  0,  0, ],
[ 0,  0,  0,  0,  0,  0,  0, 13,  0,  0,  0,  0,  0,  0,  0,  0,  0,  0,  0,  0,  0,  0,  0,  0, ],
[ 0,  0,  0,  0,  0,  0,  0,  0,  0,  0,  0,  0,  0,  0,  0, 13,  0,  0,  0,  0,  0,  0,  0,  0, ],
[ 0,  0,  0,  3,  0,  0,  0,  0,  0,  0,  0,  0,  0,  0,  0,  0,  0,  0,  0,  0,  0,  0,  0,  0, ],
[13,  0,  0,  0,  3,  0,  0,  0,  0,  0,  0,  0,  0,  0,  0,  0,  0,  0,  0,  0,  0,  0,  0,  0, ],
[ 0,  0,  0,  0,  0,  0,  0,  0,  0,  0,  0,  0,  0,  0,  0,  0,  0,  0,  3,  0,  0,  0,  0,  0, ],


[0.7479, -0.9810, ],
[-0.1387, -0.3678, ],
[-0.0973, -0.3314, ],
[-0.2311, 0.3143, ],
[0.9945, -0.2843, ],
[0.5352, -0.2573, ],
[-0.6848, 0.5893, ],
[0.1763, 0.2612, ],
[-0.2557, -0.6367, ],
[-0.8401, 0.1551, ],
[-0.9645, -0.2853, ],
[-0.0702, -0.4025, ],
[0.1938, -0.7566, ],
[0.5621, 0.2255, ],
[0.5195, 0.5290, ],
[-0.6361, -0.1375, ],
[-0.3817, -0.5363, ],
[0.2534, 0.9962, ],
[0.6270, 0.3717, ],
[-0.0861, -0.7390, ],
[0.6977, 0.0713, ],
[0.4203, 0.0863, ],
[0.5892, -0.1193, ],
[1.0000, -0.0771, ],
[0.8780, -0.1406, ],
[0.0632, -0.0819, ],
[-0.9508, 0.7187, ],
[0.1359, -0.3898, ],
[0.6849, 0.3593, ],
[0.7850, -0.3829, ],
[-0.6348, -0.5314, ],
[0.0711, 0.5525, ],
[0.8206, -0.3916, ],
[0.7120, 0.8161, ],
[0.1111, 0.6937, ],
[-0.6984, 0.2095, ],
[-0.7943, -0.0386, ],
[0.5954, -0.3254, ],
[1.0000, 1.0000, ],
[0.8271, 0.4709, ],
[0.5149, -0.6780, ],
[0.0371, 0.2488, ],
[0.3692, 0.3440, ],
[0.3531, -0.7723, ],
[0.8432, -0.1874, ],
[0.2527, 0.9581, ],
[0.2130, 0.1405, ],
[-0.4525, -0.1741, ],
[-0.1486, -0.7563, ],
[0.8335, 0.8791, ],
[0.5573, -0.0398, ],
[0.0885, 0.2937, ],
[0.1344, -0.7793, ],
[-0.1458, -0.3897, ],
[-0.3173, 0.8040, ],
[0.6900, -0.3753, ],
[0.5125, -0.1510, ],
[-0.6922, 0.2922, ],
[-0.7096, 0.5022, ],
[0.6554, -0.5288, ],
[0.6453, -0.0173, ],
[-0.5625, 0.2344, ],
[-0.4851, -0.0254, ],
[0.4357, -0.0705, ],
[0.9846, 0.0141, ],
[0.1689, -0.8824, ],
[0.7389, 0.2948, ],
[0.1659, -1.0000, ],
[0.3241, -0.0042, ],
[0.7288, -0.0360, ],
[0.9327, 0.4060, ],
[-0.3631, 0.3095, ],
[-0.3021, 0.2776, ],
[-0.2907, -0.4660, ],
[-0.9144, 0.6689, ],
[-1.0000, -0.2475, ],
[0.8806, -0.4425, ],
[0.4419, -0.0138, ],
[-0.0651, -0.1475, ],
[-0.4947, -0.2324, ],
[-0.4060, -1.0000, ],
[-0.0828, 0.6455, ],
[-0.1135, 0.7471, ],
[-0.3164, 0.8465, ],
[-0.2813, 0.1552, ],
[-0.5242, -0.3963, ],
[0.1629, 0.5990, ],
[0.7967, 0.4298, ],
[0.6264, -0.6787, ],
[0.5093, -0.5140, ],
[-0.3531, -0.2060, ],
[-0.0581, 0.9169, ],
[-0.0329, -0.4762, ],
[0.9163, 0.4647, ],
[-1.0000, -0.9858, ],
[-0.2373, 0.0697, ],
[-0.7120, 0.0358, ],
[0.6376, -0.4703, ],
[0.7336, 0.3053, ],
[0.3245, 0.8378, ],


[16.0000, ],
[4.0000, ],
[5.0000, ],
[12.0000, ],
[11.0000, ],
[5.0000, ],
[0.0000, ],
[7.0000, ],
[5.0000, ],
[5.0000, ],
[5.0000, ],
[10.0000, ],
[0.0000, ],
[14.0000, ],
[9.0000, ],
[3.0000, ],
[14.0000, ],
[8.0000, ],
[0.0000, ],
[13.0000, ],
[8.0000, ],
[3.0000, ],
[4.0000, ],
[14.0000, ],
[8.0000, ],
[4.0000, ],
[11.0000, ],
[3.0000, ],
[3.0000, ],
[7.0000, ],
[0.0000, ],
[11.0000, ],
[0.0000, ],
[14.0000, ],
[7.0000, ],
[3.0000, ],
[13.0000, ],
[5.0000, ],
[7.0000, ],
[6.0000, ],
[10.0000, ],
[8.0000, ],
[4.0000, ],
[3.0000, ],
[15.0000, ],
[12.0000, ],
[4.0000, ],
[7.0000, ],
[7.0000, ],
[8.0000, ],
[1.0000, ],
[0.0000, ],
[4.0000, ],
[4.0000, ],
[9.0000, ],
[8.0000, ],
[11.0000, ],
[2.0000, ],
[3.0000, ],
[7.0000, ],
[6.0000, ],
[4.0000, ],
[8.0000, ],
[2.0000, ],
[10.0000, ],
[0.0000, ],
[8.0000, ],
[5.0000, ],
[15.0000, ],
[19.0000, ],
[12.0000, ],
[4.0000, ],
[13.0000, ],
[6.0000, ],
[4.0000, ],
[3.0000, ],
[12.0000, ],
[1.0000, ],
[6.0000, ],
[6.0000, ],
[10.0000, ],
[8.0000, ],
[7.0000, ],
[11.0000, ],
[1.0000, ],
[13.0000, ],
[0.0000, ],
[4.0000, ],
[5.0000, ],
[17.0000, ],
[1.0000, ],
[1.0000, ],
[14.0000, ],
[6.0000, ],
[3.0000, ],
[4.0000, ],
[4.0000, ],
[2.0000, ],
[6.0000, ],
[2.0000, ],


