[ 0,  0,  0,  0,  0, 12,  0,  4,  0,  0,  0,  0,  0,  0,  0,  0,  0,  0,  0,  0,  0,  0,  0,  0, ],
[ 0,  0,  0,  0,  0,  0,  0,  3,  0,  0,  0,  0,  0,  0,  0,  0,  1,  0,  0,  0,  0,  0,  0,  0, ],
[ 0,  0,  0,  0,  0,  0,  9,  0,  0,  0,  0,  2,  0,  0,  0,  0,  0,  0,  0,  0,  0,  0,  0,  0, ],
[ 0,  0,  0,  8,  0,  0,  0,  0,  0,  0,  0,  0,  0,  0,  7,  0,  0,  0,  0,  0,  0,  0,  0,  0, ],
[ 0,  0,  0,  0,  0,  0,  0,  0, 12, 13,  0, 11,  0,  0,  0,  5,  6,  0,  0,  0,  0,  0,  0,  0, ],
[ 0,  0,  0,  0, 10,  0,  0,  0,  0,  0,  8,  0,  0,  0, 11,  0,  0,  0,  0,  0,  0,  0,  0,  2, ],
[ 0,  0,  0,  0,  0, 13,  9,  0,  0,  0,  0,  0,  0,  0,  6,  0,  0,  0,  0,  0,  0,  0,  0,  0, ],
[ 0,  0,  0,  0,  0,  0,  0,  0,  6,  0, 10,  0,  0,  0,  0,  0,  0,  0,  0,  0,  0,  0,  0,  0, ],
[ 0,  0,  0,  0,  0,  0,  0,  0,  0,  0,  0,  0,  0,  0,  0,  0,  0,  0,  0,  0,  0,  0,  0,  0, ],
[ 0,  0, 12, 14,  0,  0,  0,  0,  0,  0,  0,  0,  0,  0,  0,  0, 13,  0, 11,  0,  0,  0,  0,  0, ],
[ 0,  0,  0,  0,  0,  0,  0,  0,  5,  0,  0,  0,  0,  0,  0,  0,  0,  0,  0,  0,  0,  0,  0,  0, ],
[ 0,  0,  0,  0,  0,  0,  0,  0,  0,  0,  0,  0,  0, 13,  0, 13,  0,  0,  0,  0,  0,  0,  0,  0, ],
[ 0,  0,  9,  4,  0,  0,  0,  0,  0,  0,  0,  0,  0, 13,  0,  0,  0,  0,  0,  0,  0,  0,  0,  0, ],
[ 0,  0,  0,  0,  2,  0,  0,  0,  0,  0,  0,  0,  0,  0,  0,  0,  0,  0,  0,  0,  0,  0,  0,  0, ],
[ 0,  0,  0,  0,  0,  0,  0,  0,  0,  0,  0,  0,  0,  0,  0,  0,  0,  0,  0,  0,  0,  1,  0,  0, ],
[ 0,  8,  0,  0,  0,  0,  0,  0,  0,  0,  0,  0,  0,  0,  0,  0,  0,  0,  0,  0,  0,  0,  0,  0, ],
[ 0,  8, 14,  0,  0,  0,  4,  0,  0,  0,  0,  0,  0,  0,  0,  0,  0,  0,  0,  0,  0,  0,  0, 14, ],
[ 0, 12,  0,  0,  0,  0,  0,  0,  0,  0,  0,  0,  0,  0,  0,  0,  0,  0,  0,  0,  0,  0,  0,  0, ],
[ 0,  0,  0,  0,  0,  0,  0,  0,  0,  0,  0,  0,  0,  0,  0,  0,  0,  0,  0,  0, 13,  0,  5,  0, ],
[ 0,  0,  0,  0,  5,  0,  0,  0,  0,  0,  0,  0,  0,  0,  0,  0,  0,  5, 10,  0,  0,  0,  0,  0, ],
[ 0,  0,  0,  0,  0,  0,  0,  0,  0,  0,  0,  0,  0,  0,  0,  0, 10,  0,  0, 14, 14,  0,  8,  0, ],
[ 0,  0,  0,  0,  0,  0,  0,  0,  0,  0,  0,  0,  0,  0,  0,  0,  0,  0,  0,  0,  0,  4,  0,  0, ],
[ 0,  0,  0,  0,  0,  0,  0,  0, 10,  0,  0,  0,  0,  0,  0,  0,  0,  0,  0,  0,  0,  0,  0,  0, ],
[ 0,  0,  0,  0,  0,  0,  0,  5, 10,  0,  0,  0,  0,  0,  2,  0,  4,  0, 12,  0,  3,  0,  0,  0, ],
[ 0,  0, 10,  0,  0,  3,  0,  0,  0,  0,  0,  0,  0,  0,  0,  0,  0,  0,  0,  0,  0,  0,  0,  0, ],
[ 0,  0,  0,  0,  0,  0,  0,  0,  0,  0,  0,  0,  0,  0,  0,  0,  0,  0,  0,  0,  0,  0,  0,  0, ],
[ 0,  0,  0,  0,  0,  0,  0,  0,  0,  0,  0,  0,  0,  0,  1,  0,  0,  0,  0,  0,  0,  0,  0,  0, ],
[ 0,  0,  7,  0,  0,  0,  0,  0,  0,  0,  0,  0,  0,  0, 14,  0,  0,  0,  0,  0,  0,  0,  0,  0, ],
[ 0,  0,  0,  0,  0,  0,  0,  0,  0,  0,  0,  0,  0,  0,  0,  0,  0,  0,  0,  0,  0,  0,  0,  0, ],
[ 0,  0,  0,  0,  0,  0,  0, 11,  0,  0,  0,  0,  0,  9,  0,  0,  0,  0,  0,  0,  0,  0,  0,  0, ],
[ 0,  0,  0,  0,  0,  0, 10, 12,  0,  0,  0,  0,  0,  0,  0,  0,  0,  0,  0,  0,  0,  0,  0,  0, ],
[ 0,  0,  0,  0,  0,  0,  0,  0,  0,  0, 11,  0,  0,  2,  0,  0,  1,  0,  0,  0,  0,  0,  0,  0, ],
[ 0,  0,  0,  0,  0,  0,  0,  0,  0,  0,  0,  0,  1,  0,  0,  0,  0,  0,  0,  0,  0,  0,  0,  0, ],
[ 0,  0,  0,  0,  0,  0,  0,  0,  0,  0,  0,  0,  0,  0,  0,  0,  0,  0,  0,  0,  0,  0,  0,  0, ],
[ 0,  0,  0,  0,  0,  0,  0,  0,  0,  0,  0,  0,  0,  0,  9,  0,  0,  0,  0,  0,  0,  0,  0,  0, ],
[ 0,  0,  0,  0,  0,  0,  0,  7, 14,  0,  0,  0,  0,  0,  0,  0,  0,  0, 11,  0, 11,  0,  0,  0, ],
[ 0,  0,  0,  0,  9,  0,  0,  0,  0, 11,  0,  0,  0,  0,  0,  0,  9,  0,  0,  0,  0,  0,  0,  0, ],
[ 0,  0,  0,  0,  0,  0,  0,  0,  0,  0,  0,  0,  0,  0,  0,  0,  0,  0,  0,  0,  0,  0,  0,  0, ],
[ 0,  0,  0,  0,  2,  0,  0,  0,  0,  0,  0,  0,  0,  0,  0,  0,  0,  3,  0,  0,  4,  0, 14,  9, ],
[ 3,  0,  0,  4,  0,  0,  0,  9,  0,  0,  0,  0,  0,  0,  0,  0,  0,  0,  0, 12,  0,  0,  4,  0, ],
[ 0,  0,  0,  0,  0,  0,  0,  0,  0,  0,  0,  4, 11,  0,  0,  0,  0,  0,  0,  0,  2,  0,  0,  0, ],
[ 0,  0,  0,  0,  0,  0,  0,  0,  0, 10,  0, 10,  0,  0,  0,  0,  0,  0,  0,  0,  0,  0,  0,  0, ],
[ 0,  0,  0,  0,  0,  0,  0,  0,  0,  0,  0,  0,  0,  0,  0,  0,  0,  0,  0,  0,  0,  0,  0,  0, ],
[ 0,  0,  0,  0,  0,  0,  0,  4,  0,  0,  6,  0,  0,  0,  0,  0,  0,  0,  0,  0, 13,  0,  0,  0, ],
[ 0,  0,  0,  0,  0,  0,  0,  0,  0,  3,  0,  2,  0,  0,  0,  0,  0,  6,  0,  0,  0,  0,  0,  0, ],
[ 0,  0,  1,  0,  0,  0,  0,  0, 14,  0,  0,  0,  0,  6,  0,  0,  0,  0,  0,  0,  0,  0,  5,  0, ],
[ 0,  0,  0,  0,  0,  0,  0,  0,  5,  0,  0,  0,  0,  0,  0,  0,  0,  0,  0,  0,  0,  0,  0,  0, ],
[ 0,  0,  0,  0,  0,  0,  0,  0,  0,  0,  0,  0,  0,  0,  0,  0,  0,  0,  0,  0,  0,  0,  0,  0, ],
[ 0,  0,  0,  0,  0,  0,  3,  0,  0,  5,  0,  3,  0, 10,  0,  0, 13,  0,  0,  0,  0,  0,  0,  0, ],
[ 0,  0,  0,  0,  5,  4,  5,  0,  0,  0,  0,  1,  0,  0,  0,  0,  0,  0,  0,  0,  0,  0,  0,  0, ],
[ 0,  0,  0,  9,  0,  0,  0,  0,  0,  0,  0,  0,  8,  0,  0,  0,  0,  0,  0,  0,  1,  0,  0,  0, ],
[ 0,  0,  0,  0,  0,  0,  0,  4,  0,  0,  0,  0,  0,  0,  0,  0,  0,  0,  0,  0,  0,  0,  0,  0, ],
[ 0,  0,  0,  0,  0,  0,  0,  0,  0,  0,  0,  0,  0,  0,  0,  0,  0,  0,  0,  0,  8,  0, 11,  0, ],
[ 0,  0,  0,  0,  0,  0,  0,  0,  0,  7,  0,  0,  2,  0,  0,  0,  8,  0, 13,  0,  0,  0,  0,  0, ],
[ 0,  5,  0,  0,  0,  0,  0,  0,  0,  0,  0,  0,  0,  0,  0,  0,  5,  0,  0,  0,  0,  0,  0,  0, ],
[ 0,  0,  0,  0,  0, 14,  0,  0,  0,  0,  0,  8, 10,  0,  0,  0,  0,  0,  0,  0,  0,  0,  0,  0, ],
[ 0,  0,  0, 11,  0,  0,  0,  0,  0,  0,  0,  0,  0,  0,  8,  0,  5,  0,  0, 14,  0,  0,  0,  0, ],
[ 0,  0,  0,  0,  0,  0,  0,  0, 11,  0,  0,  0,  0,  0,  0,  0,  0,  0,  0,  0,  0,  0,  0,  0, ],
[ 0,  0,  0,  0,  0,  0,  0,  0,  0,  0,  0,  0,  0,  0,  0,  0,  0,  7,  0,  0, 11,  0,  0,  3, ],
[ 0,  4,  0,  0,  0,  0,  0,  0,  0,  0,  0,  0,  8,  0,  0,  0,  0,  0,  0,  0,  0,  0,  0,  0, ],
[ 0,  0,  0, 14,  0,  0,  0,  0,  0,  0,  0,  0,  0,  0,  0,  0,  0,  6,  0,  0,  0,  0,  0,  0, ],
[ 0,  0,  0,  0,  0,  0,  0,  0,  0,  0,  9,  0,  0,  0,  0,  0,  0,  0,  0,  0,  0,  0,  0,  0, ],
[ 0,  0,  0,  0,  0,  0,  0,  0,  0,  0,  0,  0,  0,  0,  0,  0,  0,  0,  0,  0, 14,  0,  2,  0, ],
[ 0,  0,  0,  0,  0,  0,  0,  0,  0, 13, 12,  0,  0,  0,  0,  0,  0,  0,  6,  0,  0,  0,  0,  0, ],
[ 0,  9,  0,  4,  0,  0,  0,  0,  0,  0,  8,  0,  0,  0,  0,  0,  0,  0,  0,  0,  0,  0,  0, 14, ],
[ 0,  0,  0,  0,  0,  0, 12,  0,  0,  0,  0,  0,  0,  0,  1,  0,  0,  0,  0,  0,  0,  0,  0,  5, ],
[ 0,  0,  0,  0,  0,  0,  0,  0,  6,  0,  0,  0,  0,  0,  0,  0,  0,  0,  0,  0,  0,  0,  0,  0, ],
[ 9,  0,  0,  0,  0,  0,  0,  0,  0,  0, 13,  0,  0,  0,  0,  0,  0,  0,  0, 13,  0,  0,  0,  2, ],
[ 0,  2,  0,  0,  0,  0,  0,  0,  0,  0,  0,  0,  0,  0,  6,  0,  0,  0,  0, 12,  0,  0,  0,  0, ],
[ 0,  0,  0,  4,  0,  0,  0,  0,  0,  0,  0,  0,  0,  0,  0,  0,  0,  0,  0,  0,  0,  0,  0,  0, ],
[10,  0,  0,  0,  0,  0,  0,  0,  0,  3,  0,  0,  0,  0,  0,  0,  0,  0, 11,  0,  0,  0,  0,  0, ],
[ 0, 13,  0,  0,  0,  0,  0,  0,  0,  0,  0,  0,  0,  0,  0,  0,  0,  0,  0,  0,  0,  0,  0,  0, ],
[ 0,  0,  1,  3,  0,  0,  0,  0,  0,  0,  0,  0,  0,  0,  0,  0,  5,  0,  0,  0,  0, 13,  0,  1, ],
[ 0,  0,  0,  0,  0,  0,  0,  0,  0,  0,  0,  0, 13,  0,  0,  0,  0,  0,  0,  0,  0,  0,  0,  0, ],
[ 0,  0,  2,  0,  0,  0,  0,  0,  0,  0,  0,  0,  0,  0,  0,  0,  0,  0,  0,  0,  0,  0,  0,  0, ],
[ 0,  0,  0,  4,  0,  0,  0,  0,  0,  0,  0,  0,  0,  0,  0,  0,  0,  0,  0,  0,  8,  0,  0,  0, ],
[ 0,  0,  0,  0,  0,  0,  0,  0,  0,  0,  0, 14,  3,  0,  0,  0,  0,  0,  0,  0,  0,  0,  0,  0, ],
[ 0,  2,  0,  0,  0,  0,  0,  0,  0, 13,  0,  0,  0, 13,  0,  0,  0,  8,  0,  0,  0,  0,  0,  0, ],
[ 0,  0,  0,  0,  0,  0,  2,  0,  0,  0,  0,  0,  0,  0,  0,  0,  0,  0,  0,  0,  0,  0,  0,  0, ],
[ 0,  0,  0,  0,  0,  0,  0,  0,  0,  0,  0,  0,  0,  0,  0,  0,  0,  0,  0,  0,  0,  0,  0, 14, ],
[ 0,  0,  0,  0,  0,  0,  0,  0,  0,  0,  0,  0,  0,  0,  0,  0,  0,  0,  0,  0,  0,  0,  0,  0, ],
[ 0,  0, 14,  0,  0, 12,  0,  0,  0,  0,  0,  0,  0,  0,  1,  0,  0,  0,  0,  0,  0,  0,  0,  0, ],
[ 0,  0,  0,  0,  0,  9,  0,  0,  0,  0,  0,  0, 10,  0,  0,  0,  0,  0,  0,  7,  0,  0,  0,  0, ],
[ 0,  0,  0,  0,  0,  0,  0,  0,  0,  0,  0,  0,  0,  0,  0,  0,  0,  0,  0,  0,  0,  0,  0,  0, ],
[ 0,  0,  0,  0,  0,  0,  0,  0,  0,  3,  0,  0,  0,  0,  0,  0,  0,  0,  0,  0, 14,  0,  0, 13, ],
[ 0,  0,  0,  0,  0,  0,  0,  0,  0,  0,  0,  0,  0,  0,  8,  0,  0,  0,  0,  7,  0,  0,  0,  0, ],
[ 0,  0,  0,  0,  0,  0,  0,  0,  0,  0,  0,  5,  0,  0,  0,  0,  0,  0,  0,  0,  0,  0,  0,  0, ],
[ 0,  0,  0,  0,  0,  0,  0,  0,  0,  0,  0,  2,  0,  0,  0,  0,  0,  0,  0,  0,  0, 13,  3,  0, ],
[ 0,  0,  0,  0,  0,  0,  0,  0,  0,  0,  0,  3,  0,  0,  0,  0,  0,  0,  0,  0,  0,  0,  0,  0, ],
[ 0,  0,  5,  0,  0,  0,  0, 13,  0,  0, 14,  0,  0,  0,  0,  0,  0,  0, 12,  0, 13,  0,  0,  0, ],
[ 0,  0,  0,  2,  0,  0,  0,  0,  0,  0,  0,  0,  0,  0,  0,  0,  0,  0,  0,  0,  0,  0,  0,  0, ],
[ 0,  0,  0,  0,  0,  4,  0,  0,  0,  0,  0,  0,  0,  0,  0, 10,  0,  0,  0,  8,  0,  0,  2,  0, ],
[ 0,  0,  0,  0,  0,  0,  0,  0,  4,  0,  0,  0,  0,  0,  0,  0,  0, 10,  4,  0,  0,  0,  0,  0, ],
[ 0,  0,  0,  0,  0,  0,  8,  0,  0,  0,  0,  0,  0,  0,  0,  0,  0,  0,  0,  0,  0,  0,  8,  0, ],
[ 0,  0,  0,  0,  0,  0,  0,  0,  0,  0,  0,  0,  0,  0,  0,  0,  0,  0,  0,  0,  0,  0,  0,  5, ],
[ 9,  0, 14,  0,  0,  0,  0, 13,  0,  5,  0,  0,  0,  0,  0,  0,  5,  0,  0,  0,  0, 12,  0,  0, ],
[ 0,  0,  0,  0,  0,  0,  0,  0,  0,  0,  0,  0,  0,  0,  0,  0,  0,  0,  0,  0,  0,  0,  0,  0, ],
[ 0, 12,  0,  0,  0,  0,  0,  0,  0,  0,  0,  0,  0, 14,  2,  5,  0,  0,  0,  0,  0,  0,  0,  0, ],
[ 0,  0,  0,  0,  1,  0,  0,  0,  9,  0,  0,  0,  0,  0,  0,  0,  0,  0,  0,  0,  0,  0,  0,  0, ],
[ 0,  0,  0,  0,  0,  3,  0,  0,  0,  0,  0,  0,  0,  0,  0,  0,  0,  0,  0,  0,  0,  0,  0,  0, ],


[0.7728, -0.1989, ],
[-0.1286, -1.0000, ],
[0.0608, -0.4578, ],
[0.9464, 0.2061, ],
[-0.1814, 0.4949, ],
[0.5827, -0.1103, ],
[-0.5579, 0.3886, ],
[0.2625, 0.1855, ],
[-0.1619, -0.5892, ],
[-0.3418, 0.1647, ],
[0.5007, -0.2155, ],
[-0.0301, -0.3122, ],
[-0.4962, -0.7938, ],
[0.6037, 0.5796, ],
[0.3095, 0.5290, ],
[-0.5030, -0.1375, ],
[0.6563, -0.8747, ],
[-0.0164, 0.8329, ],
[0.6919, -0.0739, ],
[-0.2782, -0.6866, ],
[0.6248, 0.6812, ],
[0.4203, 0.0863, ],
[0.6455, -0.1767, ],
[-1.0000, 0.0227, ],
[0.7690, 0.1251, ],
[0.3641, -0.0819, ],
[-1.0000, -0.4030, ],
[-0.0996, -0.3898, ],
[0.1979, 0.3133, ],
[0.7797, -0.5491, ],
[-0.6331, -0.2444, ],
[-0.1037, 0.5003, ],
[0.6718, -0.1244, ],
[0.2660, 0.7810, ],
[0.1520, 0.6088, ],
[-0.7254, -0.1500, ],
[-0.7567, -0.2152, ],
[0.5667, -0.1043, ],
[-1.0000, 0.9669, ],
[1.0000, 0.4206, ],
[0.5101, -1.0000, ],
[0.0362, 0.1885, ],
[0.3236, 0.3868, ],
[0.4215, -0.6846, ],
[0.1784, -0.2216, ],
[0.2136, 0.8498, ],
[0.2130, -0.3836, ],
[-0.7566, -1.0000, ],
[0.0263, -0.9067, ],
[0.8782, 1.0000, ],
[0.5736, -0.1293, ],
[0.6566, -0.0042, ],
[0.1344, -0.7793, ],
[-0.5514, -0.6045, ],
[-0.3224, 0.3399, ],
[0.6116, -0.3786, ],
[0.6658, -0.1929, ],
[0.3906, 0.1595, ],
[-0.8141, 0.3924, ],
[0.3231, -0.5154, ],
[0.7975, 0.1153, ],
[-0.5625, 0.0700, ],
[-0.8317, 0.7943, ],
[0.4195, 0.2645, ],
[1.0000, -0.1931, ],
[0.4571, 0.6534, ],
[0.1669, 0.5783, ],
[0.2632, -0.7539, ],
[0.2681, -0.0040, ],
[0.6971, 0.0376, ],
[0.9327, 0.3953, ],
[-0.3631, 0.3853, ],
[-0.5829, -0.3915, ],
[-0.2030, -0.4867, ],
[0.3765, 0.8923, ],
[-1.0000, -0.3362, ],
[0.5475, 0.3240, ],
[0.9785, 0.8706, ],
[-0.1591, 0.1502, ],
[1.0000, 0.1769, ],
[0.2433, 0.3492, ],
[-0.1409, 0.6455, ],
[-0.1135, 0.9234, ],
[-0.5096, 0.8716, ],
[-0.6865, 0.1552, ],
[-0.3286, -0.4152, ],
[0.1931, 0.4975, ],
[0.8885, 0.8053, ],
[-0.1857, -0.6853, ],
[0.3678, -0.5348, ],
[-0.5446, -0.1726, ],
[-0.1667, 1.0000, ],
[0.0688, -0.5445, ],
[0.3581, 0.1834, ],
[-0.1560, -0.9613, ],
[0.0713, -0.9399, ],
[-0.4946, 0.1905, ],
[0.6380, -0.4703, ],
[0.6082, 0.3925, ],
[0.3993, 0.8196, ],


[6.0000, ],
[3.0000, ],
[4.0000, ],
[6.0000, ],
[17.0000, ],
[12.0000, ],
[10.0000, ],
[7.0000, ],
[0.0000, ],
[16.0000, ],
[2.0000, ],
[8.0000, ],
[9.0000, ],
[1.0000, ],
[1.0000, ],
[3.0000, ],
[13.0000, ],
[4.0000, ],
[6.0000, ],
[8.0000, ],
[15.0000, ],
[2.0000, ],
[4.0000, ],
[15.0000, ],
[6.0000, ],
[0.0000, ],
[1.0000, ],
[7.0000, ],
[0.0000, ],
[7.0000, ],
[8.0000, ],
[6.0000, ],
[1.0000, ],
[0.0000, ],
[3.0000, ],
[15.0000, ],
[10.0000, ],
[0.0000, ],
[12.0000, ],
[13.0000, ],
[7.0000, ],
[8.0000, ],
[0.0000, ],
[9.0000, ],
[6.0000, ],
[10.0000, ],
[2.0000, ],
[0.0000, ],
[14.0000, ],
[7.0000, ],
[7.0000, ],
[2.0000, ],
[7.0000, ],
[11.0000, ],
[4.0000, ],
[11.0000, ],
[13.0000, ],
[4.0000, ],
[9.0000, ],
[5.0000, ],
[7.0000, ],
[3.0000, ],
[5.0000, ],
[11.0000, ],
[12.0000, ],
[7.0000, ],
[3.0000, ],
[12.0000, ],
[8.0000, ],
[2.0000, ],
[10.0000, ],
[4.0000, ],
[10.0000, ],
[4.0000, ],
[1.0000, ],
[5.0000, ],
[6.0000, ],
[12.0000, ],
[1.0000, ],
[4.0000, ],
[0.0000, ],
[9.0000, ],
[10.0000, ],
[0.0000, ],
[10.0000, ],
[6.0000, ],
[2.0000, ],
[7.0000, ],
[2.0000, ],
[18.0000, ],
[1.0000, ],
[10.0000, ],
[8.0000, ],
[6.0000, ],
[2.0000, ],
[19.0000, ],
[0.0000, ],
[11.0000, ],
[4.0000, ],
[2.0000, ],


