[ 0,  0,  0,  0,  0, 12,  0,  0,  0,  0,  0,  0,  8, 14,  0,  0,  0,  0,  0,  0,  0, 11,  0,  0, ],
[ 0,  0,  0,  0,  0,  0,  0,  0,  0,  0, 10,  0,  0,  0,  0,  0,  0,  0,  0,  0,  0,  0,  0,  0, ],
[ 0,  0,  0,  0,  0,  0,  9,  0,  0,  0,  0,  0,  0,  1,  0,  0, 13,  0,  0,  0, 13,  0,  0,  0, ],
[ 0,  0,  0,  0,  0,  0,  0,  0,  0,  0,  0, 12,  0,  0,  0,  0, 10,  0,  0,  0,  0,  0,  0,  0, ],
[ 4,  0,  0,  0,  0, 14,  0,  0,  0,  9,  0,  0,  0, 11,  0,  0,  0,  0,  0,  0,  0,  0,  6,  0, ],
[ 0,  0,  0,  0,  0,  0,  0,  0,  0,  0,  0,  0,  0,  0,  9,  0,  0,  0,  0,  0,  0,  0,  0,  0, ],
[ 0,  0,  0,  0,  0,  0,  0,  0,  0,  0,  0,  0,  0,  0,  0,  0,  0,  0,  0,  0,  0,  0,  0,  0, ],
[ 0,  0,  0,  0,  0,  0,  0,  0,  6,  0, 10,  0,  0,  0,  0,  0,  0,  0,  0,  0,  0,  0,  0,  0, ],
[ 5,  0,  0,  0,  0,  0,  3,  0,  0,  3,  0,  0,  0,  0,  0,  0,  0,  0,  0,  0,  0,  0,  0,  0, ],
[ 0,  0,  0,  0,  0,  0,  0,  0,  8,  4,  0,  0,  0,  0, 14,  0,  0,  0,  0,  0,  0,  7,  0,  0, ],
[ 0,  0,  0,  0,  0,  0,  0,  0,  0,  0,  0,  2,  1,  0,  0,  0,  0,  0,  0,  0,  0,  0,  0,  0, ],
[ 0,  0,  0,  0,  0,  0,  0,  0,  0,  0,  0,  0,  0,  0,  1,  4,  0,  0,  0,  0,  0,  0,  0,  0, ],
[ 0,  0,  0,  4,  0,  0,  0,  0,  1,  0,  0,  0,  0,  0,  0,  0,  0,  0,  8,  0,  0,  0,  0,  0, ],
[13,  4,  0,  0,  0,  0,  0,  2,  0,  4,  0, 10,  0,  9,  0, 13,  0,  0,  0,  0,  0,  0,  0,  0, ],
[ 0,  0,  0,  0,  0,  0,  0,  0,  0, 13,  0,  0,  0,  0,  0,  0,  0,  0,  0,  0,  5,  1,  0,  0, ],
[ 9,  0,  0,  0,  0,  0,  0,  0,  0,  0,  0,  0,  0,  0,  0,  0,  0,  0,  0,  0,  0,  0,  0,  0, ],
[ 0,  8,  0,  0, 11,  0,  0,  0,  0,  0,  0,  0,  7,  0,  0,  0,  0,  0,  0,  3,  0,  0,  0, 11, ],
[ 0,  0,  0,  0, 12,  0,  0,  0,  0,  0,  0,  9,  0,  0,  0,  0,  0,  0,  0,  0,  7,  0,  0,  0, ],
[ 0,  0,  0,  0,  0,  0,  0,  0,  0,  0,  0,  0,  0,  0,  0,  2,  0,  0,  0,  0,  0,  0,  0,  0, ],
[ 0,  0,  0, 13,  0,  0,  0,  0,  7,  0,  0,  0,  0,  0,  0,  0,  0,  0, 10,  7,  0,  0,  0,  0, ],
[ 0,  0,  0,  0,  0,  0,  0,  0,  0,  0,  0,  0,  0,  0,  0,  0,  0,  0,  0,  0, 14,  0,  0,  0, ],
[ 0,  0,  0,  0,  0,  0,  0,  0,  0,  0,  0,  0,  0,  0,  0,  0,  0, 13,  0,  0,  0,  0,  0,  2, ],
[ 0,  0,  0,  0,  0,  0,  0,  0, 10,  0,  0,  0,  0,  0,  0,  0,  0,  0,  0,  0,  0,  0,  0,  0, ],
[ 0,  0,  0,  0,  0,  0,  0,  0,  0,  0,  0,  0,  0,  0,  0, 11,  0,  0, 12,  0,  0,  0, 13,  0, ],
[ 0,  0,  0,  0,  0,  0,  0,  0,  0,  0,  0,  0,  0,  0,  0,  3,  0,  0,  0,  0,  0,  0,  0,  0, ],
[ 0,  0,  0,  0,  0,  0,  0,  0,  0, 14,  0,  0,  0, 13,  0,  0,  0,  0,  0,  0,  0,  0,  0,  0, ],
[ 0,  0,  0,  0,  0,  0,  8,  0,  0,  0,  0,  0,  0,  2,  1, 13,  0,  0,  0,  0,  0,  0,  0,  0, ],
[13,  0,  0,  0,  0,  3,  0,  0,  0,  0,  0,  0,  0,  0,  5,  0,  0,  0,  0,  0,  0,  0,  0,  0, ],
[ 0,  0,  0,  0, 11,  0,  0,  0, 13,  0,  0,  0,  0,  0,  0,  0,  0,  0,  0,  0,  0,  0,  0,  0, ],
[ 0,  0,  0,  0,  0,  0,  0,  0,  4,  3,  0,  0,  0,  0,  0,  0,  0,  0,  0,  0,  0,  0,  0,  0, ],
[ 0,  9,  0,  0,  0,  0,  0,  0,  0,  0,  0,  0,  0,  0,  0,  0,  0,  0,  0,  0,  0,  0,  0,  0, ],
[ 0,  0,  0,  0,  0,  0,  0,  0,  2,  0, 11,  0,  0,  2,  0,  0,  0,  0,  0,  0,  0,  0,  0,  0, ],
[ 0,  0,  0,  0,  0,  0,  0,  0,  0,  0,  0,  0,  0,  0,  0,  4,  0,  0,  1,  0,  0,  0,  0,  0, ],
[ 0,  0,  0,  0,  0,  0,  0,  0,  0,  0, 12,  0,  0, 13,  0,  8,  0,  0,  0,  0,  0,  0,  0,  0, ],
[ 0,  0,  0,  0,  0,  0,  0,  0,  7,  0,  0,  0,  0,  0,  0,  0,  0,  0,  0,  0,  0,  0,  0,  0, ],
[ 0,  0,  0,  0,  0,  8,  0,  0,  0,  0,  0,  0,  0,  0,  0,  0,  0,  1,  0,  8,  0,  0,  0,  0, ],
[ 0,  0,  0,  0,  0,  0,  0,  0,  0,  0,  0,  0,  3,  0,  0,  0,  0,  4,  0,  0,  0,  0,  0,  0, ],
[ 0,  9,  0,  0,  0,  0,  0,  0,  0,  0,  0,  3,  0,  0,  7,  0,  0,  0,  0,  5,  0,  0,  0,  0, ],
[ 0,  0,  0,  1,  0,  0,  0,  0,  0,  0,  0,  0,  0,  0,  0,  0,  0,  3,  0,  0,  0,  0, 14,  0, ],
[12,  0,  0,  0,  0,  0,  0,  0,  0,  0,  0,  0,  0,  0,  0,  0,  0,  0,  0,  0,  0,  0,  0,  0, ],
[ 0,  0,  0,  0,  0,  0,  0,  0,  0,  0,  0,  0,  0,  0,  0,  0,  0,  0,  0,  0,  0,  0, 11, 10, ],
[ 0,  0,  0,  0,  0,  0,  0,  0,  0, 10,  0, 10,  0,  0,  0,  0,  0,  0,  0,  0,  0,  0,  0,  0, ],
[ 0, 13,  0,  0,  0,  0,  0,  0,  0,  1,  0,  0,  0,  0,  0,  0,  0,  0,  0,  0,  0,  0,  0,  0, ],
[ 0,  0,  0,  0,  0,  0,  9,  0,  0,  0,  0,  0,  0,  0,  0,  0,  0,  0,  0,  0,  9,  0,  0,  0, ],
[ 0,  0,  0,  0,  2,  0,  0,  0,  0, 14, 12, 13,  0,  0,  0,  0,  0,  0,  0,  0,  0,  0,  0,  0, ],
[ 9,  0,  1,  0,  0,  0,  0,  0,  0,  0,  0,  0,  0,  0, 14,  0,  4,  0,  0,  0,  0,  0, 11,  0, ],
[ 0,  0,  0,  0,  0,  0,  0,  0,  0,  0,  0,  0,  0,  0,  0,  0,  0,  0,  0,  0,  0,  6,  0,  0, ],
[ 0,  0,  0,  7,  0,  0,  0,  0,  1,  0,  0,  0,  0,  0, 14, 10,  0, 10,  0,  0,  0,  0,  0,  0, ],
[ 0,  0,  0,  0,  0,  0,  9,  0,  0,  0,  0,  0,  0,  0,  0,  0,  0,  0,  1,  0,  0,  0,  0,  0, ],
[ 0,  0,  0,  0,  0,  0,  0,  0,  0,  0,  0,  0,  0,  0,  0,  0, 12,  0,  0,  0,  0,  0,  0,  0, ],
[ 0,  0,  0,  0,  0,  0,  0,  0,  0,  0,  0,  0,  0,  0,  0,  0,  0,  0,  0,  0,  0,  0,  0,  0, ],
[ 0,  0,  0,  0, 13,  0,  0,  0,  0,  0,  0, 12,  0,  0,  0,  0,  0,  0,  0,  0,  0,  0,  0,  0, ],
[ 0,  0,  0, 14,  0,  5,  0,  0,  0,  0,  0,  0,  0,  0,  0,  0,  0,  0,  0,  0,  0,  0,  0,  0, ],
[ 0,  0,  6,  0,  0,  0,  0,  0,  0,  0,  0,  1,  0,  0,  0,  0,  8,  0,  0,  0,  0,  0,  0,  0, ],
[ 0,  0,  0,  0,  7,  0,  0,  0,  1,  0,  0,  0,  0,  0,  0,  0,  9,  0,  0,  0,  0, 13,  0,  3, ],
[ 0,  0,  0,  0,  0,  0,  0,  0,  0,  0,  0,  0, 10,  0,  0,  0,  0,  1,  0,  0,  0,  7,  0,  0, ],
[ 0,  0,  0,  0,  0,  0,  0,  0,  0,  0,  0,  0,  0,  0,  0,  0,  0,  0,  0,  0,  0,  0, 12,  0, ],
[ 0,  0,  0,  0,  2,  0,  0,  0,  0,  0,  0,  0,  0, 10,  0,  0,  0,  0,  0,  0,  0,  0,  0,  0, ],
[ 0,  0,  0,  0,  0,  0,  0,  0,  0,  0,  0,  0,  0,  0,  0,  0,  3,  0,  0,  0, 11,  0,  0,  0, ],
[ 0,  0,  0,  0,  0,  0,  0,  0,  0,  0,  0,  0,  5,  0,  0,  0,  0,  0,  0,  0,  0, 13, 11,  0, ],
[ 0,  0,  0,  0,  0,  0,  0, 12,  0,  0,  0,  0,  0, 11,  0,  0,  0,  6,  0,  0,  0,  0,  0,  0, ],
[ 0,  0,  0,  0,  0,  0,  0,  0,  0,  0,  9,  0,  0,  0,  0,  0,  0,  0,  0,  0,  0,  0,  0,  0, ],
[ 0,  0,  0,  0,  0,  0,  0,  0,  0,  0, 12,  0,  0,  0,  0,  0,  0, 14,  0,  0,  0,  0,  0,  0, ],
[ 3,  0,  0,  0,  0,  0,  0,  0,  0,  0,  0,  0,  0,  0,  0,  0,  0,  0,  0,  0,  0,  0,  0,  0, ],
[ 0,  0,  0,  0,  0,  0,  0,  0,  0,  0,  0,  0,  0,  0,  0,  0,  0,  0,  7,  0,  0,  0,  0,  0, ],
[ 0,  8,  0,  0,  0,  0,  0,  0, 11,  0,  0,  0,  0,  0,  0,  0,  0,  0,  0,  0,  0,  0,  0,  0, ],
[ 0,  0,  0,  0,  0,  0,  0,  0,  0,  0,  0,  0,  0,  0,  0,  0,  0,  0,  0,  0,  0,  0, 11,  0, ],
[ 0,  0,  0,  0,  0,  0,  0,  0,  0,  0,  0,  0,  0,  0,  0,  0,  0,  0,  0,  0,  0,  0,  0,  2, ],
[ 0,  0,  0,  0,  0,  0,  0,  0,  0,  0,  0,  0,  0,  0,  9,  0,  0,  0,  0, 12,  0,  0,  0,  0, ],
[ 0,  0,  5,  0,  0, 13,  0,  5,  0,  0,  0,  0,  8,  0,  0,  0,  0,  5,  0,  0,  0,  0,  0,  0, ],
[ 0,  0,  0,  2, 11,  0,  0,  0,  0,  0,  0,  1,  0,  0,  0, 11,  0,  0,  0,  0,  0,  0,  0,  0, ],
[ 0,  0,  0,  0, 13,  0,  0,  0,  0,  0, 14,  0,  0,  0,  0,  0,  0,  0,  0,  0,  0,  0,  6,  0, ],
[ 0,  0, 12,  0,  0,  0,  0, 14,  0,  0,  0,  0,  2,  0,  0,  2,  0,  0,  0, 14,  0,  0,  2,  0, ],
[ 0,  0,  0,  0,  0,  0,  0,  0,  0,  0,  0,  0,  0,  0,  0,  0,  0,  0,  0,  0,  0,  0,  0,  0, ],
[ 0,  0,  2,  0,  0,  0,  0,  0,  0,  0,  0,  0,  0,  0,  8,  7,  0,  0,  0,  0,  0,  0,  0,  0, ],
[ 0,  0,  0,  4,  0,  0,  0,  0,  0,  0,  4,  0,  0,  0,  0,  0,  0,  0,  0,  0,  0,  0,  0,  0, ],
[ 0, 14,  0,  0,  0,  0,  0,  0,  0,  8, 13,  0,  0, 13,  0,  0,  0,  0,  0,  0,  1, 11,  0,  0, ],
[ 0,  2,  0,  0,  0,  0,  0,  0,  0,  0,  0,  0,  0,  0,  0,  0,  0,  0,  0,  0,  0,  0,  0,  0, ],
[14,  0,  0,  0,  0,  7,  0,  0,  0,  0,  0,  0,  0,  0,  0,  0,  0,  0,  0,  0,  0,  0,  0,  0, ],
[ 0,  0,  0,  0,  0,  0,  0,  0,  0,  0,  0,  0,  1,  0,  0,  0,  1,  0,  0,  5,  0,  0,  0,  0, ],
[ 0,  0,  0,  0,  5,  0, 14,  0,  0,  0,  0,  0,  0,  0,  0,  0,  0,  0,  0, 13,  0,  0,  0,  0, ],
[ 0,  9,  0,  0,  0, 14, 12,  0,  0,  0, 12,  0,  5,  0,  0,  0,  0,  0,  0,  0,  0,  0,  0,  0, ],
[ 0,  5,  0,  0,  0,  9,  0,  0,  0,  0,  0,  0, 10,  0,  0,  0,  0,  0,  0,  0,  9,  0,  0,  0, ],
[ 0,  0,  3,  0, 11,  0,  0,  0,  0,  0,  0,  0,  0,  8,  0,  0,  0,  0,  0,  0,  0,  0,  0,  0, ],
[ 0,  0, 13,  0,  0,  0,  0,  4,  0,  0,  0,  0,  0,  0,  0,  0,  0,  0,  0,  0,  0,  0,  0, 12, ],
[ 0,  0,  0,  0,  0,  9,  0,  0,  0,  0,  0,  0,  0,  0,  0,  0,  0,  0,  0,  0,  0,  0,  0,  0, ],
[ 0,  0,  0,  0,  0,  0,  0,  0,  0,  0,  0,  0,  0,  0,  0,  0,  0,  0,  0,  0,  0,  0,  0,  3, ],
[ 0,  0,  0,  0,  0,  0,  0,  0, 13,  0,  0,  0,  0,  0,  0,  0,  0,  0,  0,  0,  0, 13,  0,  0, ],
[ 0,  0,  0,  0,  0,  0,  0,  0,  0,  0,  0,  0,  0,  0,  0,  0,  0,  0,  0,  0,  0,  0,  0,  0, ],
[ 0,  0, 11,  0,  0,  0, 13,  0,  0,  0,  0,  0, 10,  0,  0,  0,  0,  0, 12,  0, 13,  0,  1,  0, ],
[ 0,  0,  0,  2,  0,  0,  1,  0,  0,  0,  0,  0,  0,  0,  0,  0,  0,  0,  0,  0,  0,  0,  0,  0, ],
[ 0,  0,  0,  0,  0,  2,  0,  0,  0,  0,  3,  0,  0,  0,  0,  0,  0,  0,  0,  0,  0,  0,  0,  0, ],
[ 0,  0,  0,  0,  0,  0,  0,  7,  0,  2,  0,  0,  0,  0,  0,  0,  0,  0,  0,  0,  0,  0,  0,  0, ],
[ 0,  8,  0,  0,  0,  0,  0,  0,  0,  0,  0,  0,  0,  0,  0,  0,  0,  0,  0,  0,  0,  0,  0,  0, ],
[ 0,  0,  0,  0,  0,  0,  0,  0,  7,  0,  0,  0,  0,  0,  0,  0,  3,  0,  0,  0,  0,  0,  9, 11, ],
[ 9,  0,  0,  0,  0,  0,  0, 13,  0,  0,  0,  0,  0,  0,  0,  0,  0,  0,  0,  0,  0, 11,  0,  0, ],
[ 0,  0,  0,  0,  0,  0,  0,  0,  0,  0,  0,  0,  0,  0,  0, 13,  0,  0,  0,  0,  0,  9,  0,  0, ],
[ 0,  0,  0,  0,  0,  0,  0,  0,  0,  0,  0,  0,  0,  0,  0,  0,  0,  0,  0,  0,  0,  0,  0,  0, ],
[ 0,  5,  0,  0,  0,  0,  0,  0,  0,  0,  0,  0,  0,  0,  0,  0,  0,  0,  0,  0,  0,  0,  0,  0, ],
[ 0,  0,  0,  0,  0,  0,  0,  0,  0,  0,  0,  0,  0,  0,  0,  0,  0,  0,  7,  0,  0,  0,  0,  0, ],


[0.9334, -0.9825, ],
[-0.1142, -0.2679, ],
[0.0008, -0.4578, ],
[-0.2311, 0.3451, ],
[0.8484, -0.2843, ],
[0.5352, -0.1477, ],
[-0.6329, 0.5893, ],
[0.1763, 0.2612, ],
[-0.2500, -0.6367, ],
[-0.8401, 0.5103, ],
[-0.9645, -0.0814, ],
[-0.0702, -0.4763, ],
[-0.6055, -0.6323, ],
[0.5621, 0.2255, ],
[0.6143, 0.4711, ],
[-0.5365, -0.1375, ],
[-0.3817, -0.7492, ],
[0.0848, 0.8486, ],
[0.3837, 0.1316, ],
[-0.1299, -0.6237, ],
[0.6977, 0.0814, ],
[0.4203, 0.0863, ],
[0.6455, 0.2868, ],
[1.0000, -0.0848, ],
[0.7750, 0.1661, ],
[-0.3196, -0.0819, ],
[-1.0000, 0.7187, ],
[0.1359, -0.3898, ],
[0.6849, 0.3593, ],
[0.7179, -0.3493, ],
[-0.6348, -0.3692, ],
[0.0994, 0.5525, ],
[0.8206, -0.2005, ],
[0.3887, 0.7218, ],
[0.0855, 0.6341, ],
[-0.4870, 0.1971, ],
[-0.7912, -0.0201, ],
[0.5557, 0.0679, ],
[1.0000, 1.0000, ],
[1.0000, 0.5131, ],
[0.1768, -1.0000, ],
[0.0250, 0.2151, ],
[0.4111, 0.3440, ],
[0.3804, -0.7468, ],
[0.7470, -0.2164, ],
[0.2048, 0.8498, ],
[0.1461, 0.1405, ],
[-0.4525, -0.1406, ],
[-0.6637, -0.6326, ],
[0.8194, 0.8791, ],
[0.5296, -0.1825, ],
[0.5166, -0.5783, ],
[0.1344, -0.6974, ],
[-0.2834, -0.6045, ],
[-0.3224, 0.3399, ],
[0.8604, -0.3753, ],
[0.9713, -0.0185, ],
[-0.8719, 0.2922, ],
[-0.7450, 0.4505, ],
[0.0846, -0.5920, ],
[0.6453, 0.1864, ],
[-0.5625, 0.2344, ],
[-0.6715, -0.0445, ],
[0.4357, 0.1194, ],
[1.0000, 0.0141, ],
[0.6674, -0.7961, ],
[0.1633, 0.3581, ],
[0.4421, -0.7539, ],
[0.3206, -0.0040, ],
[0.9601, -0.0283, ],
[0.9327, 0.4060, ],
[-0.3631, 0.3853, ],
[-0.3165, 0.2776, ],
[-0.2030, 0.4971, ],
[-0.9863, 0.7256, ],
[-1.0000, -0.2475, ],
[1.0000, 0.0924, ],
[0.4419, -0.0138, ],
[-0.0651, 0.2286, ],
[-0.4911, -0.2558, ],
[-0.4060, -0.9717, ],
[-0.0929, 0.6455, ],
[-0.1135, 0.8924, ],
[-0.3164, 0.8465, ],
[-0.2813, 0.1552, ],
[-0.2713, -0.3588, ],
[0.1684, 0.5990, ],
[0.7967, 0.4324, ],
[-0.1237, -0.6102, ],
[0.4963, -0.9493, ],
[-0.4310, -0.2060, ],
[0.0780, 0.9150, ],
[0.1033, -0.4802, ],
[0.9163, -0.2321, ],
[-1.0000, -0.9832, ],
[-0.2893, 0.0697, ],
[-0.7111, 0.0358, ],
[0.6380, -0.4703, ],
[0.6738, 0.4626, ],
[0.3245, 0.8378, ],


[15.0000, ],
[4.0000, ],
[12.0000, ],
[8.0000, ],
[16.0000, ],
[3.0000, ],
[0.0000, ],
[7.0000, ],
[6.0000, ],
[12.0000, ],
[2.0000, ],
[3.0000, ],
[6.0000, ],
[20.0000, ],
[7.0000, ],
[3.0000, ],
[16.0000, ],
[10.0000, ],
[1.0000, ],
[14.0000, ],
[4.0000, ],
[5.0000, ],
[4.0000, ],
[12.0000, ],
[2.0000, ],
[8.0000, ],
[9.0000, ],
[8.0000, ],
[8.0000, ],
[4.0000, ],
[3.0000, ],
[6.0000, ],
[3.0000, ],
[11.0000, ],
[3.0000, ],
[7.0000, ],
[4.0000, ],
[10.0000, ],
[7.0000, ],
[4.0000, ],
[8.0000, ],
[8.0000, ],
[5.0000, ],
[6.0000, ],
[13.0000, ],
[14.0000, ],
[3.0000, ],
[16.0000, ],
[4.0000, ],
[4.0000, ],
[0.0000, ],
[8.0000, ],
[6.0000, ],
[7.0000, ],
[13.0000, ],
[8.0000, ],
[4.0000, ],
[5.0000, ],
[6.0000, ],
[10.0000, ],
[11.0000, ],
[3.0000, ],
[8.0000, ],
[2.0000, ],
[3.0000, ],
[7.0000, ],
[4.0000, ],
[1.0000, ],
[7.0000, ],
[13.0000, ],
[10.0000, ],
[11.0000, ],
[15.0000, ],
[0.0000, ],
[7.0000, ],
[4.0000, ],
[20.0000, ],
[1.0000, ],
[7.0000, ],
[4.0000, ],
[10.0000, ],
[17.0000, ],
[12.0000, ],
[9.0000, ],
[10.0000, ],
[3.0000, ],
[2.0000, ],
[8.0000, ],
[0.0000, ],
[21.0000, ],
[2.0000, ],
[3.0000, ],
[4.0000, ],
[3.0000, ],
[12.0000, ],
[11.0000, ],
[7.0000, ],
[0.0000, ],
[2.0000, ],
[3.0000, ],


