[ 0,  0,  0,  0,  7,  0,  2,  0,  0,  0,  0,  0,  0,  0,  0,  0,  0,  0,  0,  0,  0,  0,  0,  0, ],
[ 0,  0,  0,  0,  0,  0,  0,  0,  0,  0,  0,  0,  1,  0,  0,  0,  0,  0,  0,  0,  0,  0,  0,  0, ],
[ 0,  0,  0,  0,  0,  0,  0,  0,  0,  0,  0,  0,  0,  2,  0,  2,  0,  0,  0,  7,  0,  0,  0,  0, ],
[ 0,  0,  0,  0,  1,  0,  1,  0,  0,  0,  0,  0,  0,  0,  0,  0,  0,  0,  0,  0,  0,  0,  0,  0, ],
[ 4,  0,  0,  0,  0,  0,  0,  0,  0,  0,  0,  0,  0,  1,  0,  2,  0,  0,  0,  0,  0,  0,  0,  0, ],
[ 0,  0,  0,  0,  0,  0,  0,  0,  0,  0,  0,  0,  0,  0,  0,  0,  0,  0,  0,  0,  0,  0,  0,  0, ],
[ 0,  0,  0, 13, 13,  0,  0,  0,  0,  0,  0,  0,  4,  0,  0, 13,  0,  0,  0,  0,  0,  0,  0, 14, ],
[ 0,  0,  0,  0,  0,  0,  0,  0,  0,  0,  0,  0,  0,  0,  4,  0,  0,  0,  0,  1,  0,  0,  0,  0, ],
[ 0,  0,  0,  0,  0,  0,  2,  0,  0,  0,  0,  0,  0,  0,  0,  0,  0,  0,  0,  0,  0,  0,  0,  0, ],
[ 0,  0,  0,  0,  0,  0,  0,  0,  0,  0,  0,  0,  0,  0,  0,  0,  0,  0,  0,  0,  0,  0,  0,  0, ],
[ 0,  0,  0,  0, 13,  2,  0,  7,  0,  0,  0,  0,  0,  0,  0,  0,  0,  0,  0,  0,  0,  0,  0,  0, ],
[ 2,  0, 13,  0,  0,  0,  0,  0,  0,  0,  0,  0,  0,  0,  0,  0,  0,  0,  0,  0,  0,  0,  2,  0, ],
[ 0,  0,  0,  0,  0,  0,  0,  0,  0,  0,  0,  0,  0,  0,  0,  0,  0,  0,  0,  1,  5,  0,  0,  0, ],
[ 0,  0,  0,  0,  0,  0,  0,  0,  0,  0,  0,  0,  0,  0,  0,  0,  2,  0,  0,  0,  0,  0,  0,  0, ],
[ 0,  2,  4,  0,  0,  0,  0,  0,  0,  0,  0,  0,  0,  0,  0,  0,  0,  0,  0,  0,  0,  0,  0,  0, ],
[ 0,  0,  0,  0,  0,  0,  0,  0,  0,  0,  0,  0,  0,  5,  0,  0,  7,  0,  0,  0,  0,  0,  0,  0, ],
[ 0,  0, 11,  0,  0,  0,  8,  0,  0,  0,  0,  0,  0,  0,  0,  2,  0,  0,  0,  0,  5,  0,  0,  0, ],
[ 0,  0,  0, 13,  0,  0,  0, 11,  7,  0,  0,  0,  0,  0,  0,  0,  0,  2,  0,  0,  0,  0,  0,  0, ],
[12,  0,  0,  0,  0,  2,  0,  0,  0,  0,  0,  0,  0,  0,  0,  0,  2,  1,  0,  0,  0,  0,  0,  0, ],
[ 2,  0,  2,  0,  0,  0,  0,  0,  0,  0,  0,  0,  0,  2,  0,  0,  0,  0,  0,  0,  0,  0,  0,  0, ],
[ 0,  0,  0,  0,  0,  0,  0,  0,  0,  0,  0,  0,  0,  0,  0,  0,  0,  0,  0,  2,  0,  0,  0,  0, ],
[ 0,  0, 11,  0,  0,  0,  0, 13,  0,  0,  0,  0,  0,  0, 12,  2,  0,  0,  0,  0,  0,  0,  0,  0, ],
[ 0,  0,  7,  0,  1,  0,  0,  0,  0,  0,  0,  0,  0,  0,  0,  2,  0,  0, 13,  0,  0,  0,  0,  0, ],
[ 4,  0,  0,  0,  0,  0,  0,  7,  4,  0,  0,  0,  0,  0,  2,  0,  0,  0,  0,  0,  0,  0,  0,  0, ],
[ 0,  0,  0,  0,  0,  0,  0,  0,  0,  0,  0,  0,  0,  0,  9, 12,  0,  0,  1,  0,  1,  0,  4,  0, ],
[ 0,  0,  0,  0,  0,  8,  0,  2,  0,  0,  0,  0,  0,  0,  0,  0,  0,  0,  0,  0,  0,  0,  0,  0, ],
[ 0,  0,  0,  0,  0,  0,  0,  0,  0,  0,  0,  0,  0,  0,  0,  0,  2,  0,  0,  3,  0,  0,  0,  0, ],
[ 0,  0,  0,  0,  0,  0,  0,  0,  0,  0,  0,  0,  0,  0,  0,  2,  0,  0,  1,  0,  0,  0,  0,  0, ],
[ 0,  0,  0,  0,  0,  0,  0,  0,  0,  0,  0,  0,  0,  0,  0,  0,  0,  0,  8,  0,  0,  0,  0,  0, ],
[ 0,  0,  0,  0,  7,  0,  8,  0,  0,  0, 14,  0,  0,  0,  0,  0,  0,  0,  0,  0,  0,  0,  0,  0, ],
[ 0,  0,  0,  0,  0,  0,  0,  0,  0,  0,  0,  0,  0,  0,  0,  1,  0,  0,  0,  0,  0,  0,  0,  0, ],
[ 4,  0,  0,  0,  0,  0,  0,  0,  0,  0,  0,  0,  1,  0,  0,  0,  0,  0,  0,  0,  0,  0,  0,  0, ],
[11,  0,  0,  0,  0,  0,  0,  0,  0,  0,  0,  0,  0,  0,  0,  0,  0,  0,  0,  0,  0,  0,  0,  0, ],
[ 0,  1,  0,  0,  1,  0,  0,  0,  0,  0,  0,  0,  0,  0,  0,  0,  0,  2,  0,  0,  0,  0,  0,  0, ],
[ 0,  0,  0,  0,  0,  0,  0,  0,  0,  0,  0,  0,  0,  0,  0,  0,  0,  0,  0,  0,  0,  0,  0,  0, ],
[ 0,  0,  2,  0,  0,  0,  0,  0,  0,  0,  0,  0,  0,  0,  0,  0,  0,  0,  0,  2,  0,  0,  0,  0, ],
[10,  0,  2,  0,  0,  0,  0,  0,  0,  0,  0,  0,  0,  0,  0,  0,  8,  0,  0,  0,  0,  2,  0,  0, ],
[ 0,  0,  2,  0,  0,  2,  0,  0,  0,  0,  0,  0,  0,  0,  0, 11,  0,  0,  0,  0,  0,  0,  0,  1, ],
[ 0,  0,  0,  3, 12,  0,  0,  0,  4,  0,  0,  0,  0,  0,  0,  0,  0,  0,  0,  0,  0,  0,  0,  0, ],
[ 0,  0,  0,  0,  0,  0,  0,  0,  0,  0,  0,  0,  0, 13,  0,  2,  0, 10,  0,  2,  6,  0,  0,  0, ],
[ 0,  0,  0,  0,  0,  0,  0, 13,  0,  0,  0,  0,  0,  0,  0,  0,  0,  2,  0,  0,  0,  0,  0,  0, ],
[ 0,  0,  0,  2,  0,  0,  0,  0,  0,  0,  0,  0,  2,  0,  0,  0,  0,  0,  0,  0,  0,  0,  0,  0, ],
[ 2,  0,  0,  0,  0,  2,  0,  0,  0,  0,  0,  0,  0,  0,  0,  0,  0,  0,  0,  0,  0,  0,  0,  0, ],
[ 0,  0,  0,  0,  0,  0,  0,  0,  0,  0,  0,  0,  0,  0,  0,  0,  0,  8,  0,  0,  0,  0,  0,  0, ],
[ 0,  0,  0,  0,  0,  0,  0,  0,  8,  0,  0,  0,  0,  0,  2,  0,  0,  0,  0,  0,  0,  4,  0,  0, ],
[ 0,  0,  0,  4,  0,  0,  0,  0,  0,  0,  0,  0,  0,  0,  0,  0,  0,  0,  0,  0,  0,  0,  0,  0, ],
[ 0,  0,  0,  0,  7,  0,  0,  0,  0,  0,  0,  0,  0,  0, 10,  0,  0,  0,  0,  2,  0,  0,  0,  0, ],
[ 0,  2,  0,  0,  0,  0,  0,  0,  0, 10,  0,  0,  4,  0,  0,  0,  0,  0,  0,  0,  0,  0,  0,  0, ],
[ 0,  0,  0,  0,  0,  0,  0,  0,  0,  0,  0,  0,  2,  0,  0,  0,  0,  0,  0,  0,  0,  0,  0,  0, ],
[ 0,  0,  0,  0,  0,  0,  8,  0,  0,  0,  0,  0,  0,  0,  0,  0,  0,  0,  0,  0,  0,  0,  0,  0, ],
[ 0,  0,  0,  0,  0,  0,  0,  0,  0,  0,  0,  0,  3,  0,  0,  0,  0,  6,  1,  0,  8,  0,  0,  0, ],
[ 0,  0,  0,  0,  0,  5,  0,  0,  0,  0,  0,  0,  0,  0,  0,  0,  0, 12,  0,  3,  0,  0,  0,  0, ],
[ 0, 11,  0,  0,  0,  0,  0,  0,  0, 11, 13,  0,  0,  0,  0,  0,  0,  0,  0,  0,  0,  0,  0,  0, ],
[ 0,  0,  0,  0,  0,  0,  0,  0,  0, 14,  0,  0,  0,  2,  0,  0,  0,  0,  0,  0,  0,  0,  0,  0, ],
[ 0,  0,  0,  0,  0,  0,  0,  8,  0,  0,  0,  0,  0,  0,  0,  0,  0,  0,  0,  0,  0,  0,  0,  0, ],
[ 0,  0,  0,  0,  0,  0,  0,  0,  0,  0,  0,  0,  0,  0,  0,  0,  0,  0,  0,  0,  0,  0,  0,  0, ],
[ 0,  0,  0,  0,  0,  0,  0,  0,  0,  0,  0,  0,  0,  0,  1,  0,  0,  0,  0, 11, 11,  0,  0,  0, ],
[ 0,  0,  0,  0,  0,  0,  0,  0,  0,  0,  0,  0,  0,  0,  0,  0,  0,  0,  0,  0,  0,  0,  0,  0, ],
[ 0,  0,  0,  0,  0,  0,  3,  0,  0,  0,  0,  5,  0,  0,  0,  0,  0,  0,  0,  0,  0,  0,  0,  0, ],
[ 0,  0,  0,  0,  0,  0,  0,  0,  0,  2,  0,  0,  0,  0,  3,  0,  0, 10,  0,  7,  0,  0,  2,  0, ],
[14,  0,  0, 13,  0,  0,  0,  0,  0,  0,  0,  0,  0,  0,  0,  1,  0,  0, 10,  0,  0,  0,  0,  0, ],
[ 0,  0,  0, 14,  0,  0,  0,  6,  0,  0,  9,  0,  0,  0,  0,  0,  0,  0,  0,  0,  0,  0,  0,  8, ],
[ 5,  0,  0,  0,  0,  0,  0,  0,  9,  0, 13,  0,  0,  0,  0,  0,  0,  0,  0, 14,  0,  0, 10,  0, ],
[ 0,  0,  0,  4,  0,  0,  0, 14,  9,  6,  0, 12,  0,  0,  0,  0,  0,  0,  0,  0,  0,  0,  0,  0, ],
[ 0,  0,  0,  0,  5,  0,  0,  0, 13,  0,  0,  0,  0,  0,  0,  0,  0,  0,  0,  0,  0,  0,  0,  0, ],
[ 0,  0,  0,  0,  0,  1,  0,  4,  0,  0,  0,  0,  0,  0,  0,  9,  0,  0,  0,  0,  0,  0,  0,  0, ],
[ 0,  0,  0,  0,  0,  0,  4,  0,  0,  0,  0,  0,  7,  0,  0,  0,  0,  0,  0,  0,  0,  0,  0,  0, ],
[ 0,  0,  0,  0,  0,  0,  0,  0,  0,  0,  0,  0,  2,  0,  0,  0,  0,  0,  0,  0,  0,  0,  0,  0, ],
[ 0,  0,  0,  0,  0,  0,  8,  0,  0,  0,  0,  0,  0,  0,  1,  0,  3,  0,  0,  0,  0,  0, 12,  0, ],
[ 0,  0,  0,  0,  0,  0,  0,  0,  0,  0,  0,  0,  0,  2,  0,  2,  0,  0,  0,  0, 14,  0,  0,  0, ],
[13,  0,  0,  0,  0,  0,  0,  0,  0,  0,  0,  0,  0,  0,  0,  0,  0,  0,  0,  0,  0,  0, 10,  0, ],
[ 0,  0,  0,  0,  0,  0,  0,  0,  0,  0, 13,  3,  0,  0,  0,  0,  0,  0,  0,  0,  0,  0,  0,  0, ],
[ 0,  0,  0,  0,  0,  0,  0,  0,  0,  0,  0,  0,  0,  0,  0,  0,  0,  0,  0,  0,  7,  0,  0,  0, ],
[ 0,  0,  0, 13,  0,  0,  4,  0,  0,  0,  0,  0,  0,  0,  0,  0,  0,  0,  0,  0, 10,  0,  0,  0, ],
[ 0,  0,  0,  0, 12,  4,  0,  7,  0,  0,  0,  0,  0,  0,  0,  0,  0,  0,  0,  0,  0,  9,  0,  0, ],
[ 0,  0,  0,  0,  0,  0,  0,  0,  0,  0,  0,  0,  0,  0,  0,  0,  0,  6,  0,  0,  0,  0,  0,  0, ],
[ 0,  0,  0,  0,  0,  0,  0,  0,  0,  0,  0,  0,  0,  0,  0,  0,  0,  0,  0,  0,  0, 10,  0,  0, ],
[ 0,  0,  0, 14,  0,  0,  8,  0,  7,  5,  0,  0,  0,  0,  0,  1,  0,  0,  0,  0,  0,  0,  0,  0, ],
[ 0,  0,  0,  0,  0,  0,  0,  0,  0,  0,  0,  0,  0,  0,  0,  0,  0,  0,  0,  0,  3,  0,  0,  0, ],
[ 0,  8,  0,  0,  0,  0,  0,  0,  0,  0,  8,  0,  0,  0,  0,  0, 11,  6,  0,  0,  0,  2,  0,  0, ],
[ 0,  0,  0,  0,  0,  0, 11,  0,  0,  0,  0,  0,  7,  0,  0,  0,  0,  0,  0,  0,  0,  0,  0,  0, ],
[ 0,  0,  0,  3,  0,  0,  0,  0,  6,  0,  0,  0,  0,  0,  0,  0,  0,  0,  0,  0,  0,  0,  0,  0, ],
[ 0,  0,  0,  0,  0,  0,  0,  0,  0,  0,  0,  0, 12,  0,  0,  0, 13,  0,  0,  0,  6, 13,  0,  0, ],
[ 7,  0,  0,  0,  0,  0,  0,  0,  0,  0,  0,  0,  0,  0,  0,  0,  0,  0,  0,  0,  0,  0,  0,  0, ],
[ 0,  0,  0,  0,  0,  0,  4,  0,  0,  0,  0,  0,  0,  0,  0,  0,  0,  0,  0,  0,  0,  2,  0,  0, ],
[ 0,  0,  2,  5,  1,  0,  0,  0,  0,  0,  0,  0,  0,  0,  0,  0,  0,  0,  0,  0, 12,  0,  0,  0, ],
[ 0, 11,  0,  0,  3,  0,  0,  0,  0,  0,  0,  0,  0,  0,  0,  0,  0,  0,  0,  0,  0,  0,  1,  0, ],
[ 0,  0,  0,  0, 11,  0,  0, 13,  0,  0,  0,  0,  8,  0,  0,  0, 11,  0,  0,  0, 11,  0,  0,  4, ],
[ 0,  0,  0,  0,  0,  0,  0,  0,  0,  0,  0,  0,  0,  0,  0,  0,  0,  0,  0,  0,  2,  0,  0, 14, ],
[ 0,  0,  0,  0,  0,  0,  0,  0,  0,  0,  0,  0,  0,  0,  0,  0,  0,  0,  0,  0,  0,  0,  0,  0, ],
[ 0,  0,  0, 14,  0,  0,  0,  0,  0,  0, 11,  0,  0,  0,  0,  0,  0,  0,  0,  0,  0,  0,  1,  0, ],
[ 0,  0,  0,  0,  0,  0,  0,  0,  0,  0,  0,  0,  0,  0,  0,  0,  0,  0,  0,  0,  0,  0,  0,  0, ],
[ 0,  4,  0,  0,  0,  0,  0,  0,  0, 10,  0,  2,  0,  0,  0,  0,  0,  0,  0,  0,  0,  0,  0,  5, ],
[ 0,  0,  0,  0,  0,  8,  2,  0,  0,  0,  0,  0,  0,  0,  0,  0,  0,  0,  0,  0,  0,  0,  0,  0, ],
[ 9,  0,  0,  0,  0,  0,  0,  0,  0,  0,  0,  0,  0,  0, 11,  0,  0,  0,  0,  0,  0,  0,  5,  0, ],
[ 0,  0,  0,  0,  0,  0,  0,  0,  0,  0,  0,  0,  0,  0,  0,  0,  0,  0,  0,  0,  0,  0,  0,  5, ],
[ 0,  0,  0,  0,  0,  0,  0,  0,  0,  0,  0,  0,  0,  1,  0,  0,  0,  0,  0,  0,  0,  5,  8,  0, ],
[ 0,  7,  0,  0,  0,  0,  0,  0,  0,  0,  0,  0,  0,  0,  0,  0,  0,  0,  0,  0,  0,  0,  0,  0, ],
[ 0,  0,  0,  0,  0,  0,  0,  0,  0, 10,  0,  0,  0,  0,  0,  0,  0,  0,  0,  0,  0,  0,  0,  0, ],
[ 0,  0,  0,  0,  0,  0,  1,  0,  0,  0,  0,  0,  0,  0,  0, 12,  0,  0,  0,  0,  0,  0,  0,  0, ],


[0.0129, 0.9883, ],
[-0.4131, 0.5377, ],
[0.5185, -0.2192, ],
[0.2817, -0.0505, ],
[1.0000, -0.7913, ],
[-0.0924, 0.3605, ],
[0.8373, 0.8699, ],
[0.1667, 0.0072, ],
[-0.1848, 0.4638, ],
[-0.3228, -0.5398, ],
[0.6814, 0.3196, ],
[0.1142, -0.0684, ],
[0.3933, -0.0566, ],
[-0.0362, 0.2496, ],
[0.6744, -0.3650, ],
[-0.3722, 0.1271, ],
[-0.0233, -0.1044, ],
[0.0451, -0.3695, ],
[-0.4015, 0.5179, ],
[0.4210, -0.3296, ],
[-0.5065, 1.0000, ],
[-0.3488, 1.0000, ],
[0.1560, 0.6211, ],
[0.2820, 0.4290, ],
[0.0229, 0.7911, ],
[0.5188, 0.2397, ],
[0.5163, 0.2149, ],
[-0.0444, -0.0913, ],
[0.4431, 0.9336, ],
[0.1219, -0.1374, ],
[0.7894, -0.1375, ],
[-0.0097, 0.1486, ],
[0.6299, -0.2914, ],
[0.1035, -0.0690, ],
[0.1528, 0.4971, ],
[-0.1450, 0.6817, ],
[0.2351, 0.0233, ],
[-0.3033, -0.1778, ],
[0.1292, 1.0000, ],
[-0.0806, -0.2474, ],
[1.0000, 0.2934, ],
[1.0000, -0.0031, ],
[-0.1897, 0.0775, ],
[-0.0369, 0.2653, ],
[0.1526, -0.4281, ],
[0.7979, -0.5141, ],
[-0.9992, -0.1793, ],
[-0.6997, -0.4328, ],
[-0.6134, -0.0754, ],
[-0.8267, 1.0000, ],
[0.0755, 0.8534, ],
[-0.0267, 0.5468, ],
[0.4195, 0.6918, ],
[-0.8387, 0.7858, ],
[0.0421, -0.8228, ],
[-0.9013, -0.5539, ],
[-0.6859, 0.4592, ],
[0.8046, 0.6763, ],
[0.9127, 0.9647, ],
[0.5642, 0.2299, ],
[-0.3250, 0.3767, ],
[-0.8315, -0.6959, ],
[0.7790, 0.2703, ],
[-0.5584, 0.5023, ],
[-0.9004, -0.7257, ],
[-0.6824, -0.0613, ],
[-0.5840, 0.8231, ],
[-0.7965, -0.2954, ],
[-0.2023, -0.5122, ],
[0.9062, -0.3491, ],
[-0.6637, -0.3635, ],
[-0.3051, -0.1794, ],
[-0.8312, -0.8851, ],
[-0.9932, 0.3818, ],
[0.9920, -0.8281, ],
[-0.8027, 0.7765, ],
[0.0894, 0.4841, ],
[0.3031, 0.8166, ],
[0.6033, 0.7328, ],
[-0.4023, 0.0905, ],
[0.0360, 0.3790, ],
[0.0108, 0.2247, ],
[0.0122, 0.5184, ],
[0.9605, 0.7567, ],
[0.4155, -0.3094, ],
[0.7569, 0.1184, ],
[-0.4593, 0.2596, ],
[0.7636, 0.7510, ],
[0.9042, -0.2379, ],
[-0.4450, -0.7104, ],
[0.6224, -0.1395, ],
[-0.1683, 0.5646, ],
[-0.5542, -0.4430, ],
[-0.6368, -0.1848, ],
[-1.0000, -0.3549, ],
[0.8832, 0.8324, ],
[0.0077, 0.0907, ],
[0.3872, -1.0000, ],
[-0.4296, 0.8000, ],
[-0.4539, -0.7300, ],


[4.0000, ],
[1.0000, ],
[5.0000, ],
[2.0000, ],
[4.0000, ],
[0.0000, ],
[18.0000, ],
[3.0000, ],
[1.0000, ],
[0.0000, ],
[8.0000, ],
[6.0000, ],
[3.0000, ],
[1.0000, ],
[3.0000, ],
[5.0000, ],
[10.0000, ],
[12.0000, ],
[7.0000, ],
[3.0000, ],
[1.0000, ],
[13.0000, ],
[9.0000, ],
[8.0000, ],
[11.0000, ],
[4.0000, ],
[3.0000, ],
[2.0000, ],
[3.0000, ],
[10.0000, ],
[1.0000, ],
[3.0000, ],
[4.0000, ],
[3.0000, ],
[0.0000, ],
[2.0000, ],
[9.0000, ],
[7.0000, ],
[8.0000, ],
[13.0000, ],
[5.0000, ],
[2.0000, ],
[2.0000, ],
[3.0000, ],
[6.0000, ],
[2.0000, ],
[8.0000, ],
[7.0000, ],
[1.0000, ],
[3.0000, ],
[9.0000, ],
[8.0000, ],
[12.0000, ],
[5.0000, ],
[3.0000, ],
[0.0000, ],
[9.0000, ],
[0.0000, ],
[4.0000, ],
[11.0000, ],
[13.0000, ],
[13.0000, ],
[17.0000, ],
[16.0000, ],
[6.0000, ],
[6.0000, ],
[5.0000, ],
[1.0000, ],
[10.0000, ],
[6.0000, ],
[8.0000, ],
[6.0000, ],
[3.0000, ],
[10.0000, ],
[12.0000, ],
[3.0000, ],
[4.0000, ],
[13.0000, ],
[2.0000, ],
[14.0000, ],
[7.0000, ],
[5.0000, ],
[15.0000, ],
[3.0000, ],
[3.0000, ],
[8.0000, ],
[7.0000, ],
[21.0000, ],
[5.0000, ],
[0.0000, ],
[9.0000, ],
[0.0000, ],
[9.0000, ],
[4.0000, ],
[9.0000, ],
[2.0000, ],
[6.0000, ],
[3.0000, ],
[4.0000, ],
[5.0000, ],


