[ 4,  0,  0, 12,  0,  0,  0,  0,  0,  0,  0,  0,  0,  0,  0,  0,  0,  0,  0,  0,  0,  0,  0,  0, ],
[ 0,  0,  0,  2,  0,  0, 13,  0,  0,  0,  0,  0,  0,  0,  0,  0,  0,  0,  0,  0,  0,  0,  0,  0, ],
[ 0,  0,  0,  1,  0,  6,  9,  0,  0,  0,  0,  0,  0,  0,  0,  0,  0,  0,  0,  0,  0,  0,  0,  4, ],
[ 0,  0,  0,  0,  0,  0,  0,  0,  0,  0,  0,  0,  0,  0,  0,  0,  0,  0,  0,  0,  0,  0,  0,  0, ],
[ 0,  5,  0,  0,  0, 12,  0,  0,  0,  0,  0,  0,  0,  0,  0,  0,  0,  0,  0,  0,  0,  0,  0,  0, ],
[ 0,  0,  0,  0,  0,  0,  8,  0,  0,  0,  0,  0,  0,  0,  0,  0,  0,  0,  0,  0,  0,  0,  0,  0, ],
[ 0,  0,  0,  0,  0,  0,  0,  0,  0,  0,  0,  0,  0,  0,  0,  0,  0,  0,  0,  2,  0,  0,  0,  0, ],
[ 0,  0,  0,  0,  0,  0,  0,  0,  0,  0,  0,  0,  0,  0, 13,  0,  0,  0,  0,  0,  0,  0,  0,  0, ],
[ 0,  9,  2,  0,  0,  0,  0,  0,  0,  8,  0,  0,  7,  0,  0, 12,  0,  0,  0,  0,  0,  0,  0,  0, ],
[ 0,  0,  0,  0,  0,  0,  0, 14,  0,  0,  0,  0,  0,  0,  0,  0,  0,  0,  0,  0,  0,  0, 13,  0, ],
[ 0,  0,  0,  9,  0,  0,  0,  0,  0,  0,  0,  1,  0,  0,  0,  0,  0,  0,  0,  2,  0,  0,  0,  0, ],
[ 0,  0,  0, 14,  0,  0,  0,  0,  0,  0,  0,  0,  0,  0,  0,  0,  0,  0,  6,  0,  0,  0,  0, 14, ],
[ 0,  0,  0,  0,  0,  0,  0,  0,  0,  0,  0,  0,  0,  0,  0,  0,  0,  0,  0,  0,  0,  0,  0,  0, ],
[ 0,  0,  0,  0,  0,  0,  7,  0,  8,  0,  0,  0,  0,  0,  2,  0,  0,  0,  0, 13,  0,  0,  0,  0, ],
[ 0,  0,  2,  0,  0,  0,  0,  0,  0,  0,  0,  0,  0,  0,  0,  0,  0,  0,  0,  0,  0,  0,  0,  0, ],
[ 0,  0, 14,  0,  0,  0,  0,  0,  0,  0,  0,  0,  0,  0,  0,  0,  0,  0,  0,  0,  0,  0,  0,  0, ],
[ 0,  0,  9,  0,  0,  0, 13,  0,  0,  0,  0,  0,  0,  0,  0,  0,  0, 12,  0,  0,  0,  0,  0,  0, ],
[ 0,  0,  0,  0,  0,  0,  0,  0,  0,  0,  6,  0,  0,  0,  0,  0,  0,  0,  0,  0,  0,  0,  0,  0, ],
[ 0,  0,  0,  0,  0, 10,  0,  0,  0,  0,  0,  0,  0,  0,  0,  0,  0,  0,  0, 14,  0,  0,  0,  0, ],
[ 0,  0,  2,  0,  0,  0,  0,  0,  1,  0, 11,  0,  0,  0,  0,  0,  0, 11,  0,  0, 11,  0,  0,  0, ],
[ 5,  0,  0,  0,  1,  0,  0,  0,  0,  0,  0,  0, 13,  0,  0,  0,  0,  0,  0,  0,  2,  0,  0,  0, ],
[ 0,  0,  0,  0,  0,  0,  0,  0,  0,  0,  0,  0,  7,  0,  0,  0,  0,  0, 13,  0,  0,  0,  0,  0, ],
[ 0,  0,  0,  0,  0,  0,  3,  0,  0,  0,  0,  0,  0,  0,  0, 13, 11,  0,  0,  0,  0, 11,  0,  0, ],
[ 0,  0,  0,  0,  0,  0,  0,  0,  0,  0,  0,  0,  0,  0,  0,  0,  9,  0,  0,  0,  0,  0,  0,  0, ],
[ 0,  5,  0,  0,  0,  0,  0,  0,  8,  0,  0,  0,  0,  0,  0,  0,  0,  7,  0,  0,  0,  0,  0,  9, ],
[ 0,  0,  0,  0,  0,  0,  0,  0,  0,  0,  0,  0,  0,  0,  0,  0,  0,  0,  0,  0,  0,  0,  0,  0, ],
[ 0,  0,  0,  0,  0,  0, 11,  0,  0,  8,  0,  0,  0,  0,  0,  0,  3,  0,  0,  0,  0,  0,  0,  0, ],
[ 0,  0,  0,  0,  0,  7,  0,  0,  0,  0,  0,  0,  9,  0,  0,  0,  0,  0,  0,  0,  0,  2,  0,  0, ],
[ 0,  0,  0,  0,  0,  0,  0,  0,  0,  0,  0,  0,  0,  0,  0,  0,  0,  1,  0,  0, 11,  0,  0,  0, ],
[ 0,  0,  0,  0, 11,  0,  0,  2,  0,  0,  0,  0,  0,  0,  7,  0,  0,  0,  0,  0,  0,  0,  0,  0, ],
[ 0,  0,  0,  0,  0,  0,  0,  0,  0,  0,  0,  0,  0,  0,  0,  0,  0,  0, 14, 11,  0,  0,  0,  0, ],
[ 0,  0,  0,  0,  0,  0,  0,  0,  0,  0,  0,  0,  0,  0,  0,  0,  0,  0,  0,  0,  0,  0,  0,  0, ],
[ 0,  0,  0,  0,  0,  4,  0,  0,  0,  0,  0,  0,  0,  7,  0,  0,  0,  0,  0,  0,  0, 14,  6,  0, ],
[ 0,  0,  0,  3,  0,  0,  0,  0,  0,  0,  0,  0,  0,  0,  0,  1,  0,  2,  0,  0,  0,  0,  0,  0, ],
[ 0,  0,  0,  0,  0,  0, 11,  4,  0,  0,  0,  0,  0,  0,  0,  0,  0,  0,  0,  0,  0,  0,  0,  0, ],
[ 0,  0,  0,  0,  0,  0,  0,  0,  0,  2,  0,  0,  0,  0,  0,  0,  0,  0,  0,  0,  0,  0,  0, 13, ],
[ 0,  0,  0,  0,  0, 10,  0,  0,  0,  0,  0,  0,  0,  0,  0,  0,  0,  0,  0,  0,  0,  0,  0, 10, ],
[ 0,  0,  0,  0,  0,  0,  0,  0,  0,  0,  0,  0,  0,  0,  0,  0,  0,  0,  0,  0,  4,  0,  0,  0, ],
[ 0,  0,  0,  0,  0,  0,  0,  0,  0,  0,  0,  0,  0,  0,  0,  0,  0,  0,  0,  0,  0,  0,  0,  0, ],
[ 0,  0,  0,  0,  0,  0,  0,  0,  3,  0,  0,  0,  0,  0,  0,  0,  0,  0,  0,  0,  0,  0,  0,  0, ],
[ 0,  0,  0,  0,  0,  0,  0,  1,  0,  0,  0,  0,  0,  0,  0,  0,  0,  0,  0,  0,  0,  0,  2,  0, ],
[ 0,  0,  0,  0,  0,  0,  0,  0,  0, 10,  0, 10,  0,  0,  0,  0,  0,  0,  0,  0,  0,  0,  0,  0, ],
[ 0,  0,  2,  0,  0, 13,  0,  0,  0,  0,  0,  0,  0,  0,  6,  0,  0,  5,  0, 14,  0,  0,  0,  0, ],
[ 0,  0,  0,  0,  0,  0,  0,  0,  0,  0,  0,  0,  0,  0,  0,  0,  0,  0,  0,  0,  0,  0,  0,  0, ],
[ 0,  0,  0,  0,  2,  0,  0,  0,  0,  0,  0,  0,  0,  0,  0,  0,  0,  0,  0,  0,  0,  0,  0,  0, ],
[ 0,  0,  0,  0,  0,  0,  0,  0,  0,  0,  8,  0,  0,  0,  0,  0,  0,  0,  0,  0,  0,  0, 12,  0, ],
[ 0,  0,  0, 11, 12,  0, 12,  0,  0,  0,  0,  0,  0,  0,  0,  0,  0,  0,  0,  0,  0,  3,  0,  0, ],
[ 0,  0,  0,  0,  0,  0,  0,  0,  0,  0,  0,  0,  5,  0,  0,  0,  0,  0,  0,  0,  0,  0,  0, 10, ],
[ 0,  0,  0,  0,  0,  0,  3,  0,  0,  0,  0,  0,  0,  0, 11, 13,  0,  0,  0,  1,  0,  0,  0,  0, ],
[ 0,  0,  0,  0,  0,  0,  0,  0,  0,  0,  0,  0,  7,  0,  0,  0,  0,  0,  0,  0,  0,  0,  0,  7, ],
[ 0,  0,  0,  0,  0,  0,  0,  0,  0,  0,  0,  0, 11,  0,  0,  0,  0,  0,  0,  0, 13,  0,  0,  0, ],
[ 0,  0,  0,  0,  0,  0,  0,  0,  0,  0,  5,  0,  2,  0,  0,  0,  0,  0,  0,  0,  0,  0,  7,  0, ],
[ 0,  3,  0,  7,  0,  0,  0,  0,  0, 11,  0,  0,  0,  0,  0, 14,  0, 12,  0,  0,  0,  0,  0,  7, ],
[10,  0,  0,  0,  0,  0,  0,  0,  0,  0,  0,  0,  0,  3,  4,  0,  0,  0,  0,  0,  0,  6,  3,  0, ],
[ 0,  0,  0,  0,  0, 10,  0,  0,  0,  0,  0,  0,  0,  0,  2,  0,  0,  0,  0, 12,  0,  0,  0,  0, ],
[ 0,  0,  0,  0,  0,  0,  0,  0,  0,  5,  1,  0, 12, 11,  0,  0,  0,  0,  0,  7,  0,  0,  0,  0, ],
[ 0,  0,  0,  0,  0,  9,  0,  0, 11,  0,  0,  0, 12,  5,  0,  0,  0,  0,  0,  0,  0,  0,  0,  0, ],
[ 0,  0,  0,  0, 12,  0,  0,  0,  0,  0,  0,  0,  0,  0,  0,  0,  0,  0,  0,  8,  0,  0,  0,  0, ],
[ 0,  0,  0,  0,  0,  0,  0,  0,  0,  0,  0,  0,  0,  0,  0,  0,  0,  0,  0,  0,  0,  0,  0,  0, ],
[ 6,  0,  0,  0,  0,  0,  0,  0,  9,  2,  0, 10,  0,  0,  0,  0,  0,  0,  0,  0,  0,  8,  0,  0, ],
[ 0,  0,  0,  0,  0, 14,  0,  0,  0,  0,  0,  0,  0,  0,  0,  0,  0,  0,  0,  0,  0,  2,  0,  0, ],
[ 0,  0,  0,  0,  0,  0,  0,  0,  0,  0,  0, 13,  0,  0,  0,  0,  0,  0,  0,  0,  0,  0,  0, 13, ],
[ 0,  0,  0,  0,  0,  0,  0,  0,  0,  0,  0,  0,  0,  0,  0,  0,  0,  0,  0,  0, 12,  0,  0,  0, ],
[ 0,  0,  0,  0,  0,  0,  0, 10,  0,  0,  0,  0,  0,  0,  0,  0,  0,  0,  0,  0,  3,  0,  0,  0, ],
[ 0,  0,  0,  0,  0,  0,  0,  0,  0,  4,  0,  0,  0,  0,  0,  0,  0,  0,  0,  0,  0,  0,  0,  0, ],
[ 0,  0,  0,  0,  0,  0,  0,  0,  0,  0,  4,  0,  0,  0,  0,  4,  0,  0,  3,  0,  0,  0,  0,  0, ],
[ 0,  0,  0,  0,  0,  0,  0,  0,  0,  0,  0,  0,  0,  0,  0,  0,  0,  0,  0,  0,  0,  0,  0,  0, ],
[ 0,  0,  0,  0,  0,  0,  0,  0,  0,  0,  0,  0,  4,  0,  0,  0,  0, 14,  0,  0, 10,  0,  0,  0, ],
[ 0,  0,  0,  0,  0,  0, 13,  0,  0,  0,  0,  0,  0,  0,  0,  0,  0,  0,  0,  0,  0,  0,  0,  0, ],
[ 3,  3,  0,  0,  0,  0,  0,  0,  0,  0,  0,  0,  0,  0,  0,  0,  0,  0,  0,  0,  0,  0,  0,  3, ],
[ 0,  0,  0,  4,  0,  0,  0,  0,  0,  0,  0,  0,  0,  0,  0,  0,  0,  8,  0,  0,  0,  0,  7,  0, ],
[ 0,  0,  0,  0,  0,  0,  0,  0,  0,  3,  0,  0,  0,  0,  0,  0,  0,  0, 14,  0,  0,  9,  0,  5, ],
[ 0,  0,  0,  0,  0,  0,  0,  0,  0,  0,  0,  0,  0,  0,  0,  0,  0,  0,  0,  0,  0,  0,  0,  0, ],
[ 0,  0,  2,  0,  0,  0, 13,  7,  0,  0,  0,  0,  0,  0,  0,  0,  0,  0,  0,  0,  0,  0,  0,  0, ],
[ 0,  0,  0,  0,  0, 14,  0,  0,  0,  0,  0,  0,  0,  0,  0,  0,  0,  0,  0,  0,  0,  0,  0,  0, ],
[ 0,  0,  0,  0,  0,  0,  0,  0,  0,  0,  7,  0,  4,  0,  0,  0,  0,  0,  0,  0,  0,  0,  0,  0, ],
[ 0,  0,  2,  0,  0,  0,  0,  0,  0,  0,  0,  0,  0,  2,  0,  0,  0,  0,  4,  9,  0,  0,  0,  0, ],
[ 0,  0,  0,  0,  0,  0,  0,  0,  0,  0,  0,  0,  0,  0,  0,  3,  0,  0,  0,  0,  0,  0,  0,  0, ],
[ 0,  0,  1,  0,  0,  0,  0,  0,  0,  0,  0,  0,  0,  0,  0,  0,  0,  0,  0,  0,  0,  0,  0,  0, ],
[ 0,  0,  6,  0,  6,  1,  0,  0,  0,  0,  0,  0,  0,  0,  0,  0,  0,  0,  2,  0,  0,  0,  0,  0, ],
[ 0,  0,  0,  0,  0,  0,  0,  0,  0,  0,  9,  0,  0,  0,  0,  0,  0, 13,  0,  0, 11,  0,  0,  0, ],
[ 0, 14,  0,  0,  0,  0,  0,  0,  6,  0, 14,  9,  0,  0,  0,  0,  0,  0,  0,  0,  0,  0,  0,  0, ],
[ 0,  0,  0,  0,  0,  0,  8,  9,  0,  0,  0,  0,  0,  0,  0,  0,  0,  0,  0,  0,  0,  0,  0,  0, ],
[ 0,  0,  0,  0,  0,  0,  0,  0,  0,  0,  0,  0,  0,  0,  9,  0,  6,  0,  0,  0,  0,  0,  5,  2, ],
[ 0,  0,  3,  0,  0,  0,  0,  0,  0,  0,  0,  0,  8,  7,  0,  0,  0,  0,  0,  0,  0,  0,  0,  0, ],
[ 0,  0,  0,  0,  0,  0,  0,  0,  2, 13, 13,  0,  0,  0,  0,  0,  0,  0,  0,  0,  0,  0, 11,  0, ],
[12,  1,  0,  0,  0,  0,  0,  0,  0,  0,  0,  0,  6,  0,  0,  0,  0,  0,  0,  0,  0,  0,  0,  0, ],
[ 0,  0,  0,  0,  0,  0,  0,  0,  0,  0,  0,  0,  0,  0,  0,  0,  0,  0,  0,  0,  0,  3,  0,  0, ],
[ 0,  0,  0,  0,  0,  0,  0,  0, 11,  0,  0,  0,  0,  0,  5,  0,  0,  0,  0,  0,  0,  0,  0,  0, ],
[ 0,  0,  0,  0,  0,  0,  0,  0,  0,  0,  0,  0,  0,  0,  0,  0,  0,  0,  0, 12,  9,  0,  0,  0, ],
[ 0,  0,  0, 14,  0,  0,  0,  0,  0,  0,  0,  0,  0,  0,  0,  0,  0,  0,  0,  0,  0,  2,  0,  0, ],
[ 0,  0,  0,  0,  0, 14,  0,  0,  0,  0,  0,  0,  0,  0,  0,  0,  0,  0,  0,  0,  0,  0,  0,  9, ],
[ 0,  0,  0,  0,  0,  0,  0,  0,  0,  0,  0,  0,  0,  0,  0,  0,  0,  0,  0,  0,  1,  0,  0,  0, ],
[ 0,  0,  0,  0,  0,  0,  0,  0,  0,  0,  0,  0,  0,  0,  0,  0,  0,  0,  0,  0,  0,  0,  0,  0, ],
[ 0,  0,  0,  0,  0,  0,  0,  0,  0,  0,  0,  0,  0,  0,  0,  0,  0,  0,  0,  0,  0,  0,  0,  0, ],
[ 0,  0,  0,  7,  0,  0,  3,  0,  0,  0,  0,  0,  0,  0,  0,  9,  0,  2,  0,  0,  0,  0,  0,  0, ],
[ 0,  0,  0,  0, 11,  0,  0,  0,  0,  0,  0,  2,  0,  0,  0,  0,  0,  0,  0,  0,  0,  0,  0,  0, ],
[ 0,  0,  0,  0,  2,  0,  0,  0,  0,  0,  0,  0,  1,  0,  0,  0,  0,  0,  0,  0,  0,  0,  0,  0, ],
[ 0,  0,  0,  0, 12,  0,  0,  2,  0,  0, 12,  0,  0,  0,  0,  0,  4,  0,  9,  0,  0,  0,  0,  0, ],
[ 0,  0,  0,  0,  0,  0, 13, 13,  0,  0,  0,  0,  0,  0,  0,  0,  0,  0,  0,  0,  0,  0,  0,  0, ],


[0.8373, 0.4973, ],
[0.0066, -0.4468, ],
[0.7087, 0.4884, ],
[-0.0913, 0.7423, ],
[0.4665, -0.4823, ],
[0.4446, 1.0000, ],
[-0.7717, -0.9706, ],
[0.5487, 0.5952, ],
[-0.0612, 0.4491, ],
[0.7949, 0.0201, ],
[-0.5993, 0.0189, ],
[-0.0702, -0.6267, ],
[0.2892, -0.6115, ],
[0.8337, 0.6661, ],
[0.4751, 0.5435, ],
[-0.1367, -0.1375, ],
[1.0000, -0.8157, ],
[0.2354, 0.5736, ],
[0.6602, 0.4461, ],
[0.5038, 0.4718, ],
[1.0000, 0.6110, ],
[0.4884, -0.3632, ],
[0.7401, 0.0811, ],
[0.8467, 0.2426, ],
[0.8457, -0.2170, ],
[0.3695, 0.2031, ],
[0.4391, -0.4995, ],
[-0.0775, 0.1730, ],
[-0.0235, -0.7339, ],
[-0.0198, -0.3880, ],
[-0.4790, -0.2798, ],
[0.0417, 0.6676, ],
[0.2607, -0.0878, ],
[0.8863, 0.7869, ],
[-0.6155, -0.0669, ],
[-0.8660, 0.2107, ],
[0.0766, 0.1338, ],
[-0.0690, -0.3201, ],
[1.0000, -0.3869, ],
[0.6345, 0.4407, ],
[0.4906, -0.8587, ],
[0.0428, 0.2506, ],
[1.0000, -0.4013, ],
[0.2783, 0.7832, ],
[0.1784, -0.1314, ],
[0.8909, -0.3157, ],
[-0.0625, 0.2164, ],
[-0.4827, -0.4691, ],
[-0.1974, -0.4191, ],
[0.8335, 1.0000, ],
[0.0755, -0.8642, ],
[0.6119, 0.0150, ],
[0.3202, -1.0000, ],
[-0.0158, -0.9680, ],
[-0.4424, -0.1693, ],
[0.4310, -0.4014, ],
[-0.9501, 0.0858, ],
[-0.6982, 0.0229, ],
[-0.5178, 0.3597, ],
[0.4787, -0.3484, ],
[0.5382, 0.5187, ],
[-0.4046, 0.0478, ],
[0.5633, -0.1624, ],
[0.0640, 0.1517, ],
[0.2200, -0.0536, ],
[-0.3260, 0.2813, ],
[0.6705, -0.7571, ],
[0.5123, -0.7924, ],
[-0.0186, 0.7808, ],
[0.4773, 0.0638, ],
[-0.5371, -0.6760, ],
[0.3363, 0.2798, ],
[0.4466, -0.3915, ],
[-0.7696, 0.7337, ],
[0.5448, -0.8617, ],
[-0.8268, -0.1754, ],
[-0.9777, -0.6245, ],
[1.0000, 0.1435, ],
[-0.0447, 0.3739, ],
[0.9410, 0.1772, ],
[-0.3575, 0.6133, ],
[-0.0929, 0.5481, ],
[0.2348, -0.0494, ],
[-0.6968, -0.5090, ],
[0.3285, 0.1372, ],
[-0.3970, -0.2345, ],
[0.0671, -0.3453, ],
[0.8598, 0.1517, ],
[0.4478, -0.8659, ],
[0.4024, 0.5849, ],
[-0.9424, -0.7805, ],
[0.5576, 0.7455, ],
[-0.2697, -0.4430, ],
[0.9282, 0.3392, ],
[-0.5722, 0.8860, ],
[-1.0000, -0.8557, ],
[0.0493, 0.0358, ],
[0.4368, -0.3452, ],
[0.9983, 0.2395, ],
[-0.4630, 0.3872, ],


[6.0000, ],
[5.0000, ],
[9.0000, ],
[0.0000, ],
[6.0000, ],
[3.0000, ],
[1.0000, ],
[4.0000, ],
[14.0000, ],
[8.0000, ],
[5.0000, ],
[11.0000, ],
[0.0000, ],
[11.0000, ],
[1.0000, ],
[4.0000, ],
[11.0000, ],
[3.0000, ],
[8.0000, ],
[14.0000, ],
[8.0000, ],
[7.0000, ],
[14.0000, ],
[3.0000, ],
[11.0000, ],
[0.0000, ],
[9.0000, ],
[7.0000, ],
[5.0000, ],
[8.0000, ],
[8.0000, ],
[0.0000, ],
[12.0000, ],
[4.0000, ],
[6.0000, ],
[5.0000, ],
[8.0000, ],
[2.0000, ],
[0.0000, ],
[2.0000, ],
[2.0000, ],
[8.0000, ],
[14.0000, ],
[0.0000, ],
[1.0000, ],
[7.0000, ],
[14.0000, ],
[6.0000, ],
[11.0000, ],
[6.0000, ],
[8.0000, ],
[6.0000, ],
[20.0000, ],
[13.0000, ],
[9.0000, ],
[14.0000, ],
[13.0000, ],
[7.0000, ],
[0.0000, ],
[14.0000, ],
[5.0000, ],
[8.0000, ],
[4.0000, ],
[6.0000, ],
[2.0000, ],
[6.0000, ],
[0.0000, ],
[10.0000, ],
[4.0000, ],
[6.0000, ],
[8.0000, ],
[11.0000, ],
[0.0000, ],
[8.0000, ],
[4.0000, ],
[5.0000, ],
[7.0000, ],
[2.0000, ],
[1.0000, ],
[8.0000, ],
[11.0000, ],
[14.0000, ],
[6.0000, ],
[9.0000, ],
[8.0000, ],
[13.0000, ],
[8.0000, ],
[2.0000, ],
[6.0000, ],
[7.0000, ],
[5.0000, ],
[7.0000, ],
[1.0000, ],
[0.0000, ],
[0.0000, ],
[9.0000, ],
[5.0000, ],
[2.0000, ],
[14.0000, ],
[8.0000, ],


