[ 0,  0,  0,  0,  0,  0,  0,  0,  0,  0,  0,  0,  0,  0,  0,  0,  0,  0,  5,  0,  0,  0,  0,  0, ],
[ 0,  0,  0,  0,  4,  0,  0,  0,  0,  0,  0,  0,  0,  0,  0,  0,  0,  0,  0,  0,  3,  0,  0,  0, ],
[ 0,  0,  0,  0,  0,  0,  0,  0,  0,  0,  0,  0,  0,  0,  0,  0,  0,  0,  0,  0,  0,  0,  0,  3, ],
[ 0,  0,  0,  0,  0,  0,  0,  0,  0,  0,  5,  0,  0,  0,  0,  0,  0,  0,  0,  0,  0,  0,  0,  0, ],
[ 0,  0,  0,  0,  0, 12,  0,  0,  0,  0,  0,  0,  0,  0,  0,  0,  6,  0,  0,  0,  0,  0,  0,  0, ],
[ 0,  0,  0,  0, 14,  0,  0,  0, 14,  0,  0,  0,  0,  0,  0,  0,  0,  0,  0,  0,  0,  0,  0,  0, ],
[ 0, 11,  0,  0,  0,  0,  0,  0,  0,  0,  0,  0,  1,  0,  0,  0,  0,  0,  0,  0,  0,  0,  0,  0, ],
[ 0,  0,  0,  0,  0,  0,  0,  0,  6,  0, 10,  0,  0,  0,  0,  0,  0,  0,  0,  0,  0,  0,  0,  0, ],
[ 0,  0,  0,  0,  0,  0,  0,  0,  0,  0,  0,  0,  0,  0,  0,  0,  0,  0,  0,  0,  0,  0, 14,  0, ],
[ 0,  0,  0,  0, 14,  0,  0,  0,  0,  0,  0,  0,  0,  0,  0,  0,  0,  0,  0,  0,  0,  0,  0,  0, ],
[ 0,  0,  0,  0,  9,  0,  0,  0,  0,  0,  0,  0,  1,  0,  0,  0,  0,  0,  0,  0,  0,  0,  0,  0, ],
[ 0,  0,  0,  0,  0,  0,  0,  0,  0,  2,  0,  0,  0,  9,  1,  0,  0,  0,  0, 14,  0,  0,  0,  0, ],
[ 0,  0,  0,  0,  0,  0,  0,  0,  0,  0,  0,  0,  0,  0,  0,  0,  0,  0,  0,  0,  0,  0,  0,  0, ],
[ 0, 13,  0,  0,  0,  0,  0, 12,  0,  0,  0,  0,  0,  0,  2,  0,  0,  0,  4,  0,  0,  0,  0,  5, ],
[ 0,  0,  0,  0,  0,  0,  0,  0,  0,  0,  0,  0,  0,  0,  0,  0,  0,  0,  0,  0,  0,  0,  0,  0, ],
[ 0,  0,  0,  0,  0,  0,  0,  0,  0,  0,  0,  0,  0,  0,  0,  0,  0,  0,  0,  0,  2,  0,  0,  0, ],
[ 0,  0, 14,  0,  0,  0,  0,  0,  0,  0,  5,  0,  7,  0,  0,  0,  0,  0,  0,  0,  0,  0,  0,  0, ],
[ 0,  0,  0,  0,  0,  0,  0,  0,  0,  0,  0,  0,  0,  0,  0,  0,  0,  0,  0,  0,  0,  0,  0,  0, ],
[ 0,  0,  0,  0,  0,  0,  0,  9,  0,  0,  0,  0,  0,  0,  0,  0,  0,  8,  0,  0,  0,  0,  0,  0, ],
[ 0,  0,  0,  0,  0,  0,  0,  0,  0,  0,  0,  0,  6,  0,  0,  0,  0,  0,  0,  0,  0,  0,  0,  0, ],
[ 0,  0,  0,  1,  0,  0,  0, 10,  0,  0,  0,  0,  0,  0,  0,  0,  0,  0,  0,  6, 11,  0,  0,  0, ],
[ 0,  0,  0,  0,  0,  0,  0,  0,  0,  0,  8,  0,  0,  0,  0,  0,  0,  0,  0,  0,  0,  0,  0,  0, ],
[ 0,  0, 13,  0,  0,  0,  0,  8,  0,  0,  0,  0,  0,  0,  0,  0,  0,  0,  6,  0,  0,  0,  0,  0, ],
[ 0,  0,  8,  0,  0,  0,  0,  0,  0,  0,  5,  0,  0,  0,  0,  0,  0,  0,  0,  0,  0,  0,  8,  0, ],
[ 0,  0, 12,  0,  0,  0,  0,  0,  8,  0,  0,  0,  0,  0,  0,  0, 11,  0,  0,  0,  0,  0,  0,  0, ],
[ 0,  0,  5,  0,  2,  0,  0,  0,  0,  0,  0,  0,  0,  9,  0,  0,  0,  0,  0,  0,  0,  0,  0,  0, ],
[ 0,  0,  0,  0,  0,  0,  0,  0,  0,  0,  0,  0,  0, 14,  1,  0,  0,  2,  0,  0,  0,  0,  0,  0, ],
[ 0,  0,  0,  0,  0,  9,  0,  0,  0,  0,  0,  0,  0,  0,  0,  0,  0, 13,  0,  0,  0,  0,  0,  0, ],
[ 0,  0,  0,  0,  0,  0,  4,  0,  0,  0, 10,  0,  0, 12,  0,  0,  0, 10,  0,  0, 14,  0,  0,  0, ],
[ 0,  0,  0,  0,  0,  0,  0,  0,  0,  0,  0,  1,  0,  0,  0,  0,  0,  0,  0,  0,  0,  0,  0,  0, ],
[ 0,  0,  0,  0,  2,  0,  0,  0,  0,  0,  0,  0,  0,  0,  0,  0,  0,  0,  6,  0,  0,  0,  0, 13, ],
[ 0,  0,  0,  0, 14,  0,  0,  0,  0,  0,  0,  0,  0,  0,  0,  0,  0,  0,  0,  1,  0,  0,  0,  0, ],
[ 0,  0,  0,  0,  0,  0,  0,  0,  0,  0,  0,  0,  0,  0,  0,  0,  0,  0,  0,  0,  0,  0,  0,  0, ],
[ 0,  0,  0,  0,  6,  0,  0,  0,  0,  0,  0,  0,  0,  0,  0,  0,  0,  0,  0,  0,  0,  0,  0,  9, ],
[ 0,  0,  0, 10,  0,  0,  0,  7,  0,  0,  0,  2,  0,  0, 11,  0,  0,  3,  0,  0,  0,  0,  0,  0, ],
[ 0,  0,  0,  0,  0,  0,  0,  0,  0,  0,  0,  0,  0,  0,  0,  0,  0,  0,  0,  0,  0,  0,  0,  0, ],
[ 0,  0,  0,  0,  0,  0,  0,  0,  0,  0,  0,  0,  0,  0,  0,  0,  0,  0,  0,  0,  0,  0,  0,  0, ],
[ 0,  0,  0,  0,  0,  0,  0,  0,  0,  0,  0,  0,  0,  0,  0,  0,  0,  0,  0,  0,  0,  0,  0,  0, ],
[ 0,  0,  0,  0,  0,  0,  0,  0,  0,  0,  0,  0,  0,  0,  0,  0,  0,  3,  0,  0,  0,  0,  0,  0, ],
[ 0,  0,  0,  0,  0,  0,  0,  0,  0,  0,  0,  0,  0,  0,  0,  0,  0,  0,  0,  0,  0,  0,  0,  0, ],
[ 0,  0,  0,  0,  0,  0,  0,  0,  0,  0,  0,  0,  0,  0,  0,  0,  0,  0,  0,  0,  0,  0,  0,  0, ],
[ 0,  0,  0,  0,  0,  0,  0,  0,  0, 10,  0, 10,  0,  0,  0,  0,  0,  0,  0,  0,  0,  0,  0,  0, ],
[ 0,  0,  0,  0,  0,  0,  0,  0,  0,  0,  0,  0,  0,  0,  0,  0,  0,  0,  0,  0,  0,  0,  0,  0, ],
[ 0,  0,  0,  0,  0,  0,  0,  0,  5,  0,  0,  0,  0,  0,  0,  7,  0,  0,  0,  0,  0, 11,  0,  0, ],
[ 0,  0,  0,  1,  0,  0,  0,  0,  0,  0,  0,  2,  0,  0,  0,  0,  0,  0,  0,  0,  0,  0,  0,  0, ],
[ 0,  0,  0,  0,  0,  0,  0,  0,  0,  0,  0,  0,  0,  0,  0,  0,  0, 10, 14,  2,  0,  0,  0,  0, ],
[ 0,  0,  0,  0,  0,  0,  0,  0,  7,  0,  0,  0,  0,  0,  0,  0,  0, 13,  0,  0,  0,  0,  0,  0, ],
[ 0,  6,  0,  0,  0,  0,  0,  0,  0,  0,  0,  0,  0,  0,  0, 10,  0,  0,  0,  0,  0,  0,  0,  0, ],
[ 0,  0,  8,  0,  5,  0,  6,  0,  0,  0,  0,  0,  0, 10,  0,  0,  0,  0,  0,  0,  0,  0,  0,  0, ],
[ 0,  0,  0,  0,  0,  0,  4, 10,  0,  0,  0,  0,  0,  0,  0,  0,  0,  0,  0,  0,  0,  0,  0,  0, ],
[ 0,  0,  0,  0,  0,  0,  0,  0,  0,  0,  0,  0,  0,  0,  0,  0,  0,  0,  0,  0,  0,  0,  0,  0, ],
[ 0,  0,  0,  0,  0,  0,  0,  0,  6,  0,  0,  0,  0,  0,  0,  0,  0,  0,  0,  0,  0,  0,  0,  0, ],
[ 0,  0,  0,  0,  0,  0,  0,  0,  2,  0,  0,  0,  0,  0,  0,  0,  0,  0,  0,  0,  0,  0,  0,  0, ],
[ 0, 13,  0,  0,  0,  0,  0,  0,  0,  0,  0,  0,  0,  0, 13,  0,  0,  0,  0,  0, 10,  0,  0,  0, ],
[ 0,  4,  0,  0,  0,  0,  0,  0,  0,  0,  0,  0,  0,  0,  0,  0,  0, 11,  0,  0,  6,  0,  0,  0, ],
[11,  0,  0,  0,  0,  0,  0,  0,  0,  0,  0,  0,  0,  0,  0,  0,  0,  0,  0,  0,  0,  0,  0,  0, ],
[ 0, 14,  0,  0,  0,  0,  1,  0,  0,  0,  0,  0,  0,  0,  0,  0,  0,  0,  0,  0,  0,  0,  0, 11, ],
[ 0,  0,  0,  0,  0,  0,  0,  0, 10,  0,  0,  0,  0,  0,  0,  0,  0,  0,  0,  0,  0,  0,  0,  0, ],
[ 0,  0,  2,  0,  0,  0,  0,  0,  0,  0,  0,  0,  0,  0,  0,  0,  0,  2,  0,  0,  2,  0,  0,  0, ],
[ 0,  0,  0,  0,  0,  0,  0,  0,  0, 12,  0,  3,  0,  0,  0,  0,  0,  0,  0,  0,  0,  0,  0,  0, ],
[13,  0,  0,  0,  0,  0,  0,  0,  0,  0,  0,  0,  0,  0,  0,  0, 13,  0,  0,  0, 14,  0,  0,  0, ],
[ 0,  0,  0,  0,  0,  0,  0,  0,  0,  0,  9, 13,  0,  0,  0,  0,  0,  0,  0,  0,  0,  0,  0,  8, ],
[ 0,  0,  9,  0,  0,  0,  0,  0,  0,  9,  0,  0,  0,  0,  0,  0,  0,  0,  0,  0,  0,  0,  0,  0, ],
[ 0,  0,  0,  0,  0,  0,  0,  0,  0,  0,  0,  0,  0,  6,  0, 13,  0,  0,  0,  0,  0,  0,  0,  0, ],
[ 0,  9,  0,  0,  0,  0,  0,  0,  0,  0,  0,  0,  0,  0,  0,  0,  0,  0,  0,  0,  0,  0,  0, 14, ],
[ 0,  0,  0,  0,  0,  0,  0, 14,  7,  0,  0,  0,  0,  0,  0,  0, 12,  0,  0,  0,  0,  0,  0,  0, ],
[ 0,  0,  0,  0,  0,  0,  0,  0,  0,  0,  0,  0,  0,  0,  0,  0,  8,  3,  0,  0,  0,  0,  2, 11, ],
[ 0,  0, 13,  0,  0,  0,  0,  0, 12,  0,  0,  0,  0,  0,  0,  0,  0,  0,  0,  0,  0,  0,  0,  0, ],
[ 0,  0,  0,  0,  0,  0,  0,  0,  0,  0,  0,  0,  0,  0,  6,  7,  0,  0,  0,  0,  0,  0,  0,  0, ],
[ 0,  0,  5,  0,  0,  0,  0,  0,  0,  0,  0,  0,  0,  4,  0,  0,  0,  0,  0,  7,  0,  0,  0,  0, ],
[10,  0,  0,  0,  0,  0,  0,  2,  0,  0,  0,  9,  0,  0,  0,  0,  0,  0,  0,  0,  0,  0,  0,  0, ],
[ 0,  0,  0,  0,  0,  0,  0,  0,  0,  0, 13,  0,  0,  8,  0,  0,  0,  0,  0,  0, 14,  0,  0,  0, ],
[ 0,  0,  0,  0,  0,  0,  0,  5,  0,  0,  0,  0,  0,  0,  0,  0,  0,  0,  0,  0,  0,  0,  0,  0, ],
[ 0,  0,  0,  0,  0,  0,  0,  0,  0,  0,  0, 10,  0,  0,  0,  0,  0,  0,  0,  0,  0,  0,  0,  0, ],
[ 0,  0,  0,  0,  0,  0, 13,  0,  0,  0,  0,  0,  0,  0,  0,  0,  2,  0,  0,  0,  0,  0,  0,  0, ],
[ 0, 11,  0,  0,  0,  6,  0,  0,  0,  0,  0,  0,  0,  0,  0,  0,  5,  0,  0,  0,  8,  0,  0,  0, ],
[ 0, 11,  0,  0,  0,  0,  0,  0,  0,  0,  0,  0,  0,  0,  0,  0,  6,  0,  0,  9,  0,  0,  0,  0, ],
[ 0,  0,  0,  0,  0,  0,  0,  0,  0, 13,  0,  0,  0,  0,  0,  0,  0,  0,  9,  0,  0,  0,  0,  0, ],
[ 0,  0,  0,  0,  0,  0,  0,  0,  0,  0,  0,  0,  5,  3,  0,  0,  0,  0,  0,  3,  0,  0,  4,  0, ],
[ 0,  0,  0,  0,  5, 11,  4,  0,  0,  0,  0,  6,  8,  0,  0,  0,  0,  8,  2,  0,  0,  0,  0,  0, ],
[ 0,  0,  0,  0,  0,  0,  0,  0,  0,  0,  0,  0,  0,  0,  0,  0,  0,  0, 14,  0,  0,  0,  0,  0, ],
[ 0,  0,  0,  0,  0,  0,  0,  0,  0,  0,  0,  0,  0,  0,  0,  0,  0,  0,  0,  0, 10,  0,  7,  0, ],
[ 0,  0,  0, 14,  0,  0,  0,  0,  0,  0,  0,  0,  0,  0,  0,  0,  0,  0,  0,  0,  0,  0,  0,  0, ],
[ 0,  0,  0,  0,  0,  0,  0,  0,  4,  0,  0,  0,  0,  0,  0,  0,  2,  0,  0,  0,  0,  6,  0,  0, ],
[ 0,  0,  0,  0,  0,  0,  0,  0,  0,  0,  0,  0,  0,  0,  0,  0,  0,  0,  0,  0,  0,  0,  0,  0, ],
[ 0,  0,  0,  0,  0,  0,  0,  0,  0,  0,  0,  0,  0,  0,  0,  0,  0,  0,  0,  0,  0,  0,  0,  5, ],
[ 0,  0,  0,  0,  0,  0,  0,  5,  0,  0,  0,  0,  0,  0,  2,  0,  0,  0,  0,  0,  0,  0,  0,  3, ],
[ 0,  0,  0,  0,  0,  0,  0,  0,  0,  0,  0,  2,  0,  0,  0, 12,  0,  0, 12,  0,  0,  0,  0,  0, ],
[ 0,  0,  0,  0,  0,  0,  0,  0,  0,  0,  0,  0,  0,  0,  0,  0,  0,  0,  0,  0,  0,  0,  0,  0, ],
[ 0,  0,  0,  0,  0,  0,  0,  0,  0,  0,  0,  0,  0,  0,  0,  0,  0,  0,  0,  0,  0,  0,  0,  0, ],
[ 0,  0,  0,  0,  0,  6,  0,  0,  0,  0,  0,  0,  0,  0,  0,  0,  0,  0,  9,  0,  0,  0,  1,  0, ],
[ 0,  0,  0,  0, 11, 11,  0,  0,  0,  0,  0,  0,  0,  0,  0,  0,  0,  0,  0,  0,  0,  0,  0,  0, ],
[ 0,  0,  0,  0,  3,  0,  0,  0,  0,  0,  0,  0,  0,  0,  0,  0,  9,  0,  2,  0,  0, 13,  0,  0, ],
[ 0,  0,  0,  0,  0,  0,  0,  0,  0,  0,  0,  0,  0,  0,  0,  0,  0,  0,  0,  0,  0,  0,  5,  0, ],
[ 0,  0,  0, 14,  0,  0,  0,  1,  0,  0,  0,  0,  0,  0,  0,  0,  0,  0,  0,  0,  0,  0,  0,  0, ],
[ 0,  0,  0,  0,  0, 13,  0,  0,  0,  0,  0,  0,  0, 12,  0,  0,  0,  0,  0,  0,  0,  0,  0,  0, ],
[ 0,  0,  0,  0,  0,  0,  0,  0,  0, 12,  1,  0,  0,  5,  0,  0,  0, 10, 10,  0,  0,  2,  0,  0, ],
[ 0,  0,  0,  0,  0,  0,  0,  0,  0,  0,  0, 14,  0,  0,  0,  0,  0,  0,  0,  0,  0,  0,  5,  0, ],
[ 0,  0,  0, 10,  0,  0,  0,  3,  0,  0,  0,  0,  0,  0,  0,  0,  0,  0,  8,  0,  0,  7,  0,  5, ],
[ 0,  0,  0,  0,  0,  0,  0,  6,  0,  0,  0,  0,  0,  0,  8,  0,  0,  5,  0,  0,  0,  0,  0,  0, ],


[0.7683, -0.8286, ],
[-0.2128, -0.9591, ],
[-0.0349, 0.4424, ],
[0.9464, -0.2348, ],
[0.6505, 1.0000, ],
[0.5352, 0.1186, ],
[-0.5738, 0.3886, ],
[0.1341, 0.2612, ],
[-0.0996, 0.3882, ],
[-0.3418, 0.2671, ],
[0.5171, -0.0169, ],
[-0.0702, 0.0805, ],
[-0.6339, -0.1158, ],
[0.5945, 0.5249, ],
[0.1982, -0.7002, ],
[-0.5657, -0.3628, ],
[0.8800, -0.5363, ],
[-0.0164, -0.7338, ],
[0.7275, -0.0547, ],
[0.3889, -0.2208, ],
[0.9586, 0.6528, ],
[0.2915, -0.5770, ],
[0.5894, 0.4072, ],
[-0.9850, -0.5463, ],
[0.9172, -0.7258, ],
[0.2243, 0.2175, ],
[0.5163, 0.5958, ],
[-0.6628, 0.5365, ],
[0.3207, 0.3133, ],
[0.5387, -0.5533, ],
[-0.5565, 0.3850, ],
[-0.0150, 0.4126, ],
[-0.9285, -0.1235, ],
[0.7120, 0.7810, ],
[0.8300, 0.6088, ],
[-0.7254, -0.1500, ],
[0.4890, -0.2111, ],
[0.4971, -0.2322, ],
[-1.0000, 1.0000, ],
[0.9439, 0.6104, ],
[0.5964, -0.7462, ],
[0.0250, 0.2876, ],
[0.3320, 0.3183, ],
[0.4819, 0.5149, ],
[0.0726, -0.3859, ],
[0.7675, -0.0945, ],
[0.1115, -0.3836, ],
[-0.8156, 0.4626, ],
[-0.8495, 0.4757, ],
[0.8335, 0.4044, ],
[0.5296, -0.1825, ],
[0.0885, 0.1357, ],
[0.3856, -0.7793, ],
[0.1070, -0.6102, ],
[-0.3224, -0.6879, ],
[0.5769, -0.4252, ],
[0.8034, -0.0185, ],
[0.5350, 0.4039, ],
[-0.8141, 0.4732, ],
[0.0289, -0.5154, ],
[0.4640, 0.1153, ],
[0.2694, 0.2232, ],
[0.7127, 0.0272, ],
[0.0179, 0.2645, ],
[0.5625, -0.1360, ],
[0.2442, 0.6534, ],
[0.8379, 0.4302, ],
[0.2051, -0.4880, ],
[-0.7927, 0.9222, ],
[0.7172, 0.0296, ],
[-0.2995, 0.5458, ],
[0.1259, 0.4420, ],
[0.1600, -0.3915, ],
[-0.1759, 0.3986, ],
[0.3397, 0.9160, ],
[-0.9381, -0.1136, ],
[0.7378, 0.3702, ],
[0.9785, -0.0321, ],
[0.2573, 0.2189, ],
[-0.4125, -0.6812, ],
[-0.3575, -1.0000, ],
[-0.4323, -0.0383, ],
[-1.0000, 1.0000, ],
[-0.1479, 0.7448, ],
[-0.5781, 0.0184, ],
[-0.3286, -0.3562, ],
[0.1868, -0.7667, ],
[0.9495, 0.8053, ],
[0.5298, -0.7477, ],
[0.4516, -0.4900, ],
[-0.4778, 0.4211, ],
[-0.0581, 0.9866, ],
[0.0816, 0.6049, ],
[-0.5694, -0.1883, ],
[-0.7791, -0.9472, ],
[-0.0717, -0.4158, ],
[-0.5650, 0.5193, ],
[0.4632, 0.1375, ],
[0.7479, 0.1178, ],
[0.4009, 0.2608, ],


[2.0000, ],
[4.0000, ],
[2.0000, ],
[2.0000, ],
[7.0000, ],
[8.0000, ],
[5.0000, ],
[7.0000, ],
[4.0000, ],
[4.0000, ],
[4.0000, ],
[9.0000, ],
[0.0000, ],
[13.0000, ],
[0.0000, ],
[1.0000, ],
[9.0000, ],
[0.0000, ],
[6.0000, ],
[3.0000, ],
[12.0000, ],
[3.0000, ],
[10.0000, ],
[8.0000, ],
[11.0000, ],
[6.0000, ],
[6.0000, ],
[7.0000, ],
[18.0000, ],
[1.0000, ],
[8.0000, ],
[5.0000, ],
[0.0000, ],
[6.0000, ],
[14.0000, ],
[0.0000, ],
[0.0000, ],
[0.0000, ],
[2.0000, ],
[0.0000, ],
[0.0000, ],
[8.0000, ],
[0.0000, ],
[9.0000, ],
[2.0000, ],
[9.0000, ],
[7.0000, ],
[7.0000, ],
[12.0000, ],
[6.0000, ],
[0.0000, ],
[3.0000, ],
[1.0000, ],
[12.0000, ],
[9.0000, ],
[4.0000, ],
[9.0000, ],
[4.0000, ],
[3.0000, ],
[6.0000, ],
[12.0000, ],
[10.0000, ],
[6.0000, ],
[7.0000, ],
[7.0000, ],
[11.0000, ],
[10.0000, ],
[8.0000, ],
[6.0000, ],
[7.0000, ],
[8.0000, ],
[11.0000, ],
[2.0000, ],
[4.0000, ],
[5.0000, ],
[12.0000, ],
[10.0000, ],
[7.0000, ],
[8.0000, ],
[18.0000, ],
[4.0000, ],
[7.0000, ],
[4.0000, ],
[6.0000, ],
[0.0000, ],
[2.0000, ],
[5.0000, ],
[9.0000, ],
[0.0000, ],
[0.0000, ],
[7.0000, ],
[8.0000, ],
[10.0000, ],
[2.0000, ],
[5.0000, ],
[8.0000, ],
[16.0000, ],
[6.0000, ],
[14.0000, ],
[8.0000, ],


