[ 0,  0,  0,  0,  0,  0,  0,  0,  0,  5,  0,  0,  0,  0,  0,  0,  0, 11,  1,  0,  0,  0,  0,  0, ],
[ 0,  0,  0,  0,  0,  0,  0,  0,  0,  0,  0,  0,  0,  0,  0,  0,  2,  0,  0,  0,  0,  0,  0,  0, ],
[ 0,  0,  0,  1,  0,  0,  0,  0,  0,  0,  0,  0,  0,  0,  0,  0,  0,  0,  0,  0,  0,  2,  0,  0, ],
[ 0,  0,  0,  0, 13,  0,  8,  0,  0,  0,  0,  3,  0,  0,  0,  0,  0,  0,  0,  0,  0,  0,  0,  0, ],
[ 0,  0,  0,  0,  0,  0,  0,  0,  0,  0,  0,  0,  0,  0,  0,  0,  0,  0,  0,  0,  0,  2,  0,  0, ],
[ 0,  0,  0, 12,  0,  0,  5,  0,  0,  0,  0,  0,  0,  0,  2,  0,  0,  0,  0,  0,  0,  0,  0,  0, ],
[ 0,  0,  4,  0,  0,  0,  0,  0,  0,  0,  0,  0,  0,  3,  0,  2,  0,  0,  0,  0,  0,  0,  0,  0, ],
[ 0,  0,  0,  0,  0,  8,  0,  0,  0,  0,  0,  0,  0,  0,  0,  0,  0,  0,  0,  0,  0,  0,  0,  0, ],
[ 0,  0,  0,  0,  0,  0,  0,  0,  0,  0,  0,  0,  0,  0,  0,  0,  0,  0,  0,  0,  2,  0,  0,  0, ],
[ 0,  0,  0,  0,  0,  0,  0,  0,  0,  0, 11,  0,  0,  0,  0,  0,  0,  0,  0,  0,  0,  5,  0,  0, ],
[ 0,  0,  0, 13,  0,  0,  0,  0,  0,  0,  0,  2,  0,  0,  0,  0,  0,  0,  0,  0,  0,  0,  0,  0, ],
[ 0,  0,  0,  0,  0,  0,  0,  0,  0,  0,  0,  0,  0,  0,  0,  0,  0,  0,  0,  0,  0,  0,  0,  0, ],
[ 0,  0,  0,  0,  0,  0,  0,  0,  0,  0,  0,  0,  0,  0,  0,  0, 13,  0,  8,  0,  0,  0,  0,  9, ],
[ 0, 13,  0,  0,  0,  0,  0,  0,  0,  0,  0,  0,  0,  0,  0,  0,  0,  0,  0,  0,  0,  0,  0,  3, ],
[ 0,  0,  0,  0,  0,  0,  0,  0,  0,  0,  0,  0,  0,  0,  0,  0,  0,  0,  0,  0,  0,  0,  0,  0, ],
[ 0,  0,  0,  0,  0,  0,  0,  0,  0,  0,  0,  0,  0,  0,  0,  0,  0,  0,  0,  0,  0,  0,  0, 14, ],
[ 0,  6,  0,  0,  0,  5,  4,  0,  0,  0,  0,  0,  9,  7,  1,  0,  0,  0,  0,  0,  0,  0,  0,  0, ],
[ 0,  0,  0,  0,  0,  0,  0,  0,  0,  0,  0,  0,  0,  0,  0,  0,  0,  0,  0,  0,  0, 10,  0,  0, ],
[ 0,  0,  0,  0,  0,  0,  0,  0,  0,  0,  0,  0,  0,  0,  0,  0,  0,  0,  0,  0,  0,  0,  5,  0, ],
[ 0,  0,  0,  0,  0,  0,  0,  0,  0,  0,  0,  0,  0,  0,  0,  0,  0,  0,  0,  0,  0,  0,  0,  0, ],
[ 0,  0,  1,  0,  0,  0,  0,  0,  0,  0,  0,  0,  2,  0,  0,  0,  0,  0,  0,  0,  0,  0,  0,  0, ],
[ 0,  0,  0,  0,  0,  0,  0,  0,  0,  0,  0,  0,  0,  0,  0,  0,  0,  0,  0,  0,  0,  0,  0,  0, ],
[13, 13,  0,  0, 12,  0,  0,  0,  0,  0,  0,  0,  0,  0,  0,  0,  0,  0,  0,  0,  0,  0,  1,  0, ],
[ 0,  0,  0,  0,  0,  0,  0,  0,  0,  0,  0,  0,  0,  0,  0, 10,  0,  0,  0,  0,  0,  0,  0,  0, ],
[ 4,  0,  0,  0,  0,  0,  0,  0,  0,  0,  0,  0,  0,  0,  0,  0,  0,  0,  1,  0,  0,  0,  0,  0, ],
[14,  0,  0,  0,  0,  0,  0,  0,  0,  0,  0,  0,  0,  0,  0,  0,  0,  0,  0,  0,  0,  0,  0,  0, ],
[ 0,  0, 12,  0,  0,  0, 14,  0,  0,  0,  0,  0,  0,  0,  0,  0,  0,  0,  0,  0,  0,  0,  4,  0, ],
[ 1,  0,  0,  0,  0,  0,  0,  0,  0,  0,  0,  0,  0, 12,  0,  0,  0,  0,  1,  0,  0,  0,  0,  0, ],
[ 0,  0,  0,  0,  0,  0,  0,  0,  0,  0,  0,  0,  0,  0,  0,  0,  0,  0,  0,  0,  0,  0,  0,  0, ],
[ 0,  0,  0,  0,  0,  0,  0,  0,  0,  0,  0, 11,  0,  0,  0,  0,  0,  0,  5,  0,  0,  0,  0,  0, ],
[ 0,  0,  0,  2,  0,  0,  0,  0,  0,  0,  0,  0,  0,  0,  0,  0,  0,  0,  0,  0,  0,  0,  0,  0, ],
[ 0, 12,  0,  0,  0,  0,  0,  0,  5,  0, 12,  0,  0,  0,  0,  0,  0,  7,  0,  0,  0,  0,  0,  0, ],
[ 0,  0,  0,  0,  0,  0,  0,  0,  0,  0,  0,  0,  0,  0,  0,  0,  0,  0,  0,  0,  0,  0,  0,  0, ],
[ 0,  0,  0,  0,  0,  0,  0,  0, 10,  0,  0,  0,  0,  0,  0,  0,  0,  0,  0,  0,  0,  0,  0,  0, ],
[ 0,  0,  0,  0,  0,  0,  0,  0,  0,  0,  0,  4,  0,  0,  0,  0,  0,  0,  0,  0,  0,  0,  0,  0, ],
[ 0,  6,  0,  0,  0,  0,  6,  0,  0,  0,  0,  0,  0,  0,  0,  0,  0,  1,  2,  0,  0,  0,  2,  0, ],
[ 0,  0,  0,  0,  9,  8,  0,  0, 11,  0,  0,  0,  0,  0,  0,  0,  0,  0,  0,  0,  0,  0,  0,  0, ],
[ 0,  0,  0,  0,  0,  1,  0,  0,  0, 13,  0,  0,  0,  0,  0,  0,  0,  0,  0,  9,  0,  2,  0,  0, ],
[ 0,  0,  0,  0,  0,  0,  0,  0,  0,  0,  0,  0,  0,  0,  0,  0,  0,  0,  0,  0,  0,  0,  3,  0, ],
[ 0,  0,  0,  0,  0,  0,  0,  0,  0,  0,  0,  0,  0,  0,  0,  0,  0,  0,  0,  0,  0,  0,  0,  0, ],
[ 0,  0,  0,  0,  0,  0,  0,  1,  0,  0,  8,  0,  0,  0,  0,  3,  4,  0,  0,  7,  0,  0,  0,  0, ],
[ 0,  0,  0,  0,  0,  0,  0,  0,  0, 10,  0, 10,  0,  0,  0,  0,  0,  0,  0,  0,  0,  0,  0,  0, ],
[ 0,  0,  0,  0,  0,  0,  0,  0,  0,  0,  0,  5,  0,  0,  7,  0,  0,  0,  0,  0,  0,  0,  0,  0, ],
[ 0,  0,  0,  0,  0,  0,  0,  0,  0, 12,  0,  0,  0,  0,  0,  0,  0,  0,  0,  0,  0,  0,  0,  0, ],
[ 0,  0,  0,  0,  0,  0,  0,  0,  0,  0,  0,  0,  0,  0,  0,  0,  2,  0,  0,  0,  0,  0,  0,  0, ],
[ 0,  0,  0,  0,  0,  0,  0,  0,  0,  0,  0,  0,  0,  0,  4,  0,  0,  0, 14,  0,  0,  0,  3,  0, ],
[ 0,  0,  0,  0,  0,  0,  0,  0,  0,  5,  0,  0,  0,  0,  0,  0,  0,  0,  0,  0,  0,  0,  0, 10, ],
[12,  0,  0,  0,  0,  0,  0,  0,  8,  0,  0,  0,  0,  0,  0,  0,  0,  0,  0,  0,  0,  0,  0,  0, ],
[ 0,  0,  0, 13,  0,  0,  0,  0,  0,  0,  0,  0,  0,  0,  0,  0,  0,  0,  0,  0, 11, 12,  0,  0, ],
[ 0,  0,  0,  0,  0,  0,  0,  0,  0,  0,  0,  0,  0,  0,  0,  0,  0,  0,  0,  0,  0,  0,  0,  0, ],
[ 9,  0,  0,  0,  0,  0,  3,  0,  7,  0,  0,  0,  0,  0,  0,  0,  0,  2,  0,  0,  2,  0,  0,  0, ],
[ 0,  0,  0,  0,  0,  0,  0,  0,  0, 10,  0,  0,  2,  0,  0,  7,  0,  0, 13,  0,  0,  0,  0,  1, ],
[ 0,  0,  0,  7,  0,  0,  0,  0,  0,  0,  0,  0,  0,  0,  0,  0,  0,  0,  0,  0,  5,  0,  0,  0, ],
[ 0,  0,  0,  0, 12, 14,  0,  0,  0,  0,  0,  0,  0,  0,  0,  0,  0,  0,  0,  0,  4,  0,  0,  0, ],
[ 5,  0,  0,  0,  0,  0,  0,  0,  0,  0,  0,  0,  0,  0,  0,  0,  0,  0,  0,  0,  0,  0,  0,  0, ],
[13,  0,  0,  0,  0,  0,  0,  0,  6,  0,  0,  0,  0,  0,  0,  0,  0,  0,  0,  0,  0,  0,  0,  0, ],
[ 0,  0,  0,  0,  0,  0,  0,  0,  0,  0,  0,  0,  5,  0,  0,  0,  0, 10,  0,  0,  0,  0,  4,  0, ],
[ 0,  0,  0,  0,  0,  0,  5,  0,  0,  0,  0,  0,  0,  0,  0,  9,  0,  0,  0,  0,  0,  0,  0,  0, ],
[12,  0,  0,  0,  0,  0,  0,  0,  0,  0,  0,  0,  0,  0,  0,  0,  0,  0,  0,  0, 11,  0,  0,  0, ],
[ 0,  0,  6,  0,  0,  0,  0,  0,  0,  0,  0,  0,  0,  0,  0,  0,  0,  0,  0,  0,  0,  0,  0,  0, ],
[ 0,  0,  0, 14,  0,  0,  0,  0,  0,  0,  0,  0,  0,  0,  0,  5,  7,  0,  0,  0,  0,  0,  0,  0, ],
[ 0,  0,  0,  0,  0,  0,  0,  0,  0,  0,  0,  0,  0,  0,  7,  0,  0,  0,  0,  0,  0,  0,  0,  0, ],
[ 5,  0,  0,  0,  0,  0,  0, 10,  5,  0,  0,  0,  0,  0,  0,  0, 12,  0,  0, 14,  0,  0, 10,  0, ],
[ 0,  0,  0,  0,  0,  0,  0,  0,  0,  0,  0,  0,  0,  0,  0,  0,  0,  0,  0,  0,  0,  0,  0,  0, ],
[ 0,  0,  0,  0,  0,  0,  0,  0,  0,  0,  0,  7,  6,  0,  0,  0,  0,  0,  0,  0,  0,  0,  0,  0, ],
[ 0,  0,  0,  0,  4,  0,  4,  0,  0,  0,  0, 13,  0,  0,  0,  4,  0,  0,  0,  0,  0,  0,  0,  0, ],
[ 0,  0,  0,  0,  0,  0,  5,  0,  0,  0,  0,  0,  0,  0,  5,  0,  0,  0,  0,  0,  0, 13,  0,  0, ],
[ 0,  8,  0,  0,  0,  0,  9,  0,  0,  0,  0,  0,  5,  0,  0,  0,  0,  0,  5,  0,  0,  0,  0,  0, ],
[10,  0,  0,  0,  0,  0,  0,  5,  0,  0,  0,  6,  0, 13,  0,  0,  0,  0,  0,  0,  0,  0,  0,  0, ],
[ 0,  0,  4,  0,  0,  0,  0,  0,  7,  0,  0,  0,  0,  0,  0,  0,  0,  0,  0,  0,  0,  0,  0,  0, ],
[ 0,  0,  0,  0,  0,  0,  0,  0,  0,  0, 13,  0,  0,  0,  0,  0,  0, 11,  0,  0,  7,  0,  0,  0, ],
[ 0,  0,  0,  3,  0,  0,  0,  0,  0,  0,  0,  0,  0,  0,  0,  8,  0,  2,  0,  0,  0,  9,  4,  0, ],
[ 0,  0,  0,  0,  0,  0,  0,  0,  0,  0,  2,  0,  0,  0,  0,  0,  0,  0,  0, 12,  0,  8,  0,  0, ],
[ 0,  0,  0,  0,  0,  0, 11,  0,  0,  0,  5,  0,  0,  0,  0,  0,  0,  0,  0,  0,  0,  0,  0,  0, ],
[ 0,  0,  0,  0,  0,  0,  0,  0,  0,  0,  0,  0,  0,  0,  0,  0,  0,  0, 11,  0,  0,  0,  8,  0, ],
[ 0,  0, 10,  0, 13,  0,  0,  0,  0,  0,  2,  0, 13,  0,  0,  0,  0,  0,  0,  0,  0,  0,  0,  0, ],
[ 0,  0,  0,  0,  0,  0,  0,  0,  0,  0,  0,  0,  0,  0,  0,  0,  0,  0,  0,  8,  0,  0,  9,  0, ],
[ 0,  0,  0,  0,  0,  0,  0,  0,  0,  0,  0,  0,  0, 14,  0,  0,  0,  0,  0,  0,  0,  0,  0,  0, ],
[12,  0,  0,  0,  0,  0,  0,  3,  0,  0,  0,  0,  0,  0,  0,  0,  0,  0,  0,  0,  0, 10,  4,  0, ],
[ 0,  8,  5,  0,  5,  0,  4,  0,  0,  0,  0,  0,  0,  0,  0,  0,  0,  0,  0,  0,  0,  0,  0,  5, ],
[ 0,  0,  0,  0,  0,  0,  0,  0,  0,  0,  0,  0,  0,  0,  0,  0,  0,  0,  0,  0,  0,  0,  0,  0, ],
[ 0,  0,  0,  0,  0,  0,  0,  0,  0,  0,  0,  0,  0,  0,  0,  2,  0,  0,  0,  0,  0,  0,  0,  0, ],
[ 0,  0,  0,  0,  0,  0,  0,  0,  0,  0,  8,  2,  0,  0,  0,  0,  0,  0,  0,  1,  6,  0,  0,  0, ],
[ 9,  0,  0,  0,  0,  0,  0,  0,  0,  0,  0,  0,  0,  0,  0,  8,  0,  0,  0,  0,  0,  0,  0,  0, ],
[ 0,  0,  0,  0,  0,  0,  0,  0,  0,  0,  0,  0,  0,  6,  0,  0,  0,  0,  0,  0,  0,  0,  0,  0, ],
[ 0,  0,  0,  0,  0,  0,  0,  0,  0,  8,  0,  0,  0,  0,  0,  0,  0,  0,  0,  0,  0,  0,  0,  0, ],
[ 0,  0,  0,  0,  0,  0,  5,  0,  0,  0,  0, 11,  2, 11,  0, 10,  0,  0,  0,  0,  0,  0,  0,  9, ],
[ 4,  0,  0,  0,  0,  0,  0,  6,  0,  0,  0,  0,  0, 12,  0,  0,  0,  0,  0,  0,  0,  0,  0, 10, ],
[ 0,  0,  0,  0,  0,  0,  0,  0,  0,  0,  0,  0,  0,  0,  5,  0,  0,  0,  0,  0,  0,  0,  0,  0, ],
[ 0,  0,  0,  0,  0,  0,  0,  0,  0,  0,  0,  0,  0,  0,  0,  0,  0,  0,  0,  0,  0,  0,  0,  0, ],
[ 0,  0,  0,  0,  0,  0,  0,  0,  0,  0,  0,  0,  0,  0,  0,  0, 11,  0,  0,  0,  0,  0,  1,  0, ],
[ 0,  0,  0,  0, 13,  0, 10,  0,  1,  0,  0,  0,  0,  0,  0,  0,  0,  0,  0,  0,  0,  0,  0,  0, ],
[ 0, 10,  0,  0,  0,  0,  0,  5,  0, 11,  0,  0,  0,  0,  0,  0,  0,  0,  0,  0,  0,  8,  0,  0, ],
[ 0,  7,  0,  0,  0,  0,  0,  0,  0,  0,  0,  0,  0,  0,  0,  0,  0,  0,  0,  0,  0,  0,  9,  0, ],
[ 0,  0,  6,  0,  0, 12,  0,  0,  0,  8,  0,  0, 11,  0,  2,  0,  0,  0,  0,  0,  0,  0,  3,  3, ],
[ 0,  0,  0,  0,  0,  0,  0,  0,  0,  0,  3,  0,  0,  0,  0,  0,  2,  0,  0,  0,  0, 14,  0,  0, ],
[ 0,  0,  0,  0,  0,  0, 13,  0,  0,  0,  0,  0,  0,  0,  0,  0,  0,  0,  0,  0, 14,  0,  0,  0, ],
[ 0,  0, 13, 13,  0,  0,  0, 13,  0,  0,  0,  0,  0,  1,  0,  7,  0,  0,  0,  0,  0,  0,  0,  0, ],
[ 0,  0,  0,  0,  0,  0,  0,  0,  0,  0,  0,  0,  0,  9,  0,  0,  0,  0,  8,  0,  0, 11,  0,  0, ],
[ 0, 11,  0,  0,  0,  0,  0,  0,  0,  0,  0,  0,  0,  0,  0,  0,  0, 11,  0,  0,  0,  0,  0,  0, ],


[0.2746, -0.1658, ],
[-0.5952, -0.5621, ],
[0.0337, 1.0000, ],
[0.4408, 0.1622, ],
[0.8429, 0.9975, ],
[0.4674, 0.0298, ],
[-0.5113, 1.0000, ],
[0.5614, 0.2742, ],
[-0.1719, -0.6140, ],
[-0.3117, -0.0830, ],
[-0.7704, -0.0996, ],
[-0.0702, -0.4763, ],
[0.2892, -0.6843, ],
[0.3726, 0.4002, ],
[0.2040, 0.6715, ],
[0.1052, -0.1375, ],
[0.6662, 0.9806, ],
[0.2413, 0.1965, ],
[0.6602, 0.4461, ],
[0.1787, -0.8873, ],
[0.4409, 0.1763, ],
[-1.0000, -0.6148, ],
[0.3587, 0.0350, ],
[0.2820, -0.4647, ],
[0.7083, -0.0911, ],
[-0.5386, 0.1017, ],
[-0.3995, 0.6077, ],
[-0.5369, 0.7610, ],
[0.2948, 0.2451, ],
[-0.0198, -0.5533, ],
[-1.0000, 0.3463, ],
[-0.0235, 0.6758, ],
[-0.9736, -0.1037, ],
[0.6015, 0.7110, ],
[0.2077, 0.0018, ],
[-0.6564, 0.2107, ],
[0.9592, 1.0000, ],
[0.2183, -0.2943, ],
[0.1948, -0.5304, ],
[1.0000, 0.6402, ],
[0.7574, 0.3745, ],
[-0.0480, 0.2506, ],
[0.9613, -0.1699, ],
[0.8744, -0.8002, ],
[0.6351, -0.2572, ],
[0.1251, -0.2189, ],
[-0.5499, 0.5568, ],
[0.1290, 0.8086, ],
[-0.4871, -0.6634, ],
[0.9469, 0.8897, ],
[0.5049, 0.8595, ],
[0.6349, 0.1803, ],
[0.4474, 0.5383, ],
[0.1413, -0.2559, ],
[-0.3224, -0.1347, ],
[0.5970, -0.0461, ],
[0.5710, -0.1149, ],
[-0.6668, 0.0229, ],
[-0.4688, 0.4195, ],
[-0.6114, 0.8293, ],
[0.6642, 0.5864, ],
[-0.5625, 0.0478, ],
[0.0928, -0.0179, ],
[0.1111, 0.2645, ],
[0.5625, 1.0000, ],
[-0.3260, -0.7702, ],
[0.8379, 0.7573, ],
[0.4341, -0.4834, ],
[0.4649, 0.0154, ],
[0.5156, -0.2419, ],
[-0.7318, 0.7121, ],
[-0.6213, 0.2127, ],
[0.7949, -0.2267, ],
[-0.0571, 0.3932, ],
[0.7616, -0.6344, ],
[-0.8799, -0.9398, ],
[-0.8061, 0.7491, ],
[-0.8991, 0.9704, ],
[0.4669, 0.3249, ],
[-0.4987, 0.2710, ],
[-0.8324, 0.4890, ],
[-0.4323, 0.6455, ],
[-0.1946, 0.8477, ],
[-0.6388, 0.7749, ],
[-0.6865, 0.0184, ],
[-0.5523, -0.9114, ],
[0.0266, -0.6675, ],
[0.9307, 0.7455, ],
[0.5012, -0.7187, ],
[0.4024, -0.3552, ],
[-0.2293, -0.1571, ],
[0.6838, -0.3890, ],
[-0.0679, 0.5829, ],
[0.8583, -0.1995, ],
[-0.7362, -0.9472, ],
[-0.6362, -0.3599, ],
[-0.5974, 0.5193, ],
[0.1796, -0.5417, ],
[0.8717, 0.1989, ],
[0.3531, 0.4876, ],


[7.0000, ],
[1.0000, ],
[2.0000, ],
[9.0000, ],
[1.0000, ],
[7.0000, ],
[5.0000, ],
[3.0000, ],
[1.0000, ],
[6.0000, ],
[5.0000, ],
[0.0000, ],
[10.0000, ],
[6.0000, ],
[0.0000, ],
[4.0000, ],
[14.0000, ],
[4.0000, ],
[2.0000, ],
[0.0000, ],
[2.0000, ],
[0.0000, ],
[13.0000, ],
[4.0000, ],
[3.0000, ],
[4.0000, ],
[10.0000, ],
[6.0000, ],
[0.0000, ],
[6.0000, ],
[1.0000, ],
[13.0000, ],
[0.0000, ],
[4.0000, ],
[2.0000, ],
[9.0000, ],
[10.0000, ],
[9.0000, ],
[2.0000, ],
[0.0000, ],
[11.0000, ],
[8.0000, ],
[5.0000, ],
[4.0000, ],
[1.0000, ],
[8.0000, ],
[6.0000, ],
[7.0000, ],
[12.0000, ],
[0.0000, ],
[10.0000, ],
[13.0000, ],
[5.0000, ],
[10.0000, ],
[2.0000, ],
[7.0000, ],
[8.0000, ],
[5.0000, ],
[8.0000, ],
[3.0000, ],
[9.0000, ],
[3.0000, ],
[20.0000, ],
[0.0000, ],
[6.0000, ],
[10.0000, ],
[8.0000, ],
[10.0000, ],
[13.0000, ],
[5.0000, ],
[11.0000, ],
[11.0000, ],
[8.0000, ],
[6.0000, ],
[7.0000, ],
[13.0000, ],
[6.0000, ],
[4.0000, ],
[12.0000, ],
[11.0000, ],
[0.0000, ],
[1.0000, ],
[8.0000, ],
[6.0000, ],
[3.0000, ],
[3.0000, ],
[18.0000, ],
[13.0000, ],
[2.0000, ],
[0.0000, ],
[5.0000, ],
[9.0000, ],
[13.0000, ],
[6.0000, ],
[19.0000, ],
[7.0000, ],
[8.0000, ],
[16.0000, ],
[10.0000, ],
[8.0000, ],


