[ 4,  0,  0,  0,  0,  0,  0,  0,  0,  0,  0,  0,  0,  9,  0,  0,  0,  9,  0,  0,  0,  0,  0,  0, ],
[ 0,  0,  0,  0,  0,  0,  0,  0,  0,  0, 10,  0,  0,  0,  0,  0,  0,  0,  0,  0,  0,  0,  0,  0, ],
[ 0,  0,  0,  3,  0,  0,  9,  0,  0,  0,  0,  0,  0,  0,  0,  7, 13,  0,  0,  8,  0,  0,  0,  0, ],
[ 0,  0,  0,  8,  0,  0,  0,  0,  0,  0,  0,  0,  0,  0,  0,  0,  0,  0,  0,  0,  0,  0,  0,  0, ],
[ 0,  0,  0,  0,  0,  0,  0,  0,  0,  0,  0,  0,  0,  0,  0,  0,  0,  0,  0,  0,  0,  0,  6,  0, ],
[ 0,  0,  0,  0,  0,  0,  0,  0,  0,  0,  8,  0,  0,  0,  9,  0,  0,  0,  0,  0,  0,  0,  0,  0, ],
[ 0,  0,  0,  0,  0, 13,  0,  0,  0,  0, 11,  0,  0,  0,  0,  0,  0,  0,  0,  0,  0,  0,  0,  0, ],
[ 0,  0,  0,  0,  0,  0,  0,  0,  6,  0, 10,  0,  0,  0,  0,  0,  0,  0,  0,  0,  0,  0,  0,  0, ],
[ 5,  0,  0,  0,  0,  0,  0,  7,  0, 13,  0,  0,  0,  0,  0,  0,  0,  0,  0,  0,  0,  0,  0,  1, ],
[ 0,  0, 10,  0,  0,  7,  8,  0,  0,  0,  0,  0,  0,  0,  0,  0,  0,  9,  0,  0,  0,  0,  0,  0, ],
[ 2,  0,  0,  0,  0,  0,  0,  0,  0,  0,  0,  0,  0,  0,  4,  0,  0,  0,  0,  0,  0, 12,  0,  0, ],
[ 0,  0,  0,  0,  0,  0,  0,  0,  0,  0,  0,  0,  0, 14,  1,  0,  0,  0,  0,  0,  0,  0,  0,  0, ],
[ 0,  0,  0,  0,  0,  0,  0,  0,  0,  0,  0,  0,  0,  0,  0,  0,  0,  0,  0,  0,  0,  0,  0,  0, ],
[ 0,  0,  0,  0,  2,  0,  0,  2,  0,  0,  0,  0,  0,  0,  0,  6,  0,  0,  4,  0,  0,  0,  0,  0, ],
[ 0,  0,  0,  0,  0,  0,  0,  0,  0,  0,  0,  0,  0,  0,  0,  2,  0,  0,  0,  0,  0,  1,  0,  0, ],
[ 0,  0,  0,  0,  0,  0,  0,  0,  0,  0,  0,  0,  0, 13,  0,  0,  0,  0,  0,  0,  0,  0,  0,  0, ],
[ 1,  8,  0,  0,  0,  0,  0,  0,  0,  0,  0,  0,  7,  0,  0,  0,  6,  0,  0,  0,  0,  0,  0, 13, ],
[ 0,  0,  0,  0,  0,  0,  4,  0,  0,  0,  5,  6,  0, 11,  0,  0,  0,  0,  0,  0,  0,  0,  0,  0, ],
[ 0,  0,  0,  0,  0,  0,  0,  0,  0,  0,  0,  0,  0,  0,  0,  0,  0,  0,  0,  0,  0,  0,  0,  0, ],
[11,  0,  7,  0,  0,  0,  0,  0,  0,  0,  0,  0,  0,  0,  0,  0,  0,  0,  0,  0,  0,  0,  0,  0, ],
[ 0,  0,  0,  0,  0,  7,  0,  0,  0,  6,  0,  0,  0,  0,  0,  0,  0,  0,  0,  0,  0,  0,  0,  0, ],
[ 0,  0,  0,  0,  0,  0,  0,  0,  0,  0,  0,  0,  0,  0,  0,  0,  0,  0,  0,  0,  0,  0,  0,  0, ],
[ 0,  0,  0,  0,  0,  0,  0,  0, 10,  0,  0,  0,  0,  0,  0,  0,  0,  0,  0,  0,  0,  0,  0,  0, ],
[ 0,  0,  0,  0,  0,  0,  0,  0,  0,  0, 14, 14,  0,  0,  0,  0,  0,  5,  8,  0,  0,  0,  0,  0, ],
[ 0,  0, 10,  0,  4,  0,  0,  0,  0,  0,  0,  0,  0,  0,  0,  0,  0,  0,  0,  0,  0,  0,  0,  0, ],
[ 0,  0,  0,  0,  0,  0,  0,  2,  0,  0,  0,  0,  0,  0,  0,  0,  0,  0,  0,  0,  0,  0,  0,  0, ],
[ 0,  0,  0,  0,  0,  0,  0,  0,  0, 13,  0,  0,  0,  0,  0,  0,  0,  0,  0,  0,  0,  0,  0,  0, ],
[ 0,  0,  0,  0,  0,  0,  0,  0,  0,  0,  0,  0,  0,  0,  0,  0,  0,  0,  0,  3,  0,  0,  0,  0, ],
[ 8,  0,  0,  0,  0,  0,  0,  0, 13,  0,  0,  0,  0,  0,  0,  0,  0,  0, 11,  0,  0,  0,  0,  0, ],
[14,  0,  0,  0,  0,  0,  0,  0,  0,  0,  0,  0,  0,  0,  0,  0,  0,  0,  0,  0,  0,  0,  0,  0, ],
[ 0,  0,  0,  0,  0,  0,  0,  0,  0,  0,  2,  0,  0,  0,  0,  0,  0,  0,  0,  0,  0,  0,  0, 12, ],
[ 0,  0,  0,  0,  0,  0,  0,  0,  0,  0, 11,  0,  0,  2,  0,  0,  0,  0,  0,  0, 13,  0,  0,  0, ],
[ 0,  0,  0,  0,  0,  0,  0,  0,  0,  9,  0,  0,  0,  0,  1,  0,  0,  0,  0, 14,  0,  0,  0,  0, ],
[ 0, 12,  0,  0,  6,  0,  0, 10,  0,  3,  0,  0,  0,  0,  0,  0, 10,  0,  0,  0,  0,  0,  0,  1, ],
[ 0,  0,  0,  0,  0,  0,  0,  0,  0,  0,  0,  0,  0,  0,  0,  0,  0,  0,  0,  0,  0,  0,  0,  0, ],
[ 0,  0,  0,  9,  0,  0,  0, 13,  0,  0, 12,  0,  0,  0,  0,  0,  0,  0,  0,  0, 11,  0,  0,  0, ],
[ 0,  0,  0, 13,  0,  0,  0, 11,  0,  0,  0,  0,  0,  0,  0, 13,  0,  0,  0,  0,  0,  0,  0,  0, ],
[ 0,  0,  0,  0,  0,  0,  0,  0,  0,  0,  0,  0,  0,  0,  0,  0,  0,  0,  0,  0,  0,  0,  0,  0, ],
[ 0,  0,  0,  0,  0,  0,  0,  0,  4,  0,  0,  0,  0,  0,  0,  0,  0,  0,  0,  0,  0,  0,  0,  0, ],
[ 0, 10,  0,  0,  0,  0,  0,  0,  0,  0,  4,  0,  0,  8,  0,  0,  1,  0,  0,  0, 14,  0,  0,  0, ],
[ 0,  0,  0,  0,  0,  0,  0,  0,  0,  0,  0,  0,  0,  0,  0,  0,  0,  0,  0,  0,  0,  0,  0,  0, ],
[ 0,  0,  0,  0,  0,  0,  0,  0,  0, 10,  0, 10,  0,  0,  0,  0,  0,  0,  0,  0,  0,  0,  0,  0, ],
[12,  0,  0,  0,  0,  0,  0,  0,  0,  0,  0,  0,  0,  0,  0,  8,  0,  0,  4,  0,  0,  0,  0,  0, ],
[ 0,  0,  0,  0,  0,  0,  0,  0,  0,  0,  0,  0,  0, 10,  0,  0, 11,  0,  0,  0,  9,  0,  0,  0, ],
[ 0,  0,  0,  0,  0,  0,  0,  0,  0,  0,  0, 13,  0,  0,  0, 11,  8,  0,  7,  0,  9,  0,  0,  0, ],
[ 0,  0,  0,  0,  0,  0,  0,  0,  0,  0,  0,  0,  0,  0,  0,  0,  0,  0,  0,  0,  0,  0,  5,  0, ],
[ 4,  0,  0,  0,  0,  0,  0,  0,  5,  7,  0,  0,  0,  0,  0,  0,  0,  0,  0,  0,  0,  0,  0,  0, ],
[ 3,  0,  0,  0,  0,  0,  0,  0,  8,  0,  0,  0,  0,  0, 13, 10,  0, 10,  0,  0,  0,  0,  0,  3, ],
[ 0,  0,  0,  0,  0,  0,  9,  0,  0,  0,  0,  0,  0, 10,  0,  0,  7,  0,  0,  0,  0,  0,  0,  0, ],
[ 0,  0,  0,  0,  0,  0,  0,  0,  0, 12,  0,  1,  0,  0,  0,  0,  0,  0,  0,  0,  0,  0,  0,  0, ],
[ 0,  9,  0,  0,  0,  0,  5,  0,  0,  0,  0,  0,  0, 10,  0,  0,  0,  0, 11,  0,  0,  0,  0,  0, ],
[12,  0,  0,  0,  0,  0,  0,  0,  0,  0,  0,  0,  0,  0,  1,  0,  0,  0,  0,  0, 14,  0,  0,  0, ],
[ 0,  0,  0,  0,  7,  5,  0,  0,  0,  0,  0,  0,  0,  0,  0,  0,  0,  0,  0,  0,  0,  0,  0,  0, ],
[ 0,  0,  0, 13,  0,  6,  0,  0,  0,  0,  0,  0,  0,  0,  0,  0,  0,  0,  3,  0,  0,  0,  0,  0, ],
[ 0,  0,  0,  0,  0,  0,  0,  0,  0,  0,  0,  0,  0, 14,  2,  0,  9,  0,  0,  0,  0, 14,  0,  0, ],
[ 0,  0,  5,  0,  0,  0,  0,  0, 12,  0,  0,  0, 10,  0,  0,  0,  0,  0,  0,  0,  0,  0,  0,  0, ],
[ 0,  0,  0,  0,  0,  0,  0,  0, 10,  0,  0,  0,  0,  0,  0,  0,  0,  0,  0,  0, 13,  0,  0,  0, ],
[ 0,  0,  0,  0,  0,  0,  0,  0,  0,  0,  0,  0,  0,  0,  0,  0,  0,  0, 11,  0,  0,  0,  0,  0, ],
[ 0,  6,  0,  0,  0,  0,  0,  0,  0,  0,  8,  0,  0,  0,  0,  0,  3, 13,  0,  0,  0,  7,  0,  0, ],
[ 9,  0,  2,  0,  0,  0,  0,  0, 13,  0,  0,  0,  0,  0,  0,  0,  0,  0,  0,  0,  0,  0,  0,  0, ],
[ 0,  0,  0,  0,  0,  0,  0,  0,  0,  0,  0,  0,  0,  0,  0,  0,  0,  0,  0,  0,  0,  0,  0,  0, ],
[ 0,  0,  0,  0,  0,  0,  0,  0,  0,  0,  0,  0,  0,  0,  0,  0,  0,  0,  0,  0,  0,  0,  0,  0, ],
[ 0,  0,  0,  0,  0,  0,  0, 11,  1,  9,  0,  0,  0,  0,  0,  0,  0, 14,  0,  0,  0,  0, 10,  0, ],
[ 0,  0,  0,  0, 10,  0,  3,  0,  0,  0, 11,  0,  0,  0,  0,  0,  0,  0,  0,  0,  0,  0,  0,  0, ],
[ 0,  0,  0,  0,  0,  7,  0,  0,  0,  0,  0,  0,  0,  0,  0,  0,  0,  0,  0,  0,  0,  0,  0,  0, ],
[ 0,  0,  0,  0,  0,  0,  0,  2,  7,  0,  0,  0,  0,  0,  0,  0,  0,  0,  0,  0,  0,  0,  0,  0, ],
[ 8,  0,  0,  0,  0,  0,  0,  0,  0,  0,  0,  0,  0,  0,  0,  0,  0,  0,  0,  0,  0,  0,  0,  0, ],
[ 0,  0,  0,  0,  0,  0,  0,  0,  0,  0,  0,  0, 10,  0,  0,  0,  0,  0,  0,  0,  0,  0,  0,  0, ],
[ 0,  0,  0,  0,  0,  0, 12,  0,  0,  0,  0,  0,  0,  0,  0,  0,  9,  0,  0, 12,  0,  0,  0,  0, ],
[ 0,  0,  5,  0,  0, 13,  0,  0,  0,  0,  0,  0,  8,  0,  0,  0,  0,  0,  0,  0,  0,  8,  0,  0, ],
[ 0,  4,  0,  0, 11,  0,  0,  0,  0,  0,  8,  0,  2,  0,  0, 11,  0,  0,  0,  0,  0,  0,  0,  0, ],
[13,  0, 10,  0,  0,  0,  0,  0,  0,  0,  2,  0,  0,  0,  0,  0,  0,  0, 13,  0,  0, 13,  0,  0, ],
[ 0,  0,  0, 12,  0,  0,  0,  0,  0,  0,  0,  0,  6,  0,  0,  0,  0,  0,  0, 14,  0,  0,  0,  0, ],
[ 0,  0,  0,  0,  0,  0,  0,  0,  0,  0,  0,  0,  0,  0,  0,  0,  0,  0,  0,  0,  9,  0,  0,  0, ],
[ 0,  0,  2,  0,  0,  0,  0,  0,  0,  0,  0,  0,  0,  0, 12,  0,  0,  0,  0,  0,  0,  0,  0,  0, ],
[ 0,  0,  0,  0,  0,  0,  0,  0,  0,  0,  0,  0,  0,  0,  0,  0,  0,  0,  0,  0,  0,  0,  0,  0, ],
[ 0, 14,  0,  0,  0,  0,  0,  0,  0,  0,  0,  0,  0,  0,  0,  0,  0,  0,  0,  0,  0,  0,  0,  0, ],
[ 0,  2,  0,  0,  0,  0,  0,  0,  0,  0,  0,  0, 14,  0,  0,  0,  0,  0,  0,  6,  0,  0,  0,  0, ],
[ 0,  0,  0,  0,  0,  0,  2,  0,  0,  0,  0,  0,  3,  0,  0,  1,  0,  0,  0,  0,  0,  0,  0,  0, ],
[ 0,  0,  0,  0, 11,  0,  0,  0,  0,  0,  0,  0,  0,  0,  0,  0,  0,  0,  0,  0,  0,  0,  0,  0, ],
[ 0,  0,  0,  0,  0,  0,  0,  0,  0, 14,  0,  0,  0,  0,  0,  0,  0,  0,  0,  0,  0,  0,  0,  0, ],
[ 0,  0,  0,  0,  0, 14,  0,  0,  0,  0,  0,  0,  5,  0,  0, 10,  0,  0,  0,  0,  0,  0,  0,  0, ],
[ 0,  0,  0, 14,  0,  0,  0, 11,  0,  0,  9,  0,  0,  0, 11,  1,  0,  0,  8,  0,  0,  0,  0,  0, ],
[ 0,  0,  3,  0,  0,  0,  0,  0,  0,  0,  0,  0,  0,  0,  0,  0,  0,  0,  0,  0,  0,  0,  0,  0, ],
[ 0,  0,  0,  0,  0,  1,  0,  4,  0,  0,  0,  0,  0,  0,  0,  4, 14,  0,  4,  0,  5,  0,  0,  0, ],
[ 0,  0,  0, 13,  0,  0,  4,  0,  0,  0,  0,  0,  0,  0,  0,  1,  0,  0,  0,  0,  0,  0,  0,  0, ],
[ 0,  0,  0,  0,  0,  0,  0,  0,  0,  0,  0,  0,  0,  0,  0,  0,  0,  0,  0,  0,  0,  0,  0,  3, ],
[ 0,  0,  0,  0,  0,  0,  0,  0,  0,  0,  0,  0,  0,  0,  0,  0,  0,  0, 14,  0,  0,  0,  0,  0, ],
[ 0,  0,  0,  0,  0,  0, 10,  0,  2,  0,  0,  3,  0,  0,  0,  0,  0,  0,  0,  0,  0,  0,  0,  0, ],
[ 0,  0, 11,  0,  7,  0,  0,  0,  0,  0,  0,  0,  1,  0,  0,  0,  0,  0,  0,  0,  0,  0,  0,  6, ],
[ 0,  0,  0,  0,  6,  0,  0,  0,  0,  0,  0,  0,  0,  0,  0, 12,  0,  0,  0,  0,  0,  0,  0,  0, ],
[ 0,  0,  0,  0,  0,  2,  0, 14,  0,  0,  0,  0,  0,  0,  0,  0,  0,  0,  0,  0,  0,  0,  2,  0, ],
[ 0,  0, 13,  0,  0,  0,  0,  0,  0,  0,  0,  0, 11,  0,  0,  0,  9,  0,  0,  0,  0,  0,  0,  0, ],
[ 0,  8,  0,  0,  0,  0,  0,  4,  0,  0,  0,  0,  0,  0,  0,  0,  0,  0,  0, 11,  0,  0, 11,  0, ],
[ 0,  0,  6,  0,  0,  0,  0,  0,  7,  0, 10,  0,  0,  0,  0,  0,  0,  0,  0,  0,  0,  0,  0, 11, ],
[ 9,  0,  0,  0,  0,  0,  0,  0,  0,  0,  0,  0,  0,  5,  0,  0,  0,  0,  0,  0,  0,  0,  0,  0, ],
[ 0,  0,  0,  0,  0,  0,  0,  0,  0,  0,  0,  0,  0,  5,  0,  0,  0,  0,  0,  0,  9,  0,  0,  0, ],
[ 0, 12,  0,  0,  0,  0,  0,  0,  0,  0,  0,  0,  0,  0,  0,  0,  0,  0,  0,  0,  0,  0,  0,  0, ],
[ 0,  0,  0,  0,  0,  0,  0,  0,  0,  0,  0,  0,  0,  0, 10,  0,  0,  0,  8,  0,  0,  0,  0,  0, ],
[ 0,  4, 13,  0,  0,  0,  0,  6,  0,  0,  0,  0,  0,  0,  7,  0,  0,  0,  3,  0,  0,  0,  0,  0, ],


[0.9334, -0.9825, ],
[-0.1796, -0.2407, ],
[0.0608, -0.4578, ],
[-0.2311, 0.0413, ],
[0.8679, 0.5453, ],
[0.4319, -0.0777, ],
[-0.7007, 0.2867, ],
[0.1491, 0.3788, ],
[-0.1542, 0.3737, ],
[-0.3240, 0.2671, ],
[-0.7752, -0.2853, ],
[-0.0702, -0.4763, ],
[0.3846, -0.8152, ],
[0.6843, 0.3957, ],
[0.6143, 0.5290, ],
[-0.6361, -0.1375, ],
[-0.5285, -0.4623, ],
[0.1601, 0.9840, ],
[0.5874, -0.0736, ],
[0.3819, -0.9291, ],
[0.9793, 0.2907, ],
[0.2961, 0.0236, ],
[0.6455, -0.1775, ],
[1.0000, -0.1796, ],
[0.8263, -0.0804, ],
[0.3026, -0.0677, ],
[-1.0000, -0.2846, ],
[0.1395, -0.4795, ],
[0.6849, 0.4561, ],
[-0.4029, -0.5838, ],
[-0.5565, 0.3850, ],
[0.0994, 0.5733, ],
[-0.9946, -0.4020, ],
[0.3628, 0.8913, ],
[-0.1402, -0.1214, ],
[0.0334, 0.1971, ],
[0.5075, 0.2311, ],
[0.4975, -0.3138, ],
[1.0000, 0.9702, ],
[0.8271, 0.4709, ],
[0.5101, -0.7053, ],
[0.0250, 0.3062, ],
[0.3320, -0.1176, ],
[0.5051, -0.6628, ],
[0.7851, -0.2164, ],
[0.2136, 0.7862, ],
[0.2130, -0.2889, ],
[-0.4665, -0.1406, ],
[-0.8680, -0.6441, ],
[0.8528, 0.8791, ],
[0.4692, -0.1825, ],
[0.0885, -0.5096, ],
[0.1344, -0.7894, ],
[0.0581, -0.4418, ],
[-0.4028, 0.3399, ],
[0.6900, -0.4959, ],
[0.6523, -0.1510, ],
[-0.6208, 0.1412, ],
[-0.6714, 0.3664, ],
[0.1855, -0.6214, ],
[0.3085, 0.1864, ],
[-0.5620, 0.1318, ],
[-0.6715, 0.0135, ],
[0.2066, 0.3332, ],
[1.0000, 0.0141, ],
[0.2507, -0.8882, ],
[0.2899, 0.2439, ],
[0.2609, -0.5254, ],
[0.2666, 0.1008, ],
[0.9050, 0.0883, ],
[0.9327, 0.7046, ],
[0.1664, 0.3853, ],
[-0.2654, 0.3321, ],
[-0.3074, -0.4660, ],
[-0.7947, 0.3887, ],
[-1.0000, -0.2645, ],
[0.8635, -0.1995, ],
[1.0000, 0.9585, ],
[0.0671, 0.1335, ],
[1.0000, -0.4841, ],
[-0.4463, -1.0000, ],
[-0.0828, 0.6455, ],
[-1.0000, 0.9234, ],
[-0.1479, 0.7906, ],
[-0.2813, -0.1021, ],
[-0.5275, -0.3963, ],
[-0.0311, 0.5990, ],
[0.8253, 0.5661, ],
[-0.1857, -0.6787, ],
[0.4826, -0.1680, ],
[-0.4157, -0.2176, ],
[-0.0107, 0.8205, ],
[0.0435, -0.6028, ],
[0.9163, -0.4704, ],
[-0.1697, -0.8824, ],
[-0.3817, 0.1276, ],
[-0.7111, 0.4587, ],
[0.6032, 0.3271, ],
[0.7091, 0.4188, ],
[0.3245, 0.8196, ],


[8.0000, ],
[4.0000, ],
[15.0000, ],
[3.0000, ],
[3.0000, ],
[6.0000, ],
[8.0000, ],
[7.0000, ],
[10.0000, ],
[13.0000, ],
[7.0000, ],
[5.0000, ],
[0.0000, ],
[7.0000, ],
[2.0000, ],
[4.0000, ],
[14.0000, ],
[11.0000, ],
[0.0000, ],
[7.0000, ],
[6.0000, ],
[0.0000, ],
[4.0000, ],
[13.0000, ],
[6.0000, ],
[1.0000, ],
[4.0000, ],
[2.0000, ],
[11.0000, ],
[4.0000, ],
[5.0000, ],
[9.0000, ],
[8.0000, ],
[18.0000, ],
[0.0000, ],
[15.0000, ],
[12.0000, ],
[0.0000, ],
[2.0000, ],
[14.0000, ],
[0.0000, ],
[8.0000, ],
[9.0000, ],
[11.0000, ],
[17.0000, ],
[2.0000, ],
[7.0000, ],
[19.0000, ],
[10.0000, ],
[5.0000, ],
[13.0000, ],
[9.0000, ],
[5.0000, ],
[9.0000, ],
[12.0000, ],
[10.0000, ],
[8.0000, ],
[4.0000, ],
[15.0000, ],
[8.0000, ],
[0.0000, ],
[0.0000, ],
[16.0000, ],
[10.0000, ],
[3.0000, ],
[4.0000, ],
[3.0000, ],
[4.0000, ],
[11.0000, ],
[12.0000, ],
[14.0000, ],
[17.0000, ],
[11.0000, ],
[3.0000, ],
[5.0000, ],
[0.0000, ],
[4.0000, ],
[8.0000, ],
[4.0000, ],
[4.0000, ],
[4.0000, ],
[10.0000, ],
[19.0000, ],
[2.0000, ],
[13.0000, ],
[7.0000, ],
[2.0000, ],
[4.0000, ],
[7.0000, ],
[11.0000, ],
[7.0000, ],
[6.0000, ],
[11.0000, ],
[13.0000, ],
[14.0000, ],
[5.0000, ],
[5.0000, ],
[4.0000, ],
[7.0000, ],
[14.0000, ],


