[ 0,  0,  0,  0,  0,  0,  0,  0,  0,  0,  2,  0,  0,  0,  0,  0,  0,  0,  0,  0,  0,  0,  0,  0, ],
[ 0,  0,  0,  0,  4,  0,  0,  0,  0,  0,  0,  0,  0,  0,  0,  0,  0,  0,  0,  0,  0,  0,  0,  0, ],
[ 0,  0,  0,  0,  0,  0,  0,  0,  0,  0,  6,  0,  0,  0,  0,  0,  0,  0,  0,  0,  0,  0,  0,  0, ],
[ 0,  0,  0,  8,  0,  0,  0,  0,  0,  0,  0,  0,  0,  0,  0,  0,  0,  0,  0,  0,  0,  7,  0,  0, ],
[ 0,  0,  0,  0,  0,  0,  0,  0,  0,  0,  0,  0,  0,  0, 13,  0,  0,  0, 13,  0,  0,  0,  0,  0, ],
[ 0,  0,  0,  0,  0,  0,  0,  5,  0,  0,  0,  0,  0,  0,  0,  0,  0,  0,  0,  0,  3,  0,  0,  0, ],
[ 0,  0,  0,  0, 11,  0,  0,  0,  0,  0,  0,  0,  0,  0,  0,  0, 14,  0,  0,  0,  0,  0,  0,  0, ],
[ 0,  0,  0,  0,  0,  0,  0, 10,  0,  0,  0,  0,  0,  0,  0,  0,  0,  0,  0,  0,  0,  0,  0,  0, ],
[ 0,  0,  0,  0,  0,  0,  0,  0,  0,  0,  0,  0,  0,  0,  0,  0,  0,  0,  0,  0,  0,  0,  0,  0, ],
[11,  2,  3,  0,  0,  0,  0,  0,  0,  0,  0,  0,  0,  0,  0,  0,  0,  0,  0,  0,  0,  0,  0,  0, ],
[ 0,  0,  0,  0,  0,  7,  0,  0,  0,  0,  0,  0,  0,  0,  0,  0,  9,  0,  0,  0,  0,  0,  0,  0, ],
[ 0,  0,  0,  0,  0,  0,  0,  0,  0, 11,  0,  0,  0,  0,  0,  0,  0,  0,  0,  0,  0,  0,  0,  0, ],
[ 0,  0,  0,  0,  0,  9,  0,  0,  0,  0,  0,  0,  0,  0,  0,  0,  0,  0,  0,  0,  0,  0,  0,  0, ],
[ 0, 13,  0,  0,  0,  0,  0,  0,  0,  0,  0,  0,  0,  0,  0,  0,  0,  0,  0,  0,  0,  0, 10,  5, ],
[ 3,  0,  0,  0,  0,  0,  0,  0,  0,  0,  0,  0,  0,  0,  0,  0,  0,  0,  4,  0,  0,  0,  0,  0, ],
[ 0,  0,  0,  0,  0,  0,  0,  0,  8,  0,  0,  0,  0,  0,  0,  0,  0,  0,  0, 11,  0,  0,  0,  8, ],
[ 0,  6,  9,  0,  0,  0,  0,  0,  0,  7,  5, 10,  0,  0,  1,  0,  0,  0,  0,  0,  0,  0,  0,  0, ],
[ 0,  0,  0,  0,  0,  0,  0,  0,  0,  0,  0,  0,  0,  0,  0,  0,  0,  0, 11,  0,  0,  0,  0,  0, ],
[ 0,  0,  0,  0,  0,  0,  0,  8,  0,  0,  0,  0,  0,  0,  6,  0,  0,  0,  0,  0,  0,  0,  5,  0, ],
[ 0,  9,  0,  0,  8,  0,  0,  0,  0,  0,  0,  0,  0,  0,  0,  0,  0,  0,  0,  0,  0,  0,  0,  0, ],
[10,  0,  0,  0,  0,  0,  0,  0,  0,  0,  0,  0,  0,  0,  0,  0,  0,  0,  0,  0, 12,  0,  9,  0, ],
[ 9,  0,  0,  0,  0,  0,  0,  0,  0,  0,  0,  0,  0,  0,  0,  0,  1,  0,  0,  0,  0,  0,  0,  0, ],
[ 0,  0,  0,  0,  0,  0,  9,  0,  0,  0,  0,  0,  9,  0,  0,  0,  0,  0,  6,  0,  0,  0,  0,  0, ],
[ 0,  0,  0,  0,  0,  0,  0,  0,  0,  0,  0,  0,  0,  0,  0,  0,  0,  0,  0,  0,  0,  0, 13,  0, ],
[ 0,  0,  0,  0,  0,  0,  0,  0,  0,  0,  0,  0,  0,  0,  0,  0,  0,  0,  0,  0,  0,  0, 11,  0, ],
[ 0,  0,  5,  0,  0,  0,  1,  0,  0,  0,  0,  0,  0,  0,  0,  0,  9,  0,  0,  0,  0,  0,  0,  0, ],
[ 0,  0,  0,  0,  0, 13,  0,  0,  0,  8,  0,  0,  0,  0,  1,  0,  0,  0,  0,  0,  8,  0,  0,  0, ],
[ 0,  0,  0,  0,  0,  0,  0,  0,  0,  0, 13,  0,  0,  0,  0,  0,  0,  0,  0,  0,  0,  0,  0,  0, ],
[ 6,  0,  0,  0,  0,  0,  0,  0,  0,  0,  0,  0,  0,  0,  0,  0,  0,  0,  0,  0,  0,  0,  0,  0, ],
[ 0,  0,  0,  0,  0,  0,  0,  0,  0,  0,  0,  0,  2,  0,  0,  0,  0,  0, 13,  7,  0,  0,  0,  4, ],
[ 0,  5,  0, 10,  0,  0,  5,  0,  0,  0,  0,  0,  0,  0,  0,  0,  0,  0,  0,  0,  0,  0,  0,  0, ],
[ 0,  0,  0,  0,  0,  0,  0,  0,  0,  0,  0,  0,  0,  0,  0,  0,  0,  0,  4,  0,  0,  0,  0,  0, ],
[ 0,  6,  0, 12,  0,  0,  4,  0,  0,  0,  0,  0,  0,  0,  0,  4,  0,  0,  5,  0,  0,  0,  0,  0, ],
[ 0,  0,  0,  0,  0,  0,  0,  0,  0,  0,  0,  0,  0,  0,  0,  0,  0,  0,  0,  0,  0,  0,  0,  0, ],
[ 0,  0,  0,  0,  0,  0,  0,  0,  0,  3,  0,  0,  0,  0,  0,  0,  0, 10,  0,  8, 12,  0,  0,  0, ],
[ 0,  0,  3,  0,  0,  0,  0,  9,  0,  0,  0,  0,  0,  0,  0,  0,  0,  0,  0, 12,  0,  0,  0,  0, ],
[ 0,  0,  0,  0,  0,  0,  0,  0,  0,  0,  0,  0,  0,  0,  0,  0,  6,  0,  0,  0,  0,  8,  0,  0, ],
[12,  0,  0,  0,  0,  0,  0,  0,  0,  0,  0,  0,  0,  0,  0,  0,  7,  0, 11,  0,  0,  0,  0,  0, ],
[ 0,  7,  0,  0,  0,  0,  0,  0, 13,  0,  0,  0,  0,  0,  0,  0,  0,  0,  0,  0,  0,  0,  0,  0, ],
[ 0,  0,  0,  0,  0,  0,  0,  0,  0,  0,  0,  0,  0,  0,  0,  0,  0,  0,  0,  0,  0,  0,  0,  0, ],
[ 0,  0,  0,  0,  0,  0,  0,  0,  0,  0,  0,  4,  0,  0,  0,  0,  2,  0,  0,  0,  0,  0,  0,  0, ],
[ 0,  0,  0,  0,  0,  0,  0,  0,  0, 10,  0, 10,  0,  0,  0,  0,  0,  0,  0,  0,  0,  0,  0,  0, ],
[ 0,  0,  0,  0,  0,  0,  0,  0,  0,  0,  0,  0,  0, 11,  0,  8,  6,  0,  0,  0,  0,  0,  0,  0, ],
[ 0,  0,  0,  0,  0,  0,  0,  0,  0, 12,  0, 14,  0,  9,  0,  0,  0,  0,  0,  0, 13,  0,  0,  0, ],
[ 0,  0, 10,  0,  0,  0,  0,  0,  0,  0,  0,  0,  2,  0,  0,  0,  0,  0,  0,  0,  0,  0,  0,  0, ],
[ 0,  0,  1,  0, 13,  0,  0,  0,  0,  0,  0,  0,  0,  0,  0,  0,  0,  0,  0,  0,  0,  0,  5,  0, ],
[ 0,  0,  0,  0,  0,  0,  0,  0,  0,  5,  0,  0,  0,  0,  0,  0,  0,  0,  0,  0,  0,  0,  0,  0, ],
[ 0,  6,  0,  0,  0,  0,  0,  0,  0, 11,  9,  0,  0,  0,  3,  0,  8,  0,  0,  0,  0,  0,  0,  0, ],
[ 0,  0,  0,  8, 13,  0,  0,  0,  0,  0,  0,  0,  0,  0,  0,  0,  7,  0,  0,  0, 14,  0,  0,  0, ],
[ 0,  0,  0,  0,  0,  0,  0,  0,  0,  0,  0,  0,  0,  0,  0,  0,  0,  0,  0,  0,  0,  0,  0,  0, ],
[ 0,  0, 14,  0,  0,  0,  0,  0,  0,  0,  0,  0,  3,  0,  0,  0,  0,  0,  0,  0,  0,  0,  0,  1, ],
[ 0,  0,  0,  2,  0,  0,  0,  0,  0,  0,  0,  0,  0,  0,  0,  4,  0,  0,  0,  0,  0,  0,  0,  0, ],
[ 3,  0,  0,  7,  7,  0,  0,  0,  0,  0,  0,  0,  0,  0,  0,  0,  0,  0, 14,  0,  0,  0, 10,  0, ],
[ 0,  0,  0,  0,  0,  0,  0,  0,  0,  0,  0,  0,  7,  0,  0,  0,  0,  0,  0,  0, 10,  0,  0,  0, ],
[ 0,  0,  0,  0,  0,  0,  0,  0,  0, 11,  0,  0,  0,  0,  0,  0,  0,  0,  0,  0,  0,  0,  0,  0, ],
[ 0,  0,  0,  0,  0,  0,  0,  0,  0,  0,  0,  0,  0,  0,  0,  0,  0,  0,  0,  0,  0,  0,  0,  0, ],
[ 0,  0,  0,  0,  0,  8,  1,  0,  0,  0,  0,  0,  0,  0,  0,  0,  0,  0,  0,  0,  0,  0,  0,  0, ],
[ 0,  0,  0,  0,  0,  0,  0,  0, 10,  0,  0,  0,  0,  0,  0,  0,  0,  0,  0,  0,  0,  0,  0,  0, ],
[ 0,  0,  0,  0,  0,  0,  0,  0,  0,  0,  0,  0,  0,  0,  0,  0,  0,  0,  0,  0,  0,  0,  0,  0, ],
[10,  0,  0,  0,  0,  0,  0,  0,  0,  0,  0,  8,  0,  1,  0,  9,  0,  0,  2,  0,  0,  0,  0, 14, ],
[13,  0,  0,  0,  0,  0,  0,  0,  0,  0,  0,  0,  0,  0, 11,  0,  0,  0,  0,  0,  0,  0,  0,  0, ],
[ 0,  0,  0,  0,  0,  0,  0,  0,  9,  0,  0,  0,  0,  0, 14,  0,  0,  0,  0,  0,  0,  0,  0,  0, ],
[ 0,  0,  0,  0,  2,  8,  0,  0,  0,  0, 12,  0,  0,  0,  0,  0,  0,  0,  0,  0,  0,  0, 10,  0, ],
[ 0,  0,  0,  0, 10,  0,  0,  0,  0,  0,  0,  0,  0,  0,  0,  0,  0,  0,  0, 10,  0,  0,  0,  0, ],
[ 0,  0,  0,  0,  0,  1,  0,  0,  0,  0,  0,  0,  0,  0,  0,  0,  0,  0,  4,  0,  0,  0,  0, 14, ],
[ 0,  0,  0,  0,  0,  0,  0,  0,  7,  0,  0,  0,  0,  0,  0,  0,  0,  0,  0,  0,  0,  0,  0,  0, ],
[ 0,  0,  0,  2,  0,  7,  0,  0,  0,  0,  0,  0,  0,  0,  0,  0,  0,  0,  0,  0,  0,  0,  0,  0, ],
[ 0,  0,  7,  0,  0,  0,  0,  0,  0,  0,  0,  0,  0,  0,  0,  0,  0,  0,  0,  0,  0,  0,  8,  0, ],
[ 0, 14,  0,  0,  0,  0, 12,  1,  0,  0,  0,  0,  5,  0,  6,  0,  5,  0,  9,  0,  0,  0,  0,  0, ],
[ 0,  0,  0,  0,  0,  0,  0,  0,  0,  0,  0,  1,  0,  0,  0, 13,  0,  5,  0,  0,  8,  0,  0,  0, ],
[ 9,  0,  0,  0,  0,  0,  0,  2,  0,  0,  0,  0,  0,  0,  0,  0,  0,  8,  0,  0,  0,  0,  0,  0, ],
[ 0,  0,  0,  0,  0,  0,  0,  0,  0,  7,  9,  0,  0,  0,  0,  0,  0,  0,  0,  0, 14,  9,  0,  0, ],
[ 0,  0,  0,  0,  0,  0,  0,  0,  0,  0,  0,  0,  0,  0,  0,  0,  0,  0,  0,  0,  0,  0,  0,  0, ],
[ 0,  5,  0,  0,  0,  0,  0,  0,  0,  0,  0,  5,  0,  0,  0,  0,  0,  0,  0,  1,  0,  0, 13,  0, ],
[ 0, 11,  0,  0,  0,  0,  0,  8,  0,  7,  0,  0,  0,  0,  0,  0,  0,  0,  7,  0,  0,  0,  0,  0, ],
[ 0,  0,  0,  0,  0,  0,  0,  0,  0,  0,  0,  0,  0,  0,  0,  0,  0,  0,  2,  0,  1,  0,  0,  0, ],
[ 0,  0,  0,  0,  0,  0,  0,  0,  0,  0,  0,  0,  0,  0,  3,  8,  0,  0,  0,  0,  0,  0,  0,  0, ],
[ 0,  0,  0,  0,  0,  0,  0,  9,  0,  0,  0,  0,  0,  0,  0,  0,  0,  0,  9,  7,  0,  0,  0,  0, ],
[ 0,  0,  0,  0,  8,  0,  0,  0,  0,  0,  0,  0,  0,  0,  6,  0,  0,  0,  0,  0,  3,  0,  4,  0, ],
[ 9,  0,  5,  0,  0,  0,  0,  0,  0,  0,  0,  0,  0,  0,  0,  0,  0,  8,  0,  0,  0,  0,  8,  0, ],
[ 0,  0,  0,  0,  0,  0,  0,  0,  0,  0,  0,  0,  0,  0,  0,  0,  0,  0,  0,  0,  0,  0,  0,  0, ],
[ 0,  0,  4,  0,  0,  0,  0,  0,  0,  0,  0,  0,  0,  0,  0,  0,  0,  0,  0, 13,  0,  0,  0,  0, ],
[ 0,  0,  0,  0,  0,  0,  0,  9,  0,  8,  0,  0,  0,  4,  0,  0,  0,  0,  0,  0,  0,  0,  0,  0, ],
[ 8,  0,  0,  0,  0,  0,  0,  0,  0,  0,  0, 12,  0,  0,  0,  0,  0,  0,  0,  0,  0,  0,  0,  0, ],
[ 0,  0,  0,  8,  0,  0,  6,  0,  0,  0,  0,  0,  0,  0,  0,  0,  0,  0,  4,  0,  0,  0,  0,  0, ],
[ 0,  0,  0,  6,  0,  6,  0,  0,  0,  0,  0,  9,  0,  0,  0,  0,  9,  0,  0,  0,  0,  0,  0,  0, ],
[ 0,  0,  0,  0,  0,  0,  0,  0,  0,  0,  0,  0,  0,  0,  0,  0,  0,  0,  0,  0,  0,  0,  9,  9, ],
[ 4,  0,  0,  2,  0,  0, 10,  0,  0,  0,  0,  1,  0, 14,  0,  0,  0,  0,  0,  0,  0, 13,  0, 10, ],
[ 0,  0,  0,  0,  0,  0,  0,  0,  0,  0,  0,  5,  0,  0,  5,  0,  0,  0,  0,  0,  0,  0,  0,  0, ],
[ 0,  0,  5,  0,  0,  0,  0,  0,  0,  0,  0,  0,  0,  0,  0,  0,  0,  0,  0, 14,  0,  0,  0,  0, ],
[ 0,  0,  0,  2,  0,  0, 10,  0,  0,  0,  0,  0,  0,  0,  0,  0,  0,  0,  9,  0,  0,  0,  0,  0, ],
[ 6,  0,  0, 11,  0,  0,  0,  0,  0,  7,  0,  0,  0,  0,  0,  0,  0,  0,  0,  0,  0,  0,  0,  0, ],
[ 0,  0,  0,  0,  3,  0,  0,  0,  0,  0,  0,  0,  0,  0,  0,  0,  0,  0,  4,  0,  0,  0,  0,  0, ],
[ 0,  8, 10,  0,  0,  0,  0,  0,  0,  0,  0,  0,  0,  5,  0,  0,  0,  0,  0,  0,  0,  0,  0,  0, ],
[ 0,  0,  0,  0,  0,  0,  0,  0,  0,  0,  0,  0,  0,  0,  0,  0,  0,  0,  0,  0, 12,  0,  3,  0, ],
[ 0,  0,  0,  0,  0,  0,  0,  0,  0,  0,  0,  0,  0,  0,  0,  0,  2,  0,  0,  0,  0,  0,  0,  0, ],
[ 0,  0,  0,  0,  0,  0,  0,  0,  0,  0,  0,  0,  0,  0,  0,  0,  0,  0,  0,  0,  0,  0,  0,  0, ],
[ 0, 12, 13,  0,  3,  0,  0,  0,  0,  0,  0,  0,  0,  0,  6,  0,  0,  0,  0, 10,  0,  0,  0,  0, ],
[ 0,  0,  0,  0,  0,  0,  0,  0,  0,  0, 12,  0,  0,  0,  0,  0,  0,  0,  8,  0,  0,  0,  0,  0, ],
[ 0,  0,  0,  0,  0,  0,  4,  0,  0,  0,  3,  0,  0,  0,  0,  0,  0,  0,  0,  0,  0,  0,  0,  0, ],


[0.3274, -0.2349, ],
[0.0936, -0.9591, ],
[-0.1103, 0.4424, ],
[0.9054, -0.3408, ],
[-0.1570, -0.2843, ],
[0.5352, 0.0320, ],
[-0.8115, 0.4012, ],
[0.2706, 0.5388, ],
[0.1699, 0.3354, ],
[0.7322, 0.6284, ],
[0.5171, 0.0189, ],
[-0.0246, -0.3408, ],
[0.2507, 0.6663, ],
[0.5478, 0.3935, ],
[0.2165, -0.7002, ],
[-0.5564, -0.1375, ],
[-0.0132, -0.7390, ],
[-0.0684, 0.7212, ],
[0.7797, 0.4641, ],
[0.5643, -0.7899, ],
[0.9388, 0.9228, ],
[0.2260, -0.5770, ],
[0.7401, 0.0350, ],
[0.4414, -0.7224, ],
[0.8457, -0.7265, ],
[0.0282, 0.2175, ],
[0.4253, 0.5958, ],
[0.0852, -0.4322, ],
[0.4287, 0.0166, ],
[0.6580, 0.5029, ],
[-0.7038, 0.3463, ],
[-0.1125, 0.5525, ],
[0.2607, -0.1400, ],
[0.4164, 0.8679, ],
[0.9256, 0.7824, ],
[-0.8888, 0.2333, ],
[0.4842, -0.5085, ],
[0.3837, 0.0187, ],
[-0.2790, -0.4119, ],
[0.9439, 0.5032, ],
[0.4362, -0.7842, ],
[0.0428, 0.2379, ],
[1.0000, -0.1201, ],
[0.4204, 0.9738, ],
[0.1784, 0.6710, ],
[0.7675, -0.1441, ],
[0.6571, -0.3094, ],
[-0.6388, -1.0000, ],
[0.0642, 0.4757, ],
[0.8335, -0.9017, ],
[0.5296, -0.8642, ],
[0.6566, 0.1399, ],
[0.1137, -0.9916, ],
[0.0187, -0.7771, ],
[0.5487, 0.8462, ],
[0.5071, -0.1318, ],
[0.6639, -0.0223, ],
[0.3906, 0.0300, ],
[-0.5388, 0.4505, ],
[0.0224, -0.7017, ],
[0.6626, 0.1862, ],
[-0.4520, 0.0478, ],
[0.5595, 0.0230, ],
[0.1756, 0.2495, ],
[0.2203, -0.1269, ],
[0.2270, -0.3191, ],
[0.3396, 0.8956, ],
[0.3798, -0.4776, ],
[-0.7927, -0.0030, ],
[0.6971, 0.0407, ],
[-0.4640, 0.5125, ],
[0.1777, 0.4420, ],
[-0.0487, -0.3915, ],
[0.0027, 0.4162, ],
[0.3423, 1.0000, ],
[-0.5609, -0.2320, ],
[0.0045, 0.3702, ],
[0.9785, 0.9585, ],
[0.0671, 0.0317, ],
[-0.5580, -0.7088, ],
[0.4455, 0.5206, ],
[-0.3136, 0.2958, ],
[-1.0000, 0.0522, ],
[-0.3938, 0.7448, ],
[-0.7607, 0.8424, ],
[-0.4336, -0.3562, ],
[0.0671, 0.5361, ],
[1.0000, 0.0486, ],
[0.5298, -0.7619, ],
[0.0360, -0.2275, ],
[-0.1396, -0.2380, ],
[-0.2035, 0.7350, ],
[0.0835, -0.4792, ],
[-0.5694, 0.0212, ],
[-0.1560, -0.8868, ],
[-0.3579, -0.3554, ],
[-0.4644, 0.5193, ],
[1.0000, 0.2374, ],
[0.7869, 0.1989, ],
[0.3531, -0.8652, ],


[1.0000, ],
[2.0000, ],
[3.0000, ],
[6.0000, ],
[8.0000, ],
[4.0000, ],
[8.0000, ],
[4.0000, ],
[0.0000, ],
[7.0000, ],
[6.0000, ],
[4.0000, ],
[3.0000, ],
[10.0000, ],
[4.0000, ],
[10.0000, ],
[16.0000, ],
[4.0000, ],
[8.0000, ],
[6.0000, ],
[11.0000, ],
[4.0000, ],
[9.0000, ],
[4.0000, ],
[4.0000, ],
[6.0000, ],
[11.0000, ],
[4.0000, ],
[3.0000, ],
[10.0000, ],
[8.0000, ],
[2.0000, ],
[13.0000, ],
[0.0000, ],
[13.0000, ],
[9.0000, ],
[6.0000, ],
[11.0000, ],
[7.0000, ],
[0.0000, ],
[3.0000, ],
[8.0000, ],
[10.0000, ],
[15.0000, ],
[5.0000, ],
[7.0000, ],
[2.0000, ],
[15.0000, ],
[14.0000, ],
[0.0000, ],
[7.0000, ],
[3.0000, ],
[16.0000, ],
[7.0000, ],
[4.0000, ],
[0.0000, ],
[4.0000, ],
[4.0000, ],
[0.0000, ],
[16.0000, ],
[8.0000, ],
[7.0000, ],
[12.0000, ],
[8.0000, ],
[7.0000, ],
[3.0000, ],
[4.0000, ],
[6.0000, ],
[19.0000, ],
[10.0000, ],
[7.0000, ],
[13.0000, ],
[0.0000, ],
[9.0000, ],
[13.0000, ],
[2.0000, ],
[5.0000, ],
[9.0000, ],
[10.0000, ],
[11.0000, ],
[0.0000, ],
[6.0000, ],
[8.0000, ],
[7.0000, ],
[8.0000, ],
[12.0000, ],
[6.0000, ],
[20.0000, ],
[4.0000, ],
[6.0000, ],
[8.0000, ],
[10.0000, ],
[4.0000, ],
[9.0000, ],
[6.0000, ],
[1.0000, ],
[0.0000, ],
[17.0000, ],
[7.0000, ],
[4.0000, ],


