[ 0,  0,  0,  0,  0,  0,  0,  0,  0,  0,  2,  0,  0,  3,  0,  0,  0, 11,  1,  0,  0,  0,  0,  0, ],
[ 0,  0,  0,  0,  0,  0,  0,  0,  0,  0,  0,  0,  0,  0,  0,  0,  0,  0,  0,  0,  0,  0,  0,  0, ],
[ 0,  0,  4,  1,  0,  0,  0,  0,  0,  0,  0,  0,  0,  0,  0,  0,  0,  0,  0,  0,  0,  0,  0,  0, ],
[ 0,  0,  0,  8,  0,  9,  8,  0,  0,  0,  0,  3,  0,  0,  0,  0,  0,  0,  0,  0,  0,  0,  0,  0, ],
[ 0,  4,  0,  0,  0,  0,  0,  0,  0,  0,  0,  0,  0,  0,  0,  0,  0,  0,  0,  0,  0,  2,  0,  0, ],
[ 0,  0,  0,  0,  0,  0,  5, 11,  0,  0,  0,  0,  0,  0,  0,  0,  0,  0,  0,  0,  0,  0,  8,  0, ],
[ 0,  0,  4,  0,  0,  0,  0,  0,  0,  0,  0,  0,  0,  3,  0,  2,  0,  3,  0,  0,  0,  0,  0,  0, ],
[ 0,  0,  0,  0,  0,  8,  0,  0,  0,  0,  0,  0,  0,  0,  0,  0,  0,  0,  0,  0,  0,  2,  0,  0, ],
[ 0,  0,  0,  0,  0,  0,  0,  0,  0,  0,  0,  0,  0,  0,  0, 10,  0,  0,  2,  0,  0,  0,  0,  0, ],
[ 0,  0,  0,  0,  0,  0,  0,  0,  0,  0,  7,  0,  0,  0,  0,  0,  0,  0,  0,  0,  0,  0,  0,  0, ],
[ 3,  0,  0,  0,  0,  0,  0,  0,  0,  0,  0,  2,  0,  0,  0,  0,  0,  0,  0,  0,  0,  0,  0,  0, ],
[ 0,  0,  0,  0,  0,  0,  0,  0,  0, 11,  0,  0,  0,  0,  8,  0,  0,  0,  0,  0,  0,  0,  0,  0, ],
[ 0,  0,  0,  0,  0,  0,  0,  0,  0,  0,  0,  0, 12,  0,  0,  0, 13,  0,  8,  0,  0,  0,  0,  9, ],
[ 0, 13,  0,  0,  0,  0,  0,  0,  0,  0,  0, 12,  0,  0,  0,  0,  0,  0,  0,  0,  0,  0,  0,  0, ],
[ 0,  0,  0,  0,  0,  0,  0,  0,  0,  0,  0,  0,  0,  0,  0,  0,  0,  0, 12,  0,  0,  0,  0,  0, ],
[ 0,  0,  5,  0,  0,  0,  0,  0,  0,  0,  0,  0,  0,  0,  0,  0,  0,  0,  0,  0,  7,  0,  0,  0, ],
[ 0,  6,  0,  0,  0,  0,  0,  0,  0,  0,  0,  0,  9,  7,  0,  0,  7,  0,  0,  0,  0,  0,  0,  0, ],
[ 0,  0,  0,  0,  0,  0,  0,  0,  0,  0,  0,  0,  0,  0,  0,  0,  0,  0,  0,  0,  0, 10,  0,  0, ],
[ 0,  0,  0,  0,  0,  0,  0,  0,  0,  0,  0,  0,  0,  0,  0,  0,  0,  0,  0,  0,  0,  0,  5,  0, ],
[ 0,  0,  0,  0,  0,  0,  0,  0,  0,  0,  0,  0,  0,  0,  5,  0,  0,  0,  0,  0,  0,  0,  0,  0, ],
[ 0,  0,  1,  0,  0,  0,  0,  0,  0,  0,  0,  0,  0,  0,  0,  0,  0,  0,  0,  0,  0,  0,  0,  0, ],
[ 0, 12,  0,  0,  0,  0,  8,  0,  0,  0,  0,  0,  0,  0,  8,  0,  0,  0,  0,  0,  0,  0,  0,  0, ],
[13, 13,  0,  0, 12,  0,  0, 13,  0,  0,  0,  0,  0,  0,  0,  0,  0,  0,  0,  0,  0,  0,  0,  0, ],
[ 0,  0,  0,  0,  0,  0,  0,  0,  0,  0,  0,  0,  0,  0, 11, 10,  0,  0,  0,  0,  0,  0,  0,  0, ],
[ 4,  0,  0,  0, 13,  0,  0,  0,  0,  0,  0,  0,  0,  0,  0,  2,  0,  0,  0,  0,  0,  0,  0,  0, ],
[14,  0,  5,  0,  0,  0,  0,  0,  0,  0,  0,  0,  0,  0,  0,  0,  0,  0,  0,  0,  0,  0,  0,  0, ],
[ 0, 10, 12, 10,  0,  0,  0,  0,  0,  8,  0,  0,  0,  0,  0,  0,  0,  0,  0,  0,  0,  0,  0,  0, ],
[ 1,  0,  0,  0,  0,  0,  0,  0,  0,  0,  0,  0,  0, 12,  0,  0,  0,  0,  0,  0,  0,  0,  0,  0, ],
[ 0,  0,  0,  0,  0,  5,  0,  0,  0,  0,  0,  0,  0,  0,  0,  0,  0,  1,  0,  0,  0,  0,  0,  0, ],
[ 0,  0,  0,  0,  0,  0,  0,  0,  0,  0, 14,  0,  0,  0,  0,  0,  0,  0,  5,  0,  0,  0,  0,  0, ],
[ 0,  0,  0,  2,  0,  0,  0,  0,  0,  0,  0,  0, 11,  0,  0,  0,  0,  0,  0,  0,  0,  0,  0,  0, ],
[ 0, 12,  6,  0, 10,  0,  0,  0,  0,  0, 12,  0,  0,  0,  0,  0,  0,  7,  0,  0,  0,  0,  0,  0, ],
[ 6,  0,  0,  0,  0,  4,  0,  0,  0,  0,  0,  0,  0,  0,  0,  0,  0,  0,  0,  0,  0,  0,  0,  0, ],
[13,  0,  0,  0,  0,  0,  9,  0, 10,  0,  0,  0,  0,  0,  0,  0,  0,  0,  3,  0,  0,  0,  0,  0, ],
[ 0,  0,  0,  0,  0,  0,  0,  0,  4,  0,  0,  4,  0,  0,  0,  0, 11,  0,  0,  0,  0,  0,  0,  0, ],
[ 0,  6,  0,  0,  0,  0,  0,  0,  0,  0,  0,  0,  0,  0,  0,  0, 13,  1,  0,  0,  0,  0,  2,  0, ],
[ 7,  0,  0,  0,  9,  0,  0,  0, 11,  0,  0,  0,  0,  0,  0,  0,  0,  0,  0,  0,  0, 14,  0,  0, ],
[ 0,  0,  0,  0,  0,  1,  0,  0,  0, 13,  0,  0,  0,  0,  0,  0,  0,  0,  0,  0,  0,  2,  0,  0, ],
[ 0,  0,  0,  0,  3,  0,  0,  0,  0,  0,  0,  0,  0,  0,  0,  0,  0,  0,  0,  0,  0,  0,  0,  0, ],
[ 0,  0,  0,  0,  0,  0,  0,  0,  0,  0,  0,  0,  0,  0,  0,  0,  0,  0,  0,  0,  0,  0,  0,  0, ],
[ 0,  0,  0,  0,  0,  0,  0,  0,  0,  0,  8,  0,  0,  0,  0,  0,  0,  0,  0,  6,  0,  0,  0,  0, ],
[ 0,  0,  0,  0,  0,  0,  0,  0,  0, 10,  0, 10,  0,  0,  0,  0,  0,  0,  0,  0,  0,  0,  0,  0, ],
[ 0,  0,  0,  0,  0,  0,  0,  0,  0,  0,  0, 12,  0,  0,  0,  0, 12,  0,  0,  0,  0,  0,  0,  0, ],
[ 0,  0,  0,  0,  0,  0,  0,  0,  0,  0,  0,  0,  0,  0,  0,  0,  0,  0,  0,  0,  0,  0,  0,  0, ],
[ 0,  0,  0,  0,  0,  0,  0,  0,  0,  0,  0,  0,  0,  0,  0,  0,  2,  0,  0,  0,  0,  0,  0,  0, ],
[ 0,  0,  0,  0,  0,  0,  0,  0,  0,  0,  0,  0,  0,  0,  4,  0,  0,  0,  0, 11,  0,  0,  3,  0, ],
[ 0, 11,  0, 14,  0,  0,  0,  0,  0,  0,  0,  0,  0,  0,  4,  0,  0, 11,  0,  0,  0,  0,  0, 10, ],
[12,  0,  0,  0,  0,  0,  0,  0,  0,  0,  0,  0,  0,  0,  0,  0,  0,  0,  0,  0,  0,  0,  0,  0, ],
[ 0,  0,  0,  8,  7,  0,  0,  0,  0,  0,  0,  3,  0,  0,  0,  0,  0,  0,  0,  0,  0,  0,  0,  0, ],
[ 0,  0,  0,  0,  0, 14,  0,  0,  0,  0,  0,  0,  0,  0,  0,  0,  0,  0,  0,  0,  0,  0,  0,  0, ],
[ 9,  0,  0,  0,  0,  0,  3,  0,  7,  0,  0,  0,  0,  0,  0,  0,  0,  0,  0,  0,  0,  0,  0,  0, ],
[ 0,  0,  0,  0,  0,  0,  0,  0,  0,  0,  0,  0,  2,  0,  0,  7,  0,  0, 13,  0,  0,  0,  0,  0, ],
[ 0,  0,  0,  7,  0,  0,  0,  0,  0,  0,  0,  0,  0,  0,  0,  0,  0,  0,  0,  0,  5,  0,  0,  0, ],
[ 0,  0,  0,  0, 12, 14,  0,  0,  0,  0,  0,  0,  0,  0,  0, 13,  0,  0,  0,  0,  0,  0,  0,  0, ],
[ 5,  0,  0,  0,  0,  0,  0,  0,  0,  0,  0,  0,  0,  0,  0,  0,  0,  0,  0,  0,  0,  0,  0, 14, ],
[ 0,  0,  0,  0,  0,  0,  0,  0,  6,  0,  6,  0,  0,  0,  0,  0,  0,  0,  0,  0,  0,  0,  0,  0, ],
[ 0,  3,  0,  0,  0,  0,  0,  0,  0,  0,  0,  0,  0,  0,  0,  0,  0,  0,  0,  0,  0,  0,  4,  0, ],
[ 0,  0,  0,  0,  0,  0,  5,  0,  0,  0,  0,  0,  0,  0,  0,  0,  0,  0,  0, 14,  0,  0,  0,  0, ],
[12,  0,  0,  0,  0,  0,  0,  0,  0,  0,  0,  0,  0,  0,  0,  0,  6,  0,  0,  0, 11,  0,  0,  0, ],
[ 0,  0,  0,  0,  0, 14,  0,  1,  0,  0,  0,  0,  0,  0,  0,  4,  0,  0,  0,  0,  0,  0,  0,  0, ],
[ 0,  0,  0,  0,  0,  0,  0,  0,  0,  0,  0,  0,  0,  0,  0,  5,  0,  0,  0,  0,  0,  0,  0,  0, ],
[ 0,  0,  0,  0,  0,  0,  0,  0,  9,  0,  0,  0,  0,  0,  0,  0,  0,  0,  0,  0,  0,  0,  0,  0, ],
[ 5,  0,  0,  0, 13,  0,  0,  0,  5,  0,  0,  0,  0,  0,  0,  0,  0,  0,  0, 14,  0,  0, 10,  0, ],
[ 0,  0,  0,  0,  0,  7,  0,  0,  0,  0,  0,  0,  0,  0,  0,  0,  0,  0,  0,  0,  0,  0,  0,  0, ],
[ 0,  0,  0,  0,  0,  0,  0,  0,  0,  0,  0,  0,  6,  0,  0,  0,  0,  0,  0,  0,  0,  0,  0,  0, ],
[ 8,  7,  0,  0,  0,  0,  4,  0,  0,  0,  0, 13,  0,  0,  0,  4,  0,  0,  0,  0,  0,  0,  0, 13, ],
[ 0,  0,  0,  0,  0,  0,  5,  0,  0,  0,  0,  0,  0,  0,  0,  0,  0,  0,  0,  0,  0, 13,  0,  0, ],
[ 0,  8,  0,  0,  0,  0,  9,  0,  0,  0,  0,  0,  8,  0,  0,  0,  0,  0,  5, 10,  0,  0,  0,  0, ],
[ 0,  0,  0,  0,  0,  0,  0,  5,  0,  8,  0,  6,  0,  0,  0,  0,  0,  0,  0,  0,  0,  0,  0,  0, ],
[ 0,  0,  0,  0,  0,  0,  0,  0,  7,  0,  0,  0,  0,  0,  0,  0,  3,  2,  0,  0,  0,  0,  0,  0, ],
[ 0,  0,  0,  0,  0,  0,  0,  0,  0,  0,  0,  3,  0,  0,  7,  0,  0, 11,  0,  0,  0,  0,  0,  0, ],
[ 0,  0,  0,  3,  3,  0,  0,  0,  0,  0,  0,  0,  0,  0,  0,  0,  0,  2,  0,  0,  0,  9,  4,  0, ],
[ 0,  0,  0,  0,  0,  0,  0,  0,  0,  0,  2,  0,  0,  0,  0,  0,  0,  0,  0,  0,  0,  8,  0,  0, ],
[ 0,  0,  0,  0,  0,  0, 11,  0,  0,  0,  5,  0,  0,  0,  0,  0,  0,  0,  0,  0,  0,  0,  0,  0, ],
[ 0,  0,  0,  0,  0,  0,  0,  0,  0,  7,  0,  0,  0,  0,  0,  0,  0,  0,  0,  0,  0,  0,  0,  0, ],
[ 0,  0,  8,  0, 13,  0,  0,  0,  0,  0,  0,  0, 13,  0,  0, 11,  0,  0,  0,  0,  1,  0,  0,  0, ],
[ 6,  0,  0,  0,  0,  0,  0,  0,  0,  0,  0,  0,  0,  0,  0,  0,  0,  0,  0,  0,  1,  0,  9,  0, ],
[ 0,  0,  0,  0,  0,  0,  0,  0,  0,  0,  8,  0,  0, 14,  0,  0,  0,  0,  0,  0,  0,  0,  0,  0, ],
[12,  0,  0,  0,  0,  0,  0,  0,  0,  0,  0, 10,  0,  0,  0,  0,  0,  0,  0,  0,  0,  0,  4,  6, ],
[ 0,  8,  5,  0,  5,  0,  4,  0,  0,  0,  0,  0,  0,  0,  0,  6,  0,  0,  0,  0,  0,  0,  0, 14, ],
[ 0,  0,  0,  0,  0,  0,  0,  0,  0,  0,  0,  0,  0,  0,  0,  0,  0,  0,  0,  0,  0,  0,  0,  0, ],
[ 0,  0,  0,  0,  0,  0,  0,  0,  6,  0,  0,  0,  0,  0,  1,  2,  0,  0,  0,  0,  0,  0,  0,  0, ],
[ 0,  0,  0,  0,  0,  0,  0,  0,  0,  0,  8,  2,  0,  0,  0,  0,  0,  0,  0,  0,  6,  0,  0,  0, ],
[ 9,  0,  0,  0,  0,  0,  0,  0,  0,  0,  0,  0,  0,  0,  0,  0,  0,  0,  0,  5,  0,  0,  0,  0, ],
[ 0,  0,  0,  0,  0,  0,  0,  0,  0,  0,  0,  0,  0,  6,  0,  0,  0,  0,  0,  0,  0,  0,  0,  0, ],
[ 0,  0,  0,  0,  0,  0,  0,  0,  0,  8,  0,  0,  0,  0,  0,  0,  0,  0,  0,  0,  0,  0,  0,  0, ],
[ 0,  0,  0,  0,  0,  0,  0, 14,  0,  9,  0, 11,  2, 11,  0,  0,  6,  0,  0,  0,  0,  0, 14,  9, ],
[ 0,  0,  0,  0,  0,  0,  0,  0,  0,  0,  0,  0,  0,  8,  0,  0,  0,  0,  0,  0,  0,  0,  0,  0, ],
[ 0,  0,  0,  0,  0,  0,  0,  0,  0,  0,  0,  0,  0,  0,  0,  0,  0,  0,  0,  0,  0,  0,  0,  0, ],
[ 0,  0,  0,  0,  0,  0,  0,  0,  0,  0,  0,  0,  0,  0,  0,  0,  0,  0,  0,  0,  0,  0,  0,  9, ],
[ 0,  0,  0,  0,  0,  0,  0,  0,  0,  0,  0,  0,  0,  0,  0, 12, 11,  0,  0,  0,  0,  0,  1,  0, ],
[ 0,  0,  0,  0,  0,  0,  0,  0,  1,  0,  0,  0,  0,  0,  0,  0,  0,  0,  0,  0,  0,  0,  0,  0, ],
[ 0, 10,  0,  0,  0,  0,  0,  0,  0,  0,  0,  0,  0,  0,  0,  0,  0,  0,  0,  0,  0,  8,  0,  0, ],
[ 0,  7,  0,  0,  0,  0,  0,  0,  0,  0,  0,  0,  0,  0,  0,  0,  0,  0,  0,  0,  0,  0,  9,  0, ],
[ 5,  0,  6,  0,  0, 12,  0,  0,  0,  8,  0,  0, 11,  0,  2,  0, 14,  0,  0,  0,  0,  0,  3,  0, ],
[ 0,  0,  0,  0,  0,  0,  0,  0,  0,  0,  0,  0,  0,  0,  0,  0,  2,  0,  0,  0,  0,  0,  0,  0, ],
[ 0,  0,  0,  0,  0,  0, 13,  0,  0,  0,  0,  0,  0,  0,  6,  0,  0,  0,  0,  0,  0,  0,  0, 14, ],
[ 0,  0, 13, 13,  0,  0,  0, 13,  2,  0,  0,  0,  0,  1,  0,  0,  0,  0,  0,  0,  0,  0,  0,  0, ],
[ 0,  0,  0,  0,  0,  0, 10,  0,  0,  0,  0,  0,  0,  0,  0,  0,  0,  0,  8,  0,  0, 11,  0,  0, ],
[ 0, 11,  0,  0,  0,  0,  0,  0,  0,  0, 13,  0,  0,  0,  0,  0,  0, 11,  0,  0,  0,  0,  0,  0, ],


[0.8158, -0.0477, ],
[-0.6260, -0.5621, ],
[0.0337, 0.5521, ],
[0.4408, 0.1622, ],
[0.8429, 0.9975, ],
[0.4674, 0.0298, ],
[-0.3035, 1.0000, ],
[0.5614, 0.2742, ],
[0.1699, -0.4691, ],
[-0.3117, -0.0830, ],
[-0.5993, -0.0996, ],
[-0.0702, -0.4763, ],
[0.2892, -0.6843, ],
[0.7739, 0.4002, ],
[0.2040, 0.6715, ],
[-0.7902, -0.1375, ],
[0.6662, 0.9807, ],
[0.2413, 0.0225, ],
[0.8248, 0.4461, ],
[0.1787, -1.0000, ],
[0.4409, 0.1192, ],
[-1.0000, -0.7261, ],
[0.3587, 0.0350, ],
[0.2820, -0.4832, ],
[0.7083, -0.0911, ],
[0.0282, 0.1017, ],
[-0.4180, 0.6077, ],
[-0.5369, -0.4322, ],
[0.2948, 0.2451, ],
[-0.0198, -0.5533, ],
[0.2714, 0.3463, ],
[-0.0250, 0.4126, ],
[-1.0000, -0.0321, ],
[0.6015, 0.7110, ],
[0.2077, 0.0018, ],
[-0.7750, -0.0537, ],
[0.4802, 0.9879, ],
[0.4975, -0.2943, ],
[0.1841, -0.5304, ],
[1.0000, 0.7151, ],
[0.7146, 0.3745, ],
[-0.0480, 0.2506, ],
[1.0000, -0.1699, ],
[0.2252, -0.8002, ],
[0.6351, -0.2658, ],
[0.1251, -0.2189, ],
[-0.7641, 0.5568, ],
[0.1290, 0.8086, ],
[-0.1974, -0.5254, ],
[0.9469, 0.3947, ],
[0.2455, 0.8595, ],
[0.9262, 0.1803, ],
[0.4474, 0.4780, ],
[0.1413, -0.5709, ],
[-0.3224, -0.1347, ],
[0.1697, -0.0461, ],
[0.5710, -0.2002, ],
[-0.8719, 0.0734, ],
[-0.4688, 0.4505, ],
[0.4935, -0.4915, ],
[0.6642, 0.5407, ],
[-0.4520, 0.0478, ],
[0.2507, -0.0179, ],
[0.1756, 0.3904, ],
[0.5625, 1.0000, ],
[-0.3260, -0.8228, ],
[0.8379, 0.7573, ],
[0.4341, -0.4834, ],
[0.6442, 0.0154, ],
[0.5156, -0.2419, ],
[0.5769, 0.7135, ],
[-0.7051, 0.2127, ],
[0.7949, -0.2267, ],
[-0.0571, 0.4844, ],
[0.7616, -0.6344, ],
[-0.7828, -0.9398, ],
[0.7120, 0.7491, ],
[0.9785, 0.9704, ],
[0.4669, 0.3249, ],
[-0.4987, 0.2710, ],
[-0.9511, 0.4890, ],
[-0.4057, 0.4670, ],
[-0.1946, 0.7302, ],
[-0.5363, 0.7749, ],
[-0.6865, 0.0184, ],
[-0.6411, -0.4797, ],
[0.0671, -0.6675, ],
[0.9307, 0.8485, ],
[-0.1104, -0.7187, ],
[0.3941, -0.4269, ],
[-0.2293, -0.1571, ],
[0.4605, -0.4081, ],
[-0.0679, 0.5829, ],
[0.8583, -0.2427, ],
[-0.6069, -0.8868, ],
[-0.5299, -0.3599, ],
[-0.4644, 0.1208, ],
[0.4632, -0.5417, ],
[0.8717, 0.2483, ],
[0.3531, 0.4190, ],


[8.0000, ],
[0.0000, ],
[3.0000, ],
[11.0000, ],
[3.0000, ],
[9.0000, ],
[7.0000, ],
[4.0000, ],
[5.0000, ],
[3.0000, ],
[3.0000, ],
[7.0000, ],
[14.0000, ],
[8.0000, ],
[4.0000, ],
[5.0000, ],
[12.0000, ],
[4.0000, ],
[2.0000, ],
[2.0000, ],
[1.0000, ],
[10.0000, ],
[16.0000, ],
[8.0000, ],
[7.0000, ],
[6.0000, ],
[15.0000, ],
[5.0000, ],
[3.0000, ],
[6.0000, ],
[5.0000, ],
[18.0000, ],
[5.0000, ],
[13.0000, ],
[8.0000, ],
[9.0000, ],
[14.0000, ],
[6.0000, ],
[2.0000, ],
[0.0000, ],
[6.0000, ],
[8.0000, ],
[8.0000, ],
[0.0000, ],
[1.0000, ],
[8.0000, ],
[18.0000, ],
[4.0000, ],
[8.0000, ],
[4.0000, ],
[8.0000, ],
[8.0000, ],
[5.0000, ],
[12.0000, ],
[6.0000, ],
[6.0000, ],
[4.0000, ],
[6.0000, ],
[11.0000, ],
[7.0000, ],
[2.0000, ],
[3.0000, ],
[16.0000, ],
[3.0000, ],
[3.0000, ],
[18.0000, ],
[6.0000, ],
[15.0000, ],
[8.0000, ],
[6.0000, ],
[9.0000, ],
[10.0000, ],
[4.0000, ],
[6.0000, ],
[3.0000, ],
[16.0000, ],
[7.0000, ],
[7.0000, ],
[13.0000, ],
[16.0000, ],
[0.0000, ],
[5.0000, ],
[7.0000, ],
[5.0000, ],
[3.0000, ],
[3.0000, ],
[26.0000, ],
[3.0000, ],
[0.0000, ],
[3.0000, ],
[9.0000, ],
[1.0000, ],
[7.0000, ],
[6.0000, ],
[23.0000, ],
[1.0000, ],
[11.0000, ],
[14.0000, ],
[11.0000, ],
[12.0000, ],


