[ 0,  0,  9,  0,  0,  0,  0, 11,  0,  0,  0, 11,  0,  0,  0,  0,  0,  0,  0,  0,  0,  0,  0,  0, ],
[ 0,  0,  0,  0,  0,  5,  0,  0,  0,  0,  0,  0, 14,  0,  0,  0,  0,  1,  0,  0,  0,  0,  7,  0, ],
[ 0,  0,  0,  0,  0,  0,  0,  0,  0,  0,  0,  0,  0,  0,  0,  0,  0, 14,  0,  0,  0,  0,  0,  0, ],
[ 0,  0,  0,  0,  0,  0,  0,  0,  0,  0,  0,  0,  0,  0,  0,  0,  0,  0,  0,  0,  0,  0,  0,  0, ],
[ 0,  0,  0,  0,  0,  0,  0,  0,  0,  0,  0,  0,  0,  0,  0,  0,  0,  0,  0,  0,  8,  0,  0,  0, ],
[ 0,  0,  0,  0,  0,  0,  0,  0,  0,  0,  0,  0, 11,  5,  0,  0,  0,  0,  0,  0,  0,  0,  0,  0, ],
[ 0,  0,  0,  0, 11,  0,  0,  0,  0,  0,  0,  0,  0,  0,  0,  0,  0,  0,  0,  0,  0,  0,  0,  0, ],
[ 0,  0,  0,  0,  0,  0,  0,  0,  6,  0, 10,  0,  0,  0,  0,  0,  0,  0,  0,  0,  0,  0,  0,  0, ],
[ 0,  0,  0,  0,  0,  0,  0,  0,  0,  0,  0,  0,  0,  0,  0,  0,  0,  0,  0,  0,  0,  0,  0,  0, ],
[13,  5,  0,  0,  0, 12,  0,  0,  0,  0,  0,  0,  0, 11,  0,  0,  0,  0,  0,  0,  0,  2, 13,  4, ],
[ 0,  5,  0,  0,  0,  0,  0,  0,  0,  0,  0,  0,  0,  0,  0,  0,  0,  0,  0,  0, 12,  0,  0,  0, ],
[ 0,  0,  0,  0,  0, 12,  0,  0,  0,  0,  0,  0,  0, 14,  0,  0,  0,  0,  0,  2,  0,  0,  0,  0, ],
[ 0,  0,  0,  0,  0,  0,  0,  0,  0,  0,  0,  0,  0,  0,  0,  0,  0,  0,  8,  0,  0,  0,  0,  0, ],
[ 0,  0,  0,  0,  0,  0,  0,  0,  0,  0,  0,  0,  1,  0,  0,  0,  9,  0,  0,  0, 10,  0,  0,  0, ],
[ 0,  0,  0,  0,  0, 12,  0,  0,  0,  0,  0,  0,  0,  0,  0,  0,  0, 13,  0,  0,  0,  0,  0,  5, ],
[ 0,  0,  0,  0,  6,  0,  0,  0,  0,  0,  0,  0,  0,  0,  0,  0,  0,  0,  0,  0,  0,  3,  0,  0, ],
[ 0,  0,  0,  0,  0,  0,  0,  0,  0,  0,  0,  0,  0,  0,  0,  0,  0,  0,  0,  0,  0,  0,  0,  0, ],
[ 0,  0,  0,  0,  0,  0,  0,  0,  0,  0,  0,  0,  0,  0,  0,  1,  0,  1,  0,  0,  0, 10,  7,  0, ],
[ 0,  0,  0,  0,  0,  0,  0,  0,  0,  0, 13,  0,  0,  0,  0,  0,  0,  0,  0,  0,  0,  0,  0,  0, ],
[ 0,  0,  0,  0,  0,  0,  0,  0,  0,  0,  0,  0,  0,  0,  0,  0,  0,  0,  0,  0, 10,  0,  0,  0, ],
[ 0,  0,  0, 13,  0,  0,  3, 10,  0,  0,  0,  0,  2,  5,  0,  0,  2,  0,  0,  0,  0,  0,  0,  0, ],
[ 0,  0,  0,  0,  0,  0,  0,  0,  0,  0,  8,  0,  0,  0,  0,  0,  0,  0,  0,  0,  0,  0,  0,  0, ],
[ 0,  0,  0,  0,  0,  0,  0,  0,  0,  0,  2,  0, 12,  0,  0,  0,  0,  0,  0,  3,  0,  0,  0,  0, ],
[ 8,  0,  8,  0,  0,  3,  0,  0,  0,  0,  0,  0,  0,  0,  0,  0,  0,  0,  0,  0,  0,  0,  0,  0, ],
[ 0,  0,  0,  0,  0,  0,  0,  1,  0,  0,  0,  0,  0,  0,  0,  0,  0,  0,  0,  0,  0,  0,  0,  0, ],
[ 0,  0,  0,  0,  0,  0,  2,  0,  0,  0,  2,  0,  0,  0,  0,  0,  0,  0,  0,  0,  0,  0,  0,  0, ],
[ 7,  9,  0,  0,  0,  0,  8,  0,  0,  0,  0,  0,  0,  0,  0,  0,  0,  0,  0,  0,  0,  0,  0,  0, ],
[ 1,  0,  0,  0,  0,  0,  0,  0,  0,  0,  0,  0,  0,  0,  0,  0, 10,  0,  0,  0,  0,  0,  0,  0, ],
[ 0,  0,  0, 10,  0,  0,  0,  9,  0,  0,  0, 14,  0,  0,  0,  0,  0,  0,  0,  0,  0,  0,  0,  0, ],
[ 0,  0,  0,  0,  0, 10,  2,  0,  0,  0,  0,  0,  0, 12,  0,  0,  0,  0,  0,  0,  0,  0,  0,  0, ],
[ 0,  0,  0, 10,  0,  0,  0,  0,  0,  0,  0,  0,  0,  0,  0,  1,  0,  0,  0,  0,  0,  0,  0, 14, ],
[ 0,  0,  0,  5,  9,  0,  0,  0,  0,  0,  0,  0,  0,  2,  0,  0,  0,  0, 11, 14,  0,  0,  0,  0, ],
[ 0,  0,  0,  0,  0,  0,  0,  0,  9,  0,  0,  0,  0,  0,  0,  0,  0,  2,  0,  0,  0,  0,  0,  0, ],
[ 0,  0,  0,  0,  0,  0, 13,  0,  0,  0,  0,  0,  0,  0,  0,  0,  0,  0,  0,  0,  0,  0,  0,  0, ],
[ 0,  0,  0,  0,  0,  0,  0,  7,  0,  7,  0,  0,  0,  0,  0,  0,  0,  0,  0,  0,  0,  0,  0,  0, ],
[ 0,  0,  0,  0,  0,  0,  3,  0,  0,  0,  0,  0,  0,  0,  0,  0,  0,  0,  0,  5,  0,  1,  0,  0, ],
[ 0,  0,  0,  0,  0,  0,  0,  0,  0,  0,  0,  0,  0,  0,  0,  0,  6,  0,  0,  0,  0,  0, 12,  0, ],
[ 0,  0,  0, 11,  0,  0,  0,  6,  0,  0,  0,  0,  0,  0,  0,  0,  0,  0,  0,  0,  0,  0,  0,  0, ],
[ 0,  0,  0,  0,  0,  0,  0,  0,  0,  0,  0,  0,  0,  0,  0,  0,  0,  0,  0,  0,  0,  0,  0,  0, ],
[ 0,  0,  0,  0,  0,  6,  2,  0, 14,  2,  4,  0,  0,  0,  0,  0,  0,  0,  0,  0,  0,  0,  0,  6, ],
[ 0,  0,  0,  0,  0,  0,  0,  0,  0,  0,  0,  0,  0,  0,  0,  0,  0,  2,  0,  7,  0,  0,  0,  0, ],
[ 0,  6,  0,  0,  3,  0,  0,  0,  0,  0,  0,  0,  0,  0,  0,  0,  0,  0,  0,  0,  0,  0,  0,  0, ],
[ 0,  0,  0,  0,  0,  0,  0,  0,  2,  0,  0,  0,  0,  0,  0,  0,  0,  3,  0,  0,  8,  0,  0,  0, ],
[ 2,  0,  0,  0,  0,  0,  0,  0,  0,  5,  0,  0,  0,  0,  0,  0,  0,  0,  0,  0,  0,  0,  0,  0, ],
[ 0,  0,  0,  0,  0,  0,  0,  0,  0,  0,  0,  0,  9,  0,  0,  0,  0,  0,  0,  0,  0,  0,  0,  0, ],
[ 0,  0,  0,  0,  0,  0,  0,  0,  0,  4,  0,  0,  0,  0,  0,  0,  0,  0,  0,  0,  0,  0,  0,  0, ],
[ 0, 13,  0,  0,  0,  0,  0,  0,  0,  0,  0,  0,  0,  0,  0,  0,  0,  0,  0,  0,  0,  0,  0,  0, ],
[ 0,  0,  0,  0,  0,  0,  0,  0,  0,  0,  0,  6,  0,  0,  0,  0,  0,  0,  0,  0,  0,  0,  0,  0, ],
[ 0,  0,  0,  0,  0,  0,  0,  0,  7,  0,  0,  0,  0,  0,  0,  0,  0,  0,  0,  0,  0,  0,  0,  0, ],
[ 0,  0,  0,  0,  0,  0,  0,  0,  0,  0,  0,  0,  0,  0,  0,  0,  0,  0,  0,  0,  6,  8, 13,  0, ],
[ 0,  0,  0,  0,  0,  0,  0,  0,  0,  0,  0,  0,  0,  0,  0,  0,  0,  0,  0,  0,  0,  0, 13,  0, ],
[ 0,  0,  0,  0,  0,  0,  0,  0,  0,  0,  0,  0,  0,  0,  0,  0,  0,  0, 13,  0,  0,  0,  0,  0, ],
[ 0,  0,  0,  0,  0,  0,  0,  0,  0,  0,  0,  0,  0,  0,  0,  0,  5,  0,  0,  0,  5, 10,  0,  0, ],
[ 0,  0,  6,  0,  0,  0,  0,  0,  0,  0,  0,  0,  0,  0,  0,  0,  0,  0,  0,  0,  0,  0,  0,  6, ],
[ 0,  0,  0,  0,  0,  0,  0,  0,  0,  0,  0,  0,  0,  0,  2,  0,  0,  0,  0,  0,  0,  0,  0,  0, ],
[ 0,  0,  0,  0,  0,  0,  0,  0,  0,  0,  0,  0,  0,  0,  0,  0,  0,  0,  0,  0,  0,  0,  0,  4, ],
[ 7,  0,  0,  0, 13,  0,  1,  0,  0,  0,  0,  0,  5,  0,  0, 11,  0,  0,  0,  0,  0,  0,  0,  0, ],
[ 0,  0,  0,  0, 12,  0,  0,  0,  0,  0,  0,  0,  0,  0,  0,  0,  0,  0,  0,  0,  0,  0,  0,  0, ],
[ 0,  0,  5,  0,  0,  0,  5,  0,  0,  0,  0,  0,  0,  0,  0,  0, 11,  0,  0,  0, 11,  0,  0,  0, ],
[ 0,  7,  0,  0, 12,  0,  0,  0,  0,  0,  0,  0,  0,  0,  0,  0,  9,  0,  0,  0,  0,  0,  0,  0, ],
[ 0,  0,  0,  0,  0,  0,  0,  0,  0,  0,  0,  0,  0,  0,  0,  0,  0,  0,  0,  0,  0,  0,  0,  0, ],
[ 0,  0,  0,  0,  0,  0,  0,  0,  0,  0,  9,  0,  0,  0,  0,  0,  0,  0,  0,  0,  0,  0,  0,  0, ],
[ 0,  0,  0,  0,  0, 13,  0,  0,  0,  0,  0, 13,  0,  0,  0,  0, 12,  0,  0,  0,  0,  0,  0,  0, ],
[ 0,  0,  0,  0,  0,  0,  0,  0,  0,  0,  4,  0,  0,  0,  0,  0,  0,  0,  0,  0,  0,  0,  7,  0, ],
[ 0,  0,  0,  0,  0,  0,  0,  0,  0,  0,  0,  0,  0,  0,  0,  0,  0,  0,  0,  0,  0,  0,  0,  0, ],
[ 0,  0,  0,  0,  0,  0,  0,  0,  0,  0,  0,  0,  0,  0,  0,  4,  0,  0,  0,  0,  0,  0,  0,  0, ],
[ 0,  0,  0,  0,  0,  0,  0,  0,  0,  0,  0,  0,  0,  0,  0,  0,  0,  0,  0,  0,  0,  0,  0,  0, ],
[ 2,  0,  0,  0,  0,  0,  0,  0,  0,  0,  0,  0,  0,  0,  0,  0,  0,  0,  0,  0,  1,  0,  0,  0, ],
[ 0,  0,  0,  0,  0,  0,  0,  0,  0,  0,  0,  0,  0,  0,  0,  0,  0,  0,  0,  5, 10,  0,  0,  0, ],
[ 0,  0,  4,  0,  0, 12,  0,  0, 13,  0,  0,  0,  0,  0,  0, 14,  0,  0,  0,  0,  0,  0,  0,  0, ],
[ 0,  0,  0,  0, 11,  0,  0,  0,  0,  0,  0,  0,  0,  0,  0, 11,  0, 11,  0,  0,  0,  0,  0,  0, ],
[ 0,  0,  0,  0,  0,  0,  0,  0,  0,  0,  0,  0,  0,  0,  2,  0,  9,  0,  6,  0,  0,  0,  0,  0, ],
[ 0,  0,  0,  0,  0,  9,  0,  0,  0,  0,  0,  0,  0,  1,  0,  0,  0,  0,  0,  0,  0,  0,  0,  0, ],
[ 0,  0,  0,  0,  0,  3,  0,  0, 10,  0,  0,  0,  0,  0,  0,  0, 12,  0, 11,  0,  0,  0,  0,  0, ],
[ 0,  7,  0,  0,  0,  0,  4,  0,  0,  0,  0,  0,  0,  0,  0,  0,  0, 14,  0,  0,  0,  0,  0,  0, ],
[ 0,  0,  8,  3,  0,  6,  0,  4,  2,  0,  0,  0,  0,  0,  0,  0,  0,  0,  0,  0,  0,  0,  0,  0, ],
[ 0,  2,  0,  0,  0,  0,  0,  0,  0,  0,  0,  0,  3,  0,  0,  0,  0,  0,  0,  0,  0,  0,  0,  0, ],
[ 0,  0,  0,  0,  0,  0,  0,  0,  0,  0,  0,  4,  0,  5,  0,  0,  0,  0,  0,  0,  0,  0,  0,  0, ],
[ 0,  0,  0,  0,  0,  0,  0,  0,  0,  0,  0,  0,  0,  0,  0,  0,  0,  0,  0,  0,  0,  0,  4,  0, ],
[ 2,  0,  0, 14,  0,  5,  4,  0,  0,  0, 12,  0,  0,  0,  0,  0,  0,  0,  0,  0,  0,  0,  0,  5, ],
[ 0,  0, 13,  0,  0,  0,  0,  0,  0,  0,  0,  0,  0,  0,  1,  0,  0,  0,  0,  0,  0,  0,  0,  0, ],
[ 0,  0,  0,  0,  0,  0,  0,  0,  0,  0,  0,  4,  0,  0,  1,  2,  0,  0,  1,  0,  0,  0,  0,  0, ],
[ 0,  0,  0,  0,  0,  9,  0,  0,  0,  0,  0,  0,  8,  0,  0,  0,  0,  0,  0,  0,  0,  0,  0, 12, ],
[ 0,  0,  0,  0,  0,  0,  0,  0,  0,  0,  0,  0,  0,  0, 13,  0,  0,  0,  0,  0,  0,  0, 11,  0, ],
[ 0,  0,  0,  0,  0,  0,  0,  0,  0,  0,  0,  0,  0,  0,  0,  0,  1,  0,  0,  0,  0,  0,  0,  0, ],
[ 0, 11,  0,  0,  0,  0,  0,  0,  0,  8,  0,  0,  0,  0,  0,  0,  0,  0,  0,  0,  0,  0,  0,  0, ],
[ 0,  0,  0,  0,  0,  0,  0,  0,  0,  0,  0,  0,  2,  0,  0,  0,  0,  0,  0,  0,  0,  0,  0,  0, ],
[ 0,  0,  0,  0, 14,  0,  0,  0,  0,  0,  0,  0,  0, 12,  0,  0,  0, 10,  0,  0,  6,  0,  0,  0, ],
[12,  0,  0,  0,  0,  0,  0,  0,  0,  0,  0,  0,  0,  0,  0,  0,  0,  0,  0,  0,  0,  0,  0,  0, ],
[ 0,  0, 11,  0,  0,  0, 13,  0,  0,  0,  0,  0,  0,  0,  0,  0,  0,  0,  0,  0,  0,  0,  0,  0, ],
[ 0,  0,  0, 12,  0,  0,  0,  0,  0,  0,  0,  0,  0,  0,  0,  0,  0,  0,  0,  0,  0,  0,  0,  0, ],
[ 0,  0,  0,  0,  0,  0,  0,  0,  0,  0,  0, 12,  0,  0,  0,  0,  0,  0,  0,  0,  0,  0,  0,  0, ],
[ 0, 10,  0,  0,  0,  0,  7,  5,  0,  0,  0,  0,  0,  0,  0,  0,  0,  0,  0,  0,  0,  0,  0,  0, ],
[ 0,  0,  0,  0,  0,  0,  0,  0,  0,  0,  0,  3,  0,  0,  0,  0,  0,  0,  0,  0,  0,  0,  6,  0, ],
[ 0,  0,  0,  0,  0,  0,  0,  0,  0,  0,  0,  0,  0,  0,  0,  0,  0,  0,  4,  0, 12,  0,  0,  0, ],
[ 0,  0,  0,  0,  0,  0,  0,  0,  0,  0,  0,  0,  0,  0,  0,  0,  2,  0,  9,  0,  0,  0,  0,  0, ],
[ 0,  0,  0,  0,  0, 11, 13,  0,  0,  0,  0,  0,  0,  0,  0,  0,  0,  2,  0,  0,  0,  0,  0,  0, ],
[ 0, 12,  0,  0,  0,  0,  0,  0,  0,  0,  0,  0,  0,  0,  0,  0,  5,  0,  0,  0,  0,  0,  0,  0, ],
[ 0, 10,  0,  0,  0,  0,  0,  0,  0,  0,  0,  0,  0,  0,  0,  0,  0,  0,  0,  0,  0,  0,  0,  0, ],
[ 0,  0,  0,  0,  0,  0,  0,  0,  0,  0,  0,  0,  0,  0,  0,  0,  0,  0,  0,  0,  0,  0,  0,  0, ],


[0.8584, -0.8861, ],
[-0.4635, -0.3071, ],
[0.0330, -0.3924, ],
[0.9054, 0.2335, ],
[-0.3226, 0.6453, ],
[0.1613, 0.5618, ],
[0.9484, -0.2159, ],
[-0.0785, 0.1256, ],
[-0.0216, -0.6367, ],
[-0.4674, 0.2671, ],
[-0.9564, 0.2007, ],
[0.8738, 0.0474, ],
[-0.6282, -0.8181, ],
[0.3726, 0.1920, ],
[0.5333, 0.4824, ],
[0.1052, -0.2038, ],
[0.6779, -0.9050, ],
[-0.0164, 0.1533, ],
[-0.5828, -0.0784, ],
[-0.0080, -0.2208, ],
[0.4721, 0.5017, ],
[0.0790, -0.6941, ],
[0.3587, 0.1208, ],
[0.2820, -0.4647, ],
[0.8457, -0.4290, ],
[-0.4611, -0.0819, ],
[-1.0000, -0.4928, ],
[0.2075, -0.1923, ],
[0.1140, 0.2451, ],
[-0.6089, 0.4700, ],
[-1.0000, -0.2000, ],
[0.2258, 0.0916, ],
[0.2824, 0.0533, ],
[0.5743, 0.7928, ],
[0.9851, 0.0018, ],
[0.2167, 0.8952, ],
[-0.7749, -0.2658, ],
[-0.2251, -0.3061, ],
[-0.3199, 0.7935, ],
[0.9794, -0.7491, ],
[0.4831, 0.8597, ],
[0.0428, 0.1403, ],
[0.3320, 0.6836, ],
[0.8404, -0.9942, ],
[0.6814, -0.6493, ],
[0.2646, -0.1462, ],
[0.1876, 0.5568, ],
[-0.5838, 0.4382, ],
[-0.8495, -0.2413, ],
[0.8335, 0.8938, ],
[0.4263, -0.2293, ],
[0.2735, -0.4706, ],
[-0.1969, -0.1681, ],
[-0.3355, -0.6102, ],
[-0.3224, 0.3399, ],
[0.5658, 0.3868, ],
[0.6639, 0.0815, ],
[-0.6668, 0.2771, ],
[-0.7450, 0.5837, ],
[0.1428, 0.8293, ],
[0.6410, 0.1864, ],
[0.2246, 0.0478, ],
[0.0928, -0.0558, ],
[0.1111, -0.4916, ],
[0.2002, -0.2438, ],
[0.4571, 0.2038, ],
[0.2930, 0.7013, ],
[0.2956, -0.5500, ],
[0.0177, -0.1062, ],
[0.7419, -0.1871, ],
[0.8359, 0.5010, ],
[0.1179, 0.4017, ],
[-0.2954, 0.2723, ],
[-0.3155, -0.3212, ],
[-0.7082, 0.8057, ],
[0.8818, -0.9303, ],
[-0.7320, -0.7715, ],
[0.2767, -0.0321, ],
[0.2321, 0.0154, ],
[-0.4987, 0.2725, ],
[0.4065, -0.9379, ],
[-0.1928, 0.0074, ],
[-0.9976, -0.1301, ],
[0.2701, 0.6315, ],
[-0.2813, -0.3467, ],
[-0.2247, -0.6785, ],
[-0.5393, 0.5990, ],
[0.8345, 0.5819, ],
[-0.2184, 0.8370, ],
[-0.4060, -0.3408, ],
[0.6974, -0.1726, ],
[-0.1000, 0.6007, ],
[-0.0679, -0.2645, ],
[0.3581, 0.1145, ],
[-0.8955, -0.8813, ],
[0.0713, 0.2009, ],
[-0.7111, 0.5193, ],
[0.8722, 0.3506, ],
[-0.0532, 0.1989, ],
[0.4616, 0.2240, ],


[11.0000, ],
[10.0000, ],
[4.0000, ],
[0.0000, ],
[3.0000, ],
[6.0000, ],
[4.0000, ],
[7.0000, ],
[0.0000, ],
[21.0000, ],
[6.0000, ],
[9.0000, ],
[3.0000, ],
[8.0000, ],
[10.0000, ],
[5.0000, ],
[0.0000, ],
[9.0000, ],
[4.0000, ],
[4.0000, ],
[14.0000, ],
[3.0000, ],
[7.0000, ],
[8.0000, ],
[1.0000, ],
[2.0000, ],
[9.0000, ],
[5.0000, ],
[11.0000, ],
[9.0000, ],
[9.0000, ],
[14.0000, ],
[4.0000, ],
[4.0000, ],
[6.0000, ],
[5.0000, ],
[7.0000, ],
[7.0000, ],
[0.0000, ],
[14.0000, ],
[4.0000, ],
[5.0000, ],
[6.0000, ],
[3.0000, ],
[3.0000, ],
[2.0000, ],
[4.0000, ],
[3.0000, ],
[3.0000, ],
[10.0000, ],
[4.0000, ],
[4.0000, ],
[8.0000, ],
[6.0000, ],
[1.0000, ],
[2.0000, ],
[14.0000, ],
[4.0000, ],
[12.0000, ],
[10.0000, ],
[0.0000, ],
[3.0000, ],
[12.0000, ],
[5.0000, ],
[0.0000, ],
[2.0000, ],
[0.0000, ],
[2.0000, ],
[6.0000, ],
[14.0000, ],
[12.0000, ],
[7.0000, ],
[4.0000, ],
[14.0000, ],
[9.0000, ],
[11.0000, ],
[3.0000, ],
[4.0000, ],
[2.0000, ],
[15.0000, ],
[5.0000, ],
[5.0000, ],
[10.0000, ],
[8.0000, ],
[1.0000, ],
[7.0000, ],
[1.0000, ],
[15.0000, ],
[4.0000, ],
[8.0000, ],
[4.0000, ],
[4.0000, ],
[9.0000, ],
[5.0000, ],
[6.0000, ],
[4.0000, ],
[9.0000, ],
[6.0000, ],
[4.0000, ],
[0.0000, ],


