[ 0,  0,  0,  0,  0,  0,  0,  0,  0,  0,  3,  2,  0,  0,  0,  0,  0,  2,  0,  0,  0,  0,  0,  0, ],
[ 0,  0,  0,  0, 13,  0,  0,  0,  0,  0,  0,  0,  0,  0,  9,  0,  0,  0,  0,  0,  0,  0,  0,  3, ],
[ 0,  6,  0,  0,  0,  0,  0,  0,  4,  0,  0,  0,  0,  0,  0, 12,  0,  3,  0, 14,  0,  0,  0,  0, ],
[ 0,  0,  0,  0,  1,  0,  0,  0,  5,  0,  0, 11,  0,  0,  0,  0,  0,  0,  0, 12,  0,  0,  0,  0, ],
[ 0,  0,  9,  0,  0,  0,  0,  0,  3,  0,  0,  0,  0,  0,  0,  0,  7,  0,  0, 14,  0,  0,  0,  0, ],
[ 0,  0,  0,  0,  0,  0,  0,  0, 10,  0,  3,  0,  0,  0,  0,  0,  0,  0,  0,  0,  0,  0,  0,  0, ],
[12,  0,  0,  0,  0, 14,  6,  0,  0,  0,  0,  0,  0,  0,  0,  0,  0,  0,  0,  0,  0,  0,  0,  0, ],
[ 0,  0,  0,  0, 10,  0,  0,  0,  0,  0,  0,  7,  0,  0,  0,  1,  0,  0,  0,  0,  1,  0,  0,  0, ],
[ 0,  0,  0,  0,  0,  0,  0,  0,  0, 11,  0,  0,  0,  0,  0,  0,  0,  0,  0,  0,  0,  0,  0,  0, ],
[ 0,  0,  0,  0,  0,  0,  0,  0,  0,  0,  0,  0,  0,  0,  0, 14,  0,  0,  0,  0,  0,  4,  0,  0, ],
[ 0,  2,  8,  0,  0,  0,  2,  6,  0,  0,  0,  0,  0,  0,  0,  2,  0,  0,  0,  5,  0,  0,  0, 13, ],
[ 0,  0, 13,  0,  0,  5,  4,  0,  0, 13,  0,  0,  0,  0,  0,  0,  0, 14,  0, 13,  0,  0,  0,  0, ],
[ 0,  0,  0,  0,  0,  3,  0,  0,  0,  0,  0,  0,  0,  0,  0,  0,  0, 10,  0,  0,  0,  0,  0,  0, ],
[ 0,  0,  0,  0,  0,  0,  0,  0,  0,  0,  0,  0,  0,  0,  0,  0,  0,  0,  0,  0,  0,  0,  0,  1, ],
[ 0,  0,  0,  0,  0,  0,  0,  0,  0,  0,  0,  0,  0,  0,  0,  0,  0,  0,  0,  1,  0,  0,  0,  0, ],
[ 0,  0,  0,  0,  0,  0,  0,  0,  0,  0,  0,  0,  0,  0,  0,  0,  7,  0,  0,  0,  0,  8,  0,  0, ],
[ 0,  0,  0,  0,  0,  0,  7,  0,  0, 14, 13,  0,  9,  0,  0,  0, 10,  0,  8,  0,  0,  0,  0,  0, ],
[ 0,  0,  7,  5,  0,  0,  0,  0,  0,  0,  0,  0,  0,  0,  0,  1,  0,  0,  0,  0,  0,  0,  0,  0, ],
[ 0,  0,  0,  0,  5,  5,  0,  0, 11,  0,  0,  0,  0,  0,  0,  0,  0,  0,  7,  0, 11,  0,  0,  0, ],
[ 0,  0,  0,  0,  0,  0,  0,  0,  0,  0,  0, 12,  0,  0,  0,  0, 11,  0,  0,  0,  0,  0,  7,  0, ],
[ 0,  0,  0,  0,  9,  0,  0,  0,  0,  0,  0,  0,  0,  0,  0,  0,  0,  0,  0,  0,  0,  0,  0,  0, ],
[ 0,  0,  0,  0,  0,  0,  0,  0,  0,  7,  0,  0,  0, 11,  0,  0,  0,  0,  0,  0,  0,  0,  0,  0, ],
[ 0,  0,  0,  0,  0,  2,  6,  0,  0,  0,  0,  0,  0,  0,  0,  0,  0,  0,  0,  0,  0,  0,  0,  0, ],
[ 0,  0, 13,  0,  0,  0,  0,  0,  0,  0,  0,  0,  0,  2,  0,  0,  0,  0,  0,  0, 12,  0, 11,  0, ],
[ 0,  0,  0,  0,  0,  0,  0,  0,  0,  0,  0,  0,  0,  0, 14,  0,  0,  0,  0,  0,  0,  0,  0,  0, ],
[ 0,  0,  0,  0,  0,  0,  0,  2,  0,  0,  0,  0,  0,  0,  0,  0,  0,  0,  0,  0,  0,  0,  0,  0, ],
[ 8,  0,  0,  0,  0,  0,  0,  0,  0,  0,  0,  0,  0,  0,  0,  1,  0,  0,  1,  0,  0,  0,  0,  8, ],
[ 0,  0,  9,  0,  0,  0,  7,  0,  0,  0,  0,  0,  0,  0,  0,  0,  0,  0,  0, 11,  0,  0,  0,  0, ],
[ 0,  0,  0,  6, 11,  0,  0,  0,  0,  0,  0,  0,  0,  0,  0,  0,  0,  0,  8,  0,  0,  0,  5,  0, ],
[ 0,  0,  0,  0,  0,  0,  0,  0,  0,  6,  0,  0,  0,  0,  0,  0,  0,  0,  0,  0,  0,  0,  0,  0, ],
[ 0,  0,  0,  0,  0,  0,  0,  0,  0,  0,  0,  0,  0,  0,  0,  0,  0,  0,  0,  0,  0,  0,  0,  0, ],
[ 0,  0,  0,  4,  0,  0,  0,  0,  0,  0,  0,  0,  0,  0,  0,  0,  0,  0,  0,  0,  0,  0,  0,  0, ],
[ 0,  0,  0,  0,  0,  0,  0,  0,  8,  0,  0,  0,  0,  0,  0,  0,  0,  0,  0,  0,  0,  0,  0,  0, ],
[ 0,  0,  0,  0,  0,  0,  0,  0,  0,  0,  0,  0,  0,  0,  0,  0,  0,  0,  0,  0,  8,  0,  0,  0, ],
[ 0,  0,  0,  6,  0,  0,  0,  0,  0,  0,  0,  0,  0,  0,  0,  0,  0,  0,  0,  0,  0,  0,  0,  0, ],
[ 0,  0,  0,  0,  0,  0,  2,  8,  0,  0,  0,  8,  0,  6,  0,  0,  0,  0,  0,  0,  0,  0,  0,  0, ],
[ 0,  0,  0,  0,  0,  0,  0,  0,  0,  2,  0,  0,  0,  0,  0,  0,  8,  0,  0,  0,  0,  0,  0,  0, ],
[ 0,  0,  0,  0,  0,  0,  0, 14,  0,  0,  0,  0,  0,  0,  0, 13,  0,  0,  0,  2,  0, 10,  6,  0, ],
[ 0,  0,  8,  0,  0,  0,  0,  0,  1,  0,  0,  0,  0,  0,  0,  0,  0,  0,  0,  0,  0,  0,  0,  0, ],
[ 0,  0,  0,  0,  0,  8,  0,  0,  0,  0,  6,  0,  0,  0,  0,  0,  0,  0,  0,  0,  0,  0,  4,  0, ],
[ 0,  0,  0,  0,  0,  0,  0,  0,  0,  0,  0,  0,  0,  0,  0,  0,  8,  0,  0,  0,  0, 13,  0,  0, ],
[ 0,  8,  0,  0,  0,  0,  0,  0,  0,  0,  5,  0,  0,  0,  0,  0,  0,  0,  0,  0,  0,  0,  0,  0, ],
[ 0,  0,  0,  0,  0,  2,  0,  0,  0,  0,  0,  0,  0,  0,  0,  0,  0,  0,  0,  0,  0,  0, 13,  0, ],
[ 0,  0,  0,  0,  0,  0,  0,  0,  0,  0,  0,  0,  8,  0,  0,  0,  0,  0,  0,  0,  0,  0,  0,  0, ],
[ 0, 14, 13,  0,  0,  0,  0,  0,  0,  0,  0,  0,  0,  0,  0,  0,  0,  0,  0,  0,  0,  0,  0,  0, ],
[ 0,  0,  0,  0, 10,  0,  0,  0,  0,  0,  0,  0,  0,  5,  0,  0,  0,  0,  0,  0,  0,  0,  0,  1, ],
[ 0,  0,  0,  0,  0,  0,  0,  0,  0,  0,  0,  0,  0,  0,  0,  0,  2,  0,  0,  0, 13,  0,  0,  0, ],
[ 7,  0,  0,  0,  3,  0,  0,  0,  0,  0,  0,  0,  0,  0,  0,  0,  0,  1,  0,  0,  0,  0,  0,  0, ],
[ 0,  0,  0,  0,  0,  0,  3,  0,  0,  0,  2,  0,  0,  0,  0,  0,  0,  0,  0,  0,  0,  0,  0,  0, ],
[ 0,  8,  0,  0,  0,  0,  0,  0,  0,  0,  0,  0,  0,  0,  0,  0,  0,  0,  0,  0,  0,  0,  0,  0, ],
[ 0,  0,  0,  0,  0,  0,  0,  0,  0,  0,  0,  0,  0,  0,  0,  0,  0,  0,  0,  0,  0,  0,  0,  0, ],
[ 0, 11,  0,  0,  0,  0,  0,  0,  3,  0, 13,  0,  7,  0,  0,  6,  0,  0,  0,  0,  0,  0,  0,  0, ],
[ 0,  0,  0,  0, 10,  0,  0,  0,  0,  0,  0,  0, 13,  0,  0,  0,  0,  0,  0,  0,  0,  0,  0,  8, ],
[ 0,  0,  0,  0,  0,  0,  0,  0,  0,  0,  0,  5,  0,  0,  0,  0,  0,  0, 14,  0,  6,  0,  0,  0, ],
[ 0,  1, 14,  3,  0,  0,  0,  0,  0,  0,  0,  0,  0,  0,  0,  8,  0,  0,  0,  0,  0,  0,  0,  0, ],
[ 0,  7,  0,  0,  0,  0,  0,  0,  0,  0,  0,  0,  0,  0,  0,  6,  0,  0,  0,  0,  0,  0,  0,  0, ],
[ 0,  0,  0,  0,  0,  0,  0,  0,  0,  0,  0,  0,  0, 12,  0,  0,  0,  0,  0,  0,  0,  0,  0,  0, ],
[ 0,  0,  0,  0,  0,  0,  0,  0,  0,  0,  0,  0,  0,  0,  0,  0,  0,  0,  0,  0,  0,  0,  0,  0, ],
[ 0,  0,  0,  0,  0,  0,  0,  0,  0,  6,  0,  0, 12,  6,  0,  0,  0,  0,  0,  0,  0,  0,  0,  0, ],
[ 0,  0,  0,  0,  0,  0,  0,  0,  0,  0,  0, 10,  0,  0,  0,  0,  0,  0,  0,  0,  0,  0,  0,  0, ],
[ 0,  0,  0,  0,  0,  0,  0,  0,  0,  0,  3,  0,  0,  0,  0,  0,  0,  0,  6,  0, 11,  0,  0,  0, ],
[ 0,  0,  0,  0,  0,  0,  0,  3,  0,  0,  0,  0,  0,  0,  0,  0,  0,  0,  0,  0,  0,  0,  0,  0, ],
[ 0,  0,  0,  0,  0,  0,  0,  0,  0,  0, 12,  0,  5,  0,  0,  0,  0,  0,  0,  0,  0,  0,  0,  0, ],
[ 0,  0,  0,  0,  0,  0,  0,  0,  0,  0,  0,  0,  0,  0,  0,  0,  0, 14,  0,  0,  0, 10,  0,  0, ],
[ 0,  0,  0,  0,  0,  0,  0,  0,  0,  0,  2,  0,  0,  0,  0,  0,  0,  0,  0,  0,  0,  0,  0,  0, ],
[10,  0,  0,  0,  0,  0, 10,  0,  0,  0,  0,  0,  0,  0,  0, 12,  0,  0,  0,  0,  0,  0,  0,  0, ],
[ 0,  0,  0,  0,  0,  0,  0,  0,  0,  0,  0,  0,  0,  0,  0,  0,  0,  0,  0,  0,  0,  0,  0,  0, ],
[ 0,  0,  0, 13,  8,  0,  3,  0,  0,  0,  0,  0,  0,  0,  0,  0,  0,  0,  0,  0,  0,  0,  0,  0, ],
[ 0,  0,  0,  0,  4,  0,  0,  0,  0,  0,  0,  0,  0,  0,  0,  0,  0,  0,  0,  0, 12,  0,  0,  0, ],
[ 0,  0,  0,  0,  0,  0,  0,  0,  0,  0,  0,  0,  0,  0,  0,  0,  0,  0,  0,  0,  0,  0,  0,  0, ],
[ 0,  0,  0,  0,  0,  0,  0,  0,  0,  0,  0,  8,  0,  0,  5,  0,  0, 13,  0,  0,  0,  0,  0, 13, ],
[ 0,  0,  0,  0,  0,  5,  0,  0,  0,  0,  0,  0,  0,  0,  0,  0,  0,  0,  3,  0, 14,  0,  0,  0, ],
[ 0,  0,  0,  0,  4,  0,  0,  0,  0,  0,  0,  0,  0,  0,  0,  5,  0,  0,  0,  0,  0,  0,  0,  0, ],
[ 0,  0,  0,  0,  0,  0,  0,  0,  0,  0,  0,  0,  0,  0,  5,  0,  0,  0,  0,  0,  0,  0,  0,  0, ],
[ 0,  0,  0,  0,  0,  1,  0,  0,  0,  0,  0,  0,  0,  0,  0, 10,  0,  0,  0,  0,  0,  0,  0, 12, ],
[11,  0,  0,  0, 13,  0, 13,  0,  0,  0,  0,  0,  0,  0,  0,  0,  0,  0,  0,  0,  0,  0,  0,  0, ],
[ 0,  0,  0,  0,  0,  0, 12,  0,  0,  0,  0,  0,  7,  0,  0,  0,  0,  0,  0,  0,  0,  0,  0,  0, ],
[ 0,  0,  2, 10,  0, 10,  0,  0,  0,  0,  0,  0,  0,  0,  0,  0,  0,  0,  0,  0,  0,  0,  4,  0, ],
[ 0,  0,  0,  0,  0,  0,  6,  0,  0,  0,  0,  0,  0,  0,  0,  0,  0,  0,  0,  0,  0,  0,  0,  0, ],
[ 0,  0,  0,  0,  0,  7,  0,  0,  0, 13,  0,  0,  9,  0,  0,  0,  0,  0,  0,  0,  0,  0,  0,  0, ],
[ 0,  0, 14,  0,  2, 11,  0,  0,  0,  0,  0,  0,  0,  8,  0,  0,  0,  0,  0,  4,  0,  0,  0,  0, ],
[ 0,  0,  0,  0,  0,  0,  0,  0,  0,  0,  0,  0,  0,  0,  0,  0,  0,  0,  0,  0,  0,  0,  0,  0, ],
[ 0,  0,  0,  0,  0,  0,  0,  0,  0,  0,  0,  0,  0,  0,  0,  0, 11,  0,  0,  0,  0,  0,  0,  0, ],
[ 0,  0,  0,  0,  0,  2,  0,  0,  0,  4,  0,  0,  0,  0,  0,  8,  0,  4,  0,  0, 12,  0,  0,  0, ],
[ 0,  8,  0,  0,  0,  2,  0,  0,  0,  0,  0,  0, 10,  0,  0,  0,  0,  0,  0,  0,  0,  0,  0,  0, ],
[ 0,  0,  0,  0,  0,  0,  0,  0,  0,  0,  0,  0,  0,  0,  0,  0,  0,  0,  0,  6,  0,  0,  0,  0, ],
[ 0,  0, 14,  0,  3,  0,  0,  0,  0,  2,  9,  0,  0,  0,  0,  0,  4,  0,  0,  0,  0, 12,  0,  0, ],
[ 0,  0,  7,  0,  0,  0,  0,  0,  0,  0,  0,  0, 12,  0,  0,  0,  0,  0,  0,  2,  0,  0,  0,  0, ],
[ 0,  0,  0,  0,  0,  0,  0,  0,  0,  0,  4,  0,  0,  0,  0,  0,  0,  0,  0,  0,  0,  0,  0,  0, ],
[ 2,  0,  0,  0, 13,  0,  0,  0,  0,  0,  0,  0,  0,  0,  0,  0,  0,  0,  0,  0,  0,  0,  0,  0, ],
[ 0,  0,  0,  0,  0,  7,  0,  0,  0,  0,  0,  0,  0,  0,  0,  0,  0,  0, 10,  0,  0,  8,  0,  0, ],
[ 0,  0,  0,  0,  0,  0,  0,  0,  0,  0,  0, 12,  0,  0,  0,  0,  8,  0,  0,  0,  0,  6,  0,  0, ],
[ 0,  0,  0,  0,  0,  0,  0,  0,  0, 13,  0,  0,  0,  0,  0,  0,  5,  0,  0,  0,  0,  0,  0,  0, ],
[ 0,  0,  0,  0,  0,  0,  0,  0,  0,  0,  0,  0,  0,  0,  0,  0,  0,  0,  0,  0,  0,  3,  5,  0, ],
[ 3,  0,  6,  0,  0, 14,  0,  0,  0,  0,  0,  0,  0,  0,  0, 11,  4,  0,  0,  0,  0,  0,  0,  0, ],
[ 0,  0,  0,  0,  0,  0,  0,  0,  0,  0,  0,  0,  0,  0,  0,  0,  0,  0, 11, 14,  0,  0,  0,  0, ],
[ 0,  0,  0,  0,  0,  1,  0,  0,  0,  0,  0,  0,  0,  0,  0,  0,  0,  0,  0,  0,  0,  5,  0,  0, ],
[ 0,  0,  0,  0,  0,  0,  0,  0,  0,  0,  0, 10,  0,  0,  0,  0,  0,  0,  0,  0,  0,  0,  0,  0, ],
[ 0,  0,  0,  0,  0,  0,  0,  0,  0,  0,  0,  0,  0,  9,  0,  0,  0,  0,  0,  0,  0,  0,  0,  0, ],
[ 0,  0,  6,  0,  0,  0,  0,  5,  0,  0,  0,  0,  0,  0,  2,  0,  0,  0,  0,  0,  0,  7,  0, 14, ],


[0.3561, 0.9463, ],
[-0.0009, 0.8746, ],
[0.3638, 0.4760, ],
[-0.6837, 0.1159, ],
[0.3150, -0.8616, ],
[0.0955, 0.5253, ],
[0.0940, 0.4189, ],
[0.1851, -0.9960, ],
[0.0057, 0.6463, ],
[-0.1351, -0.4082, ],
[0.2788, 0.2740, ],
[0.0183, 0.5665, ],
[-0.3449, -0.0934, ],
[-0.9457, 0.7353, ],
[-0.7173, -0.7002, ],
[-0.3953, 0.2299, ],
[0.8672, -0.7422, ],
[-0.1929, -0.5060, ],
[-0.0215, 0.4748, ],
[0.1556, 0.4283, ],
[-0.5102, -0.3755, ],
[-0.3488, 0.1448, ],
[-0.9824, -0.7524, ],
[0.5595, 0.4290, ],
[0.0044, 0.9022, ],
[0.8306, 0.2158, ],
[-0.7257, -0.0696, ],
[0.2420, 0.5348, ],
[-0.1264, -0.1823, ],
[-0.0990, 0.9833, ],
[0.1003, -0.4202, ],
[-0.8737, 0.8753, ],
[-0.6994, -0.8446, ],
[0.5130, 0.2929, ],
[-0.5318, 0.2198, ],
[-0.5448, 0.9586, ],
[-0.2585, 0.3852, ],
[0.4898, -0.1638, ],
[0.7378, 0.2445, ],
[-0.0806, 0.9269, ],
[0.5340, -0.3540, ],
[0.2956, 0.6161, ],
[-0.9054, -0.5568, ],
[0.2383, -0.2363, ],
[-0.5291, 1.0000, ],
[-0.0052, -0.5516, ],
[0.6880, 0.9764, ],
[-0.2034, -0.4434, ],
[-0.7624, 0.3348, ],
[0.3304, 0.5961, ],
[-0.2882, -0.6376, ],
[0.2049, 0.6418, ],
[0.3039, 0.5180, ],
[0.1413, -0.7771, ],
[-0.2312, 0.8879, ],
[0.9763, 0.4954, ],
[-0.4611, 0.9827, ],
[0.4124, 0.1739, ],
[0.2997, 0.4290, ],
[-0.1893, 0.4154, ],
[0.1120, -0.6495, ],
[0.9951, 0.5188, ],
[-0.8226, -0.8168, ],
[0.1213, 0.3010, ],
[-0.7563, 0.2230, ],
[0.2207, -0.2693, ],
[-0.1351, 0.8630, ],
[-0.7931, -0.0880, ],
[0.4649, -0.6564, ],
[-0.7781, -0.0521, ],
[0.4163, -0.2828, ],
[-0.5603, -0.9487, ],
[1.0000, -0.5884, ],
[0.6253, 0.1383, ],
[0.6629, 0.6338, ],
[-0.9045, -0.1754, ],
[-0.9561, 0.1942, ],
[-0.7223, -0.3879, ],
[0.2656, 0.7074, ],
[-0.4938, -0.8370, ],
[0.9384, 0.7536, ],
[0.5123, 0.2707, ],
[-0.5715, 0.3676, ],
[-0.7689, -1.0000, ],
[-0.6525, 0.9210, ],
[-0.0291, -0.8511, ],
[-0.6115, 0.9902, ],
[-0.8731, 0.7182, ],
[-0.0851, -0.5110, ],
[-0.5581, 0.4670, ],
[-0.3429, -0.6482, ],
[0.5620, -0.6424, ],
[-0.1723, -0.7720, ],
[0.4581, 0.5298, ],
[-0.4372, 0.6244, ],
[0.1921, -0.0964, ],
[0.4374, 0.1456, ],
[-0.7863, 0.2292, ],
[0.2625, -0.8440, ],
[0.5344, 0.8220, ],


[4.0000, ],
[9.0000, ],
[15.0000, ],
[11.0000, ],
[12.0000, ],
[6.0000, ],
[11.0000, ],
[9.0000, ],
[4.0000, ],
[6.0000, ],
[15.0000, ],
[20.0000, ],
[6.0000, ],
[1.0000, ],
[1.0000, ],
[6.0000, ],
[21.0000, ],
[6.0000, ],
[15.0000, ],
[11.0000, ],
[3.0000, ],
[7.0000, ],
[4.0000, ],
[13.0000, ],
[4.0000, ],
[1.0000, ],
[8.0000, ],
[10.0000, ],
[12.0000, ],
[3.0000, ],
[0.0000, ],
[2.0000, ],
[3.0000, ],
[3.0000, ],
[3.0000, ],
[10.0000, ],
[4.0000, ],
[16.0000, ],
[4.0000, ],
[8.0000, ],
[7.0000, ],
[5.0000, ],
[5.0000, ],
[3.0000, ],
[8.0000, ],
[7.0000, ],
[5.0000, ],
[6.0000, ],
[3.0000, ],
[3.0000, ],
[0.0000, ],
[16.0000, ],
[11.0000, ],
[9.0000, ],
[10.0000, ],
[6.0000, ],
[4.0000, ],
[0.0000, ],
[10.0000, ],
[4.0000, ],
[9.0000, ],
[2.0000, ],
[6.0000, ],
[8.0000, ],
[1.0000, ],
[12.0000, ],
[0.0000, ],
[9.0000, ],
[6.0000, ],
[0.0000, ],
[13.0000, ],
[8.0000, ],
[4.0000, ],
[2.0000, ],
[9.0000, ],
[12.0000, ],
[7.0000, ],
[11.0000, ],
[3.0000, ],
[10.0000, ],
[14.0000, ],
[0.0000, ],
[4.0000, ],
[12.0000, ],
[8.0000, ],
[3.0000, ],
[16.0000, ],
[8.0000, ],
[2.0000, ],
[5.0000, ],
[10.0000, ],
[10.0000, ],
[6.0000, ],
[4.0000, ],
[15.0000, ],
[8.0000, ],
[3.0000, ],
[4.0000, ],
[3.0000, ],
[13.0000, ],


