[ 0,  0,  0,  0,  0,  0,  0,  0,  0,  0, 11,  0,  0,  0,  0,  0,  0,  0,  1,  0,  0,  0,  0,  0, ],
[ 0,  0,  0,  0,  0,  0,  0,  0,  0,  0,  0,  0,  0,  0,  0,  0,  0,  0,  0,  0,  0,  0,  8,  0, ],
[ 0,  0,  0,  0,  0,  0,  0,  0,  0,  0,  0,  0,  6,  0,  0,  0,  0,  0,  0,  0,  0,  0,  0,  0, ],
[ 0,  0,  0,  0,  0,  0,  0,  0,  0,  0,  4,  0,  0,  0,  0,  0,  0,  0,  0,  0,  0,  0,  0,  0, ],
[ 0,  0,  0,  0,  0,  0,  0,  0,  0,  0,  0,  0,  0, 11,  0,  0,  0,  0,  0,  0,  0,  0,  0,  0, ],
[ 0,  0,  0,  0,  0,  0,  0,  0,  0,  0,  0,  0,  2,  0,  0,  0,  0,  0,  0,  0,  0,  0,  4,  0, ],
[ 0,  0,  0,  0,  0,  0,  0,  0,  0,  0,  0,  0, 11,  0,  0,  2,  0,  0,  1,  0, 12,  0,  0,  0, ],
[ 0,  0,  0,  0,  0,  0,  0,  0,  4,  0,  0,  0,  0,  0,  0,  0,  0,  0,  0,  0,  0,  0,  0,  0, ],
[ 0,  0,  0,  0,  0,  0,  2,  0,  0,  0,  0,  0,  0,  0,  0,  0,  0,  0,  0,  0,  0,  0,  0,  0, ],
[ 0,  0,  4,  0,  0,  3,  0,  0,  0,  0,  0,  0,  0,  0,  0,  0,  0,  2,  0,  0,  0,  0,  0,  0, ],
[ 2,  0,  0,  0,  8,  0,  0,  2,  0,  0,  0,  1,  2,  0,  0,  0,  0,  0,  0,  0,  0,  0,  0,  0, ],
[ 0,  0,  0,  0,  0, 12,  0, 11,  0,  0,  0,  0,  0,  0,  8,  0,  0,  0,  0,  0,  0,  8,  0,  0, ],
[ 0,  0,  0,  0,  0,  0,  0,  0,  0,  0,  0,  1,  0,  0,  0,  0,  0,  0,  1,  0,  0,  0,  0,  0, ],
[ 0,  0,  0,  0,  0,  0,  0,  0,  0,  0,  0,  0,  0,  0,  0,  0,  0,  0,  0,  0,  0,  0,  0,  0, ],
[ 0,  0,  0,  0,  0, 12,  0,  0,  0,  0,  0,  0,  0,  0,  0,  0,  0,  4,  0,  0,  0,  0, 12,  0, ],
[ 0,  0,  0,  0,  0,  0,  0,  0,  0,  0,  0,  0,  0,  0,  2,  0,  9,  0,  0,  1,  0,  0,  0,  0, ],
[ 0,  2,  0,  0,  0,  0,  8,  8,  0,  0,  0,  0, 12,  7,  0,  0,  0,  0,  0,  0,  0,  0,  0,  0, ],
[ 0,  0,  0,  0,  0,  0,  0,  0,  0,  0,  0,  0,  0,  0,  0,  0,  0,  1,  0,  0,  0,  0,  0,  0, ],
[13,  0,  0,  0,  0,  0,  0,  0,  0,  0,  0,  0,  0,  0,  2,  0,  0,  0,  0,  0,  0,  0,  0,  0, ],
[ 0,  0,  0,  0,  0,  0,  0,  0,  0,  0,  0,  0,  0,  0,  0,  0,  0,  0,  0,  0,  0,  0,  0,  0, ],
[ 0,  0,  0,  0,  0,  0,  0,  0, 13,  0,  0,  0, 11,  0,  0,  0,  0,  0,  0,  0,  0,  0,  7,  0, ],
[ 0,  0,  0,  0,  0,  0,  0,  0,  0,  0, 13,  0,  0,  0,  0,  0,  0,  0,  8,  0,  0,  0,  0,  0, ],
[ 0,  0,  7,  0,  0,  0,  0,  8,  0,  0,  0, 12, 13,  0,  0,  1,  0,  0,  0,  0,  0,  0,  0,  0, ],
[ 0,  0,  0,  0,  0,  0,  0,  7,  0,  0,  0,  0,  0,  0,  0,  0,  0,  0,  0,  3, 12,  0,  0,  0, ],
[ 0,  0,  0,  0,  0,  0,  0,  0,  0,  0,  0,  0,  0,  0,  0,  0,  0,  0,  0,  7,  0,  0,  0,  0, ],
[14,  0,  0,  0,  0,  0,  0,  0,  0,  0,  0,  0,  0,  0,  0,  0,  0,  0,  0,  0,  0,  0,  0,  0, ],
[ 0,  0,  0,  0,  0,  0,  0,  0,  0,  0,  8,  0,  0,  0,  0,  0,  0,  0,  0,  0,  0,  0,  0,  0, ],
[ 0,  0,  0,  0,  0,  0,  0,  5,  0,  4,  0,  0,  0,  0,  0,  0,  0,  0,  0,  0,  0,  0,  0,  0, ],
[ 0,  5,  0,  0,  0,  0,  0,  0,  0,  2,  0,  0,  0,  0,  2,  0,  0,  0,  0,  0,  0,  0,  0,  0, ],
[ 0,  0,  0,  0,  0,  0,  2,  0,  0,  0,  0,  0,  0,  0,  0,  0,  0,  0,  0,  0,  0,  0,  0,  0, ],
[ 0,  0,  0, 10,  0,  7,  0,  0,  0,  0,  0,  0,  0,  0,  0,  0,  0,  0,  0,  0,  0,  0,  0,  0, ],
[ 0,  0,  0,  0,  0,  0,  0,  0,  0,  0,  0, 10,  0,  0,  0,  0,  0,  0,  0,  0,  0,  0,  0,  0, ],
[ 0,  0, 10,  0,  0,  0,  9,  0,  0,  0,  0,  0,  0,  0,  0,  0,  0,  0,  0,  0,  0,  0,  0,  0, ],
[13,  0,  0,  0,  0,  0,  0,  0,  0,  0, 10,  0,  0,  0,  0,  0,  0,  0,  0,  0,  0, 10,  0,  3, ],
[ 2,  1,  2,  0,  8,  0, 14,  0,  0,  0,  0,  0,  0,  0,  0,  0,  0,  0,  0,  3,  0,  0,  0,  0, ],
[ 0,  0, 10,  0,  0,  0,  0,  0,  0,  0,  0,  0,  0,  0,  0,  0,  0,  0,  0,  0,  0,  0,  0,  0, ],
[ 0,  0,  0,  0,  0,  0,  0,  0,  0,  0,  0,  0,  0,  2,  0,  0,  4,  0,  4,  0,  0,  0,  0,  0, ],
[ 0,  0,  0,  0,  0,  0,  0,  0,  0, 13,  0,  0,  0,  0,  0,  0,  0,  0,  8,  9,  0,  0,  0,  0, ],
[ 0,  0,  0,  0,  0,  0,  0,  0,  0,  0,  0,  0, 13,  0,  1,  0,  0,  0,  0,  2,  0,  0,  0,  0, ],
[ 0,  0,  0,  0,  0,  0,  0,  0,  0,  0,  0,  9,  0,  0,  0,  0,  0,  0,  0,  0,  0,  0,  0,  0, ],
[ 0,  0,  0,  2,  0,  0,  0,  0,  0,  0,  0,  0,  0,  0,  0,  0,  0,  2,  0,  7,  0,  0,  0,  0, ],
[ 0,  0,  0,  0,  0,  0,  0,  0,  0,  0,  0,  0,  0,  0,  0,  9,  0,  2,  0,  0,  0,  0,  0,  0, ],
[ 0,  0,  0,  0, 11,  0,  0,  0,  0,  0,  0,  5,  0,  0,  0,  0, 10,  0,  0,  0,  0,  0,  0,  0, ],
[ 0,  0,  0,  0,  0,  0,  0,  0,  0,  0,  0,  0,  0,  0,  0,  0,  0,  0,  0,  0,  0,  0,  0,  0, ],
[ 0,  0,  0,  0,  0,  0,  0,  0,  0,  0,  0,  7,  0,  0,  0,  0,  0,  0,  0,  0,  0,  0, 13,  0, ],
[ 0,  0,  0,  0,  0,  0,  0,  3,  0,  0,  0,  0,  0,  0,  0,  0,  0,  0,  0,  0,  0,  0,  0,  0, ],
[ 0,  0,  0,  2,  0,  0,  0,  0,  0,  0,  0,  0,  0,  0,  0,  0,  0,  0,  0,  0,  0,  0,  0,  0, ],
[12,  0,  0,  0,  0,  0,  0,  0,  0,  0,  0,  0,  0,  0,  0,  1,  0,  0,  0,  0,  0,  0,  0, 12, ],
[ 0,  0,  0,  0,  0,  0,  0,  0,  0,  5,  0,  0,  0,  0,  4,  0,  0,  0,  0,  1,  0,  0, 12,  4, ],
[ 0,  0,  0,  0,  0,  2,  0,  0,  0,  0,  0,  0,  0,  0,  0,  0,  0,  0,  0,  0,  0,  5,  0,  0, ],
[13,  0,  0,  0,  0,  0,  0,  0,  5,  0,  0,  0,  0,  0,  0,  0,  0,  0,  0,  0,  0,  0,  0,  9, ],
[ 0,  0,  0, 13,  0,  0,  0,  3,  0,  0,  0,  0,  0,  0,  0,  0,  0,  0,  0,  0,  0,  0,  0,  0, ],
[ 0,  0,  0,  0,  0,  0,  0,  0,  0,  5,  0,  0,  0,  0,  0,  0,  0,  0, 14,  0,  0,  0,  0,  0, ],
[ 0,  0,  0,  0,  0,  0,  0,  0,  0,  0,  0,  0,  0,  0, 11,  0,  0,  0,  0,  0,  0,  0,  0,  0, ],
[13,  0,  0,  0,  0,  0,  0,  0,  0,  0,  0,  0,  0,  0,  0,  0,  0,  0,  0,  0,  0,  0,  0,  0, ],
[ 0,  0,  0,  0,  0,  7,  0,  0,  0,  0,  0,  0,  0,  0,  0,  0,  0,  0,  0,  0,  0,  0,  0,  0, ],
[ 0,  0,  0,  0,  0,  0,  0,  0,  0,  0,  0,  0,  0,  0,  0,  0,  0,  0,  0,  7,  0,  0,  0,  0, ],
[ 0,  0,  0,  0,  0,  0,  0,  0,  0,  0,  0, 13,  0,  0,  0,  0,  0,  0,  0,  0,  0,  0,  0,  0, ],
[ 0,  0,  0,  0,  0,  5,  0,  0,  0,  0,  0,  0,  0,  0,  0,  0,  0,  0,  0,  0,  0,  0,  0,  0, ],
[ 0,  0,  0,  0,  0,  2,  0,  0,  0,  0,  0,  0,  0,  0,  0,  0,  0,  0,  0,  0,  0,  0,  0,  7, ],
[ 0,  0,  0, 13,  0,  0,  0,  0, 10,  0,  0,  7,  0,  0,  0,  0,  0,  0,  0,  0,  0,  0,  0,  0, ],
[ 0,  0,  0,  0,  0,  0,  0,  0,  0,  0,  0,  0,  0,  0,  0,  0,  0,  0,  0,  0,  0,  0,  0,  0, ],
[ 0,  0,  0,  0,  0,  0,  5,  0,  0,  0,  0,  0,  0,  0,  0,  0,  0,  0,  0,  0,  0,  0,  0,  0, ],
[ 0,  0,  0,  0,  0,  0,  0,  0,  0,  0,  0,  0,  2,  0,  0,  0,  5,  0,  0,  0,  0,  0,  0,  0, ],
[ 0,  0,  0,  9,  0,  0, 13,  0,  0,  0,  0,  0,  0,  0,  0,  0,  0,  0,  0,  0,  0,  0,  0,  0, ],
[ 0,  0,  0,  0,  0,  2,  0,  3,  0,  0,  4,  0,  0,  0,  0,  0,  0,  0,  0,  0,  0,  4,  0,  5, ],
[ 0,  0,  0,  0,  0,  0,  0,  0,  0,  0,  0,  0,  0,  0,  0,  4,  0,  0,  0,  0,  9,  0,  0,  0, ],
[ 0,  0,  0,  0,  0,  0,  0,  0,  0,  0,  0,  0,  5,  0,  0,  0,  0,  0,  0,  4,  2,  0,  0,  0, ],
[ 0,  0,  0,  0,  0,  0, 13,  0,  0,  0,  0,  0,  0, 13,  0,  0,  0,  0,  0,  5,  0,  0,  0,  0, ],
[ 1,  0, 13,  0,  0,  0,  0,  0,  0,  0, 12,  0,  0,  0,  0,  0,  0,  0,  0,  0,  0,  0,  0,  0, ],
[ 9,  0,  0,  0,  0,  0,  0,  3,  0,  0,  0,  7,  4,  0,  0,  0,  0, 11,  0,  0,  0,  0,  0,  0, ],
[14,  0,  0,  0, 14,  0,  0,  0,  0,  0,  0,  0,  0,  8,  0,  0,  0,  0,  0,  0,  8,  0,  0,  0, ],
[ 0,  0,  5,  0,  0,  0,  0,  0,  0,  0,  0,  0,  0,  9,  0,  0,  0,  0,  0,  0,  0,  0,  0,  0, ],
[ 0,  0,  5,  0,  0,  0, 11,  0,  0,  0, 13,  0, 10,  0, 14,  0,  0,  0,  2,  0,  0,  0,  0,  0, ],
[ 0,  0,  0,  0,  0,  0,  0,  0,  0,  0,  0,  0,  0,  0,  4,  0,  0,  0,  0,  0,  0,  0,  0,  1, ],
[ 0,  0, 14,  0,  0,  0,  0,  0,  0,  0,  0,  8,  0,  0,  0, 10,  0,  0,  0, 11,  0,  9,  0,  0, ],
[ 0,  0,  0,  0,  0,  0,  0,  0,  0,  0,  0,  0,  0,  0,  0,  0,  0,  0,  0,  0,  0,  0,  0,  0, ],
[ 3,  0,  2,  0,  3,  0,  0,  0,  0,  0,  0,  0,  0,  0,  0,  0,  0,  0,  0,  3,  0,  0,  0,  0, ],
[ 0,  0,  0,  0,  0,  0,  0,  0,  0,  0,  0,  0,  0,  0,  0,  5,  0,  0, 12,  0,  3,  0,  0,  0, ],
[ 0,  0,  6,  0,  0,  0,  3,  0, 14,  0,  0,  0,  0,  0,  0,  0,  0,  0,  0, 12,  0,  0, 10,  0, ],
[ 0,  0,  0,  0,  0,  0,  0,  0,  0,  0,  0,  0,  9,  0,  0,  0,  0,  0,  0,  0,  0,  0,  0,  0, ],
[ 0,  0,  0,  0,  0,  0, 14,  0,  0,  0,  0,  4,  0,  0,  0,  0,  0,  0,  0,  0,  0,  0,  0,  0, ],
[ 0,  0,  0,  0,  0,  9,  0,  0,  0,  0,  0,  0,  0, 13,  0,  0,  0,  0,  0,  0,  0,  4,  0,  0, ],
[ 0,  0,  0,  0,  4,  0,  0,  0,  0,  0,  0,  0,  0,  0,  0,  0,  0,  0,  0,  0,  0,  0,  0,  0, ],
[ 0,  0,  0,  0,  0,  0,  0,  0,  0,  0,  1,  6,  0,  0,  0,  0,  0,  0,  0,  0,  9,  3,  0,  0, ],
[ 9,  0,  0,  0,  0,  0,  0,  5, 12,  0,  0,  0,  0,  0,  0,  0,  0,  0,  0,  0,  2,  0,  0,  0, ],
[ 0,  0,  0,  0,  0,  0,  0,  0,  0,  0,  0,  0,  6,  0,  0,  0,  0,  0,  0,  0,  0,  0,  0,  9, ],
[ 0,  0,  7,  0,  0,  0,  0,  0,  0,  0,  0,  0,  0,  0,  0,  0,  0,  0,  0,  0,  6,  0,  0,  0, ],
[ 0,  0,  0,  0,  0, 10,  0, 14,  0,  0,  0,  0,  0,  0,  0,  9,  9,  0,  0,  0,  0,  0,  0,  0, ],
[ 0,  0,  0,  0,  0,  0,  0,  0,  0,  0,  0,  0,  0,  0,  0,  0,  0,  0,  0,  0,  0,  0,  0,  0, ],
[ 0,  0,  0,  0,  0,  0, 10,  0,  0,  0,  0,  0,  0,  0,  0,  0,  0,  0,  0,  9,  0,  2, 11,  0, ],
[ 0,  0,  0,  0,  0,  0,  0,  0,  0,  0,  0,  0,  0,  0,  4,  0,  0,  0,  0,  0,  0,  0,  0,  0, ],
[ 0,  2,  0,  0,  0,  0,  0,  0,  0,  0,  0,  0,  0,  0,  0,  0,  5,  0,  0,  0,  0, 13,  0,  0, ],
[ 0,  0,  0,  0,  0,  0,  9,  0,  0,  0,  0,  0,  0,  0,  0,  0,  0,  0,  0,  0,  0,  0,  0, 10, ],
[ 0,  0,  0,  0,  7,  0,  2,  0,  0,  0,  0,  0, 11,  0,  0,  0,  0,  0,  0,  0, 12,  0,  0,  0, ],
[ 0,  0,  0,  0,  0,  0,  0,  0,  0,  0,  0,  3,  0,  0,  0,  0,  0,  0,  0,  0,  0,  0,  0,  0, ],
[ 0,  5,  0, 13,  0,  0,  0,  5,  0,  0,  0,  0,  0,  0,  0, 13,  0,  0,  0,  0,  0,  0,  0,  0, ],
[ 5,  0,  0,  0,  0,  0,  0,  0,  4,  0,  0,  0,  0,  1,  0,  0,  0,  0,  3, 10,  0,  0,  0,  0, ],
[ 0,  0,  0,  0,  0,  6,  0,  0,  0,  0,  0,  0,  0,  0,  0,  0,  0,  0,  0,  0,  0,  0,  0,  0, ],
[ 0,  0,  0,  0,  9,  0,  0,  0,  0,  0,  0,  0, 11, 11,  0,  0,  0,  0,  0,  0,  0,  0,  1,  0, ],


[-0.7312, 0.1215, ],
[0.3993, 0.6543, ],
[-0.6427, -0.3924, ],
[0.3613, 0.3597, ],
[0.1810, 0.3330, ],
[-0.4692, 1.0000, ],
[0.8265, -0.2956, ],
[-0.5787, 1.0000, ],
[-0.2025, 0.7687, ],
[-0.3228, 0.3952, ],
[0.5171, 0.0189, ],
[0.0991, 0.9442, ],
[-0.2038, 0.7202, ],
[0.3192, -0.0073, ],
[0.5063, 0.2089, ],
[0.8411, -0.2774, ],
[-0.0233, 1.0000, ],
[0.0696, 0.1965, ],
[0.6457, -0.0784, ],
[-0.1301, -0.2208, ],
[0.0900, 0.6467, ],
[-0.9915, 0.2884, ],
[0.3587, 0.1465, ],
[-0.6863, -1.0000, ],
[0.2640, 0.7418, ],
[0.0353, 0.2397, ],
[0.5163, 0.8336, ],
[0.1843, -0.2706, ],
[0.4349, 0.9133, ],
[-0.1637, -0.7779, ],
[0.0209, 0.4894, ],
[-0.0235, 0.4126, ],
[0.2607, 0.7631, ],
[0.4750, 0.6702, ],
[-0.8966, -0.0985, ],
[-0.1809, -0.1422, ],
[0.1403, -0.4957, ],
[0.6983, -0.0280, ],
[0.4451, 0.4161, ],
[0.9439, 0.4545, ],
[0.3243, 0.8088, ],
[-0.0214, -0.5048, ],
[0.3320, 0.7050, ],
[0.0962, -0.0760, ],
[0.1593, -0.5164, ],
[0.2423, -0.4839, ],
[-0.5499, 0.1533, ],
[-0.0211, -1.0000, ],
[-0.9405, 0.5332, ],
[-0.0053, -0.6354, ],
[-0.5474, -0.2085, ],
[0.0804, 0.0150, ],
[0.1236, -0.1681, ],
[-0.5181, 0.8220, ],
[0.2045, -0.1939, ],
[0.2966, -0.3455, ],
[-0.7643, -0.0377, ],
[0.3906, 0.3441, ],
[-0.8141, 0.4906, ],
[-0.3171, 1.0000, ],
[0.5190, -0.1557, ],
[0.0959, -0.1366, ],
[-0.0224, -0.0738, ],
[-0.6954, 0.7009, ],
[0.6573, -0.0340, ],
[0.2442, 0.6534, ],
[0.1875, -0.4853, ],
[0.6543, -0.1678, ],
[-0.5936, 0.9222, ],
[0.7419, 0.6895, ],
[0.5260, -0.9061, ],
[-0.4425, 0.2664, ],
[-0.4613, 0.5147, ],
[0.8824, 0.8237, ],
[-0.2180, -0.3740, ],
[0.4345, -0.3877, ],
[0.8024, 0.7796, ],
[-0.9469, 0.9882, ],
[-0.0542, 0.0154, ],
[-0.0502, -0.0703, ],
[0.4891, 0.7798, ],
[-0.3547, -0.2502, ],
[0.3140, -0.1437, ],
[0.0451, 0.2650, ],
[-0.1713, -0.5627, ],
[-0.2645, 0.8741, ],
[0.8314, -0.5063, ],
[-0.3070, -0.4541, ],
[-0.1423, -0.9977, ],
[-0.0202, -0.9437, ],
[-0.2216, 0.5593, ],
[-0.9655, -0.0491, ],
[-0.1894, 0.5829, ],
[-0.5850, 0.4676, ],
[-0.1560, -0.8775, ],
[-0.6191, -0.8865, ],
[-0.6067, 0.5193, ],
[0.4368, -0.3203, ],
[-0.6795, 0.0067, ],
[0.5400, -0.7926, ],


[5.0000, ],
[3.0000, ],
[3.0000, ],
[2.0000, ],
[4.0000, ],
[3.0000, ],
[10.0000, ],
[2.0000, ],
[1.0000, ],
[5.0000, ],
[7.0000, ],
[14.0000, ],
[2.0000, ],
[0.0000, ],
[10.0000, ],
[5.0000, ],
[14.0000, ],
[1.0000, ],
[5.0000, ],
[0.0000, ],
[11.0000, ],
[7.0000, ],
[15.0000, ],
[9.0000, ],
[3.0000, ],
[4.0000, ],
[3.0000, ],
[4.0000, ],
[4.0000, ],
[1.0000, ],
[7.0000, ],
[4.0000, ],
[7.0000, ],
[14.0000, ],
[12.0000, ],
[4.0000, ],
[5.0000, ],
[10.0000, ],
[6.0000, ],
[3.0000, ],
[5.0000, ],
[4.0000, ],
[10.0000, ],
[0.0000, ],
[7.0000, ],
[2.0000, ],
[1.0000, ],
[9.0000, ],
[11.0000, ],
[3.0000, ],
[9.0000, ],
[6.0000, ],
[6.0000, ],
[4.0000, ],
[4.0000, ],
[3.0000, ],
[3.0000, ],
[4.0000, ],
[2.0000, ],
[4.0000, ],
[11.0000, ],
[0.0000, ],
[2.0000, ],
[3.0000, ],
[7.0000, ],
[9.0000, ],
[5.0000, ],
[5.0000, ],
[10.0000, ],
[9.0000, ],
[14.0000, ],
[14.0000, ],
[5.0000, ],
[19.0000, ],
[3.0000, ],
[18.0000, ],
[0.0000, ],
[7.0000, ],
[8.0000, ],
[17.0000, ],
[3.0000, ],
[6.0000, ],
[9.0000, ],
[2.0000, ],
[9.0000, ],
[10.0000, ],
[6.0000, ],
[6.0000, ],
[14.0000, ],
[0.0000, ],
[12.0000, ],
[2.0000, ],
[7.0000, ],
[7.0000, ],
[12.0000, ],
[2.0000, ],
[12.0000, ],
[11.0000, ],
[3.0000, ],
[12.0000, ],


