[ 0,  0,  3,  0,  0,  0,  0,  0,  0,  0,  2,  0,  0,  0,  0,  0,  0,  0,  0,  0,  0,  0,  0,  0, ],
[ 0,  0,  0,  0,  0,  0,  0,  0,  0,  0,  7,  0,  0,  0,  0,  0,  0,  0,  0,  0, 10,  0,  0,  0, ],
[ 0,  0,  0,  0,  0,  0,  0,  0,  0,  0,  0,  0,  0,  0,  0,  0,  0,  0,  0,  0,  0,  0,  0,  0, ],
[ 0,  0,  0,  0,  0,  0,  0,  0,  0,  0,  0,  0,  5,  0,  0,  0,  0,  0,  0,  0,  0,  0,  0,  0, ],
[ 0,  0,  0,  9,  0,  7,  0,  0,  0,  0,  0,  0,  0,  1,  0,  0,  0,  0,  0,  0,  0,  0,  3,  0, ],
[ 0,  0,  0,  0,  0,  0,  0,  0,  0,  0,  0,  7,  5,  0,  0,  0,  0,  0,  0,  0,  0,  0,  0,  0, ],
[ 0,  0,  0, 13,  0,  0,  0,  0,  0,  0,  0,  0,  4,  0,  0,  0,  6,  0,  0,  0,  0,  0,  0,  0, ],
[ 0,  0,  0,  0,  0,  0,  0,  8,  0,  0,  0,  0,  0,  0,  0,  0,  0,  0,  7,  0,  0,  0,  0,  0, ],
[ 0,  0,  0,  0,  0,  0,  0,  0,  0,  0,  0,  0,  0,  0,  0,  0,  0,  0,  0,  1,  0,  0,  0,  0, ],
[ 0,  0,  0,  0,  0,  8,  0,  0,  0,  0,  0,  0,  0,  0,  9,  0,  0,  0,  0,  0,  0,  0,  0,  0, ],
[ 0,  0,  0,  0,  0,  0,  0,  0,  4,  0,  0,  0,  0,  0,  0,  0,  0,  0,  0,  0,  0,  0, 12,  0, ],
[ 0,  0,  0,  0,  0,  0,  0,  0,  6,  0,  0,  0,  2,  0,  0,  0,  0,  0,  0,  0,  0,  4,  0,  0, ],
[ 0,  0,  0,  0,  0,  0,  0,  0,  0,  0,  0,  0,  7,  0,  0,  9,  0,  0,  0,  0, 13,  0,  0,  0, ],
[ 0,  0,  0,  0,  1,  0,  0,  0,  0,  0,  0,  0, 13,  0,  8,  0,  0,  5,  0,  0,  4,  0,  0,  0, ],
[ 0,  0,  0,  0,  0,  0,  0,  0,  0,  0,  0,  0,  0,  0,  0,  0,  0,  0,  0,  0,  0,  0,  0,  0, ],
[ 2,  0,  0,  0,  0,  0,  0,  0,  0,  0,  0,  0,  0,  0,  0,  0,  0,  0,  0,  0,  0,  0,  0,  0, ],
[ 0,  2,  0, 11,  0,  0,  0,  0,  0,  0,  0,  0,  2, 12,  0,  0,  0,  0,  0,  0,  0,  0,  9,  0, ],
[ 0,  0,  0,  0,  0,  0,  0,  0,  2,  0,  0,  0,  0,  0,  0,  0,  0,  0,  0,  0,  0,  0,  1,  0, ],
[ 0,  0,  0,  0,  0,  0,  0,  0,  0,  6,  0,  0,  0,  0,  0,  0,  0,  0,  0,  0,  0,  0,  1,  0, ],
[ 0, 14,  2,  0,  0,  0, 14,  0,  0,  0,  0,  0,  0,  0,  0,  0,  0,  0,  0,  0,  5,  0,  0,  0, ],
[ 0,  0,  0,  0,  0,  0,  0,  0,  0,  0,  0,  0,  0,  0,  0,  4,  0,  0,  0,  0,  0,  0,  0,  0, ],
[ 0,  0,  0,  0,  0,  0,  0,  0,  0,  0,  0,  0,  0,  0,  0,  0,  0,  0,  0,  0,  0,  0,  0,  0, ],
[ 0,  0,  0,  0,  0,  0,  0,  0,  0,  0,  0,  0,  0,  0,  0,  0,  0,  0,  0,  0,  0, 11,  0,  0, ],
[ 3,  0,  0,  0,  6,  0,  2,  0,  0,  0,  0,  0,  7,  0,  0,  0,  0,  0,  0,  0,  0,  0,  0,  0, ],
[ 1,  0,  0,  0,  0,  0,  0,  0,  0,  7,  0,  0,  0,  0,  0,  0,  0,  0,  0,  0,  0,  0,  0,  0, ],
[ 0,  0,  0,  2,  0,  8,  0,  0,  0,  0,  0,  0,  0,  0,  7,  0,  0,  0,  0,  0,  0, 12,  0,  0, ],
[ 0,  0,  0,  0,  4,  0,  0,  0,  0, 13, 11,  0,  0,  0,  0,  0,  0,  0,  0,  0,  0,  0,  0,  0, ],
[ 0,  0,  0,  0,  0,  0,  0,  0,  0,  0,  0,  0,  0, 12,  0,  0,  0,  0,  0,  0,  0,  0,  0,  0, ],
[ 0,  0,  0,  6,  0,  0,  0,  0,  0,  0,  0,  0,  0,  0,  0,  0,  0,  0,  0,  0,  0,  0,  0,  0, ],
[ 0,  0,  9,  5,  0,  0,  0,  0,  0,  0,  0,  0,  0,  0,  0,  0,  0,  0,  0,  0,  0,  0,  0,  0, ],
[ 0,  0,  0,  0,  0,  0, 13,  0,  0,  0,  0,  0, 12,  0,  0,  0,  0,  0, 14,  1,  0,  0,  0,  0, ],
[ 0,  0,  0,  0,  0,  0,  0,  0,  0,  0,  0,  0,  0,  0,  0,  0,  0,  0,  0,  0,  0,  0,  0,  0, ],
[ 0,  0,  0,  0,  0,  0,  0,  0,  0,  0,  0, 10,  0,  0,  0,  0,  0,  0,  0,  0,  0,  0,  0,  0, ],
[ 0,  0,  0,  0,  0,  0,  0,  0,  0,  0,  0,  0,  0,  0,  0,  0,  0,  0,  0,  0,  0,  0,  0,  0, ],
[ 0,  0, 13,  0,  0,  0,  0,  0,  0,  0,  6,  0,  0,  0,  0,  0,  0,  0, 12,  0,  0,  0,  0,  0, ],
[ 0,  0, 11,  0,  0,  0,  0,  0,  0,  8,  0,  0,  0, 11,  9,  0,  0,  0,  2,  0,  0,  0,  0,  0, ],
[ 0,  0,  0,  0,  0,  0,  0,  0,  0,  9,  0,  0,  0,  0,  0,  0,  0,  2,  4,  0,  0,  0,  0,  0, ],
[ 0,  0,  0,  0,  0,  0,  0,  0,  0,  0,  0,  0,  0,  0,  0,  0,  3,  0,  0,  0,  3,  0,  8,  0, ],
[ 0,  0,  0,  0,  0,  0,  0,  0,  0,  0,  0,  0,  0,  0,  0,  0,  0,  0,  0,  2,  0,  7,  0,  0, ],
[ 2,  0,  0,  0,  0,  0,  0,  0,  0,  0,  0,  0,  0,  0,  0,  2,  0,  0,  7,  0,  0,  0,  0,  5, ],
[ 0,  0,  0, 11,  0,  0,  0,  0,  0,  0,  0,  0,  0,  0,  0,  0,  5,  0,  0,  0,  0,  8,  0,  6, ],
[ 0,  0, 13,  0,  0,  0,  0,  0,  0,  0,  0,  0,  0,  1,  0,  0,  0,  1,  2,  0,  0,  0,  0,  5, ],
[ 0,  0,  0,  0,  0,  0,  0,  0,  0,  0, 11,  0,  0,  0,  0,  3,  1,  0,  0,  0,  0,  4,  0,  0, ],
[ 0,  0,  0,  0,  0,  0,  0,  0,  0,  0,  1,  0,  0,  0,  0,  0,  0,  0,  0,  0,  0,  0,  0,  0, ],
[ 0,  0,  0,  0,  0,  0,  0,  0, 11,  0,  0,  0,  0,  0,  0,  0,  0,  0,  0,  0,  0,  0,  0,  0, ],
[ 0,  0,  0,  0,  0,  0,  0,  0,  0,  0,  0,  0,  0,  0,  0,  1,  0, 13, 14,  0,  0,  0,  3,  0, ],
[ 0,  0,  0,  0,  0,  0,  0,  0,  0,  0,  0,  0, 13,  0,  3,  0,  0,  0,  0,  0,  0,  0,  0,  0, ],
[ 0,  0,  0,  0,  0,  0,  0,  0,  0,  0,  0,  0,  0,  0,  0,  0,  0,  0,  0,  0,  0,  0,  0,  0, ],
[ 9,  0, 11,  9,  0,  0,  0,  0,  0,  0,  0,  0,  0,  0,  0,  0,  0,  0,  0,  0,  0, 12,  0,  0, ],
[ 0,  0,  2,  0,  0,  0,  0,  0,  0,  0,  0,  0,  0,  0,  0,  0,  0,  0,  0,  0,  0,  0,  9,  0, ],
[ 0,  0,  0,  0,  0,  0,  0,  0,  0,  0,  0,  0,  5,  0,  0,  0,  0,  0,  0,  0,  0,  0,  0,  0, ],
[ 0,  0,  0,  0,  0,  0, 14,  0,  0,  0,  0,  0,  0,  0,  0,  9,  0, 12,  0,  0,  0,  0,  0,  0, ],
[ 0,  0,  0,  0,  0,  0,  0,  0,  0,  0,  0,  0,  0, 10, 10,  3,  9, 10,  0,  0,  0,  4,  0,  0, ],
[ 3,  0,  0,  0,  0,  0,  0,  0,  0, 14,  0,  0,  0,  0,  7,  0,  0,  0,  0, 12,  0,  3,  0,  0, ],
[ 0,  1,  5,  0,  0,  0,  0,  0,  0,  0,  0, 14,  0,  0,  0,  0,  0,  0,  0, 10,  0,  0,  0,  0, ],
[ 0,  0,  0,  0,  0,  0,  2,  0,  0,  0,  0,  0,  0,  0,  0,  7,  0,  0,  0,  0,  0,  0,  0,  0, ],
[ 0,  0,  7,  0,  0,  0,  0,  0,  0,  0,  0,  0,  0,  0,  0,  0,  0,  0,  0,  0,  0,  0,  0,  0, ],
[ 0,  0,  0,  0,  0,  0,  0,  0,  0,  0, 12,  0,  0,  0,  0,  0,  0, 10,  0,  0,  0,  0,  0,  0, ],
[ 0,  0,  0,  0,  0,  0,  0,  0,  0,  0,  0,  0,  0,  0,  0,  0,  0,  0, 12,  0,  0,  0,  0,  0, ],
[ 0,  0,  0, 12, 12,  0,  0,  0,  0,  2,  0,  0,  0,  0,  0,  0,  0,  0,  0,  0,  0,  0,  0,  0, ],
[ 0,  0,  0,  0,  0,  0,  0,  0, 10,  0,  0, 10,  0,  0,  0,  0,  0,  0,  0,  0,  0,  0,  0,  0, ],
[ 0,  0,  0,  0,  0,  0,  0,  0,  0,  0,  0,  0,  0,  0,  0,  0,  0,  0,  0,  0,  0,  0,  0,  0, ],
[ 0,  0,  0,  0,  0,  0,  0,  0,  0,  0,  0,  0,  0,  0,  0,  0,  0,  0,  0,  2,  0,  0,  0,  0, ],
[ 0,  0,  0,  0,  0,  0,  0,  0,  1,  0,  0,  0,  0,  0,  0,  0,  0,  0,  0,  0,  0,  0,  0,  0, ],
[ 0,  0,  0,  0,  0,  0,  0,  0,  0,  0,  0,  0,  0,  0,  0,  0,  0,  0, 11,  0,  0,  0,  0, 12, ],
[ 0,  0,  0,  0,  8,  0,  0,  0,  0,  0,  0,  0,  0,  0,  0,  0,  0,  0,  0,  0,  0,  0,  0,  0, ],
[ 5,  0,  0,  0,  0,  0,  0, 11,  0,  0,  0,  0,  9,  0,  0,  0,  0,  0,  0,  7,  0,  0,  0,  0, ],
[ 0,  0,  0,  0,  0,  0,  0,  0,  0,  0,  2,  0,  4,  0,  0,  0, 12,  0,  0,  0,  0,  0,  0,  0, ],
[ 0,  0,  0,  0,  0,  0,  0,  0,  0,  0,  0,  0,  0,  0,  0,  0,  0,  0,  0,  0,  0,  0,  0,  0, ],
[ 0,  0,  0,  0,  0,  0,  0,  0,  0,  6,  0,  0,  0,  0,  0,  6,  0,  0,  0,  0,  0,  0,  0,  0, ],
[ 0,  0,  0,  0,  0,  0,  0,  0,  0,  0,  0,  7,  0,  0,  0,  0,  0,  0,  0,  0,  0,  0, 12,  0, ],
[ 5,  3,  0,  0,  0,  8,  0,  0,  0,  0,  0,  0,  0, 11,  0,  0,  0,  0,  0,  0,  0,  0,  0,  0, ],
[ 0,  0,  0,  0,  0,  0,  0,  0,  0,  0,  0,  0,  8,  0,  0, 12,  0,  0,  0,  0,  0,  0,  0, 13, ],
[ 0,  0,  3,  0,  0,  0,  4,  0,  0,  0,  0,  0,  0,  0,  0,  0,  0,  0,  8,  6,  0,  0,  0,  0, ],
[ 0,  0,  0,  0,  0,  0,  0,  0,  0,  8,  0,  0,  0,  0,  0,  0,  1,  0,  0,  0,  0,  0,  0,  0, ],
[ 0,  0,  0,  0,  0,  0,  0,  0,  0,  0,  0,  0,  0,  0,  0,  0,  0,  4,  0,  0,  0, 12,  0,  0, ],
[ 0,  0,  2,  0,  0,  0,  0,  0,  0,  0,  9,  0,  0,  0,  0,  0,  0,  0,  0,  0,  3,  0,  0,  0, ],
[ 0,  3,  0,  0,  0,  0,  0,  0,  0,  0,  0,  0,  0,  7,  0, 12,  0,  0,  0,  0,  0,  0,  0,  0, ],
[ 0,  0,  0,  0,  0,  0,  0,  0,  0,  0,  0,  0,  0,  0,  0,  0,  5,  0,  0,  0,  0,  1,  0,  0, ],
[ 0,  0,  0,  9,  0,  4,  0,  0,  0,  0,  4,  0,  0,  0,  0,  0,  0,  0,  0,  0,  0,  0,  0,  0, ],
[ 0,  0, 10,  0,  0,  0,  0,  0,  4,  0,  0,  0,  0,  4,  0,  0,  0,  0,  6,  0,  0,  0, 13,  0, ],
[ 0,  0,  0,  0,  0,  0,  0,  0,  0,  0,  0,  0,  0,  0,  0,  0,  0,  0,  0,  0,  0,  0,  0,  0, ],
[ 0, 14,  0,  0,  0,  0,  7,  0,  0,  0,  0,  0,  0,  0,  0,  0,  9,  0,  0,  0,  0,  0,  0,  0, ],
[ 0,  0,  0,  0,  0,  0,  0,  0,  0,  1,  2,  0,  0,  0, 14,  0,  0,  0,  0,  0,  0,  0,  0,  9, ],
[ 7,  2,  0,  0,  0,  0,  4,  0,  0,  0,  0,  0,  0,  0,  0,  0,  0,  0,  4,  0,  0,  2,  0,  0, ],
[ 0,  0,  0,  0,  0,  0,  0,  0,  4,  8,  0,  7,  0,  0,  0,  0,  0,  0,  0,  0,  0,  0,  0,  0, ],
[12,  0,  3,  0,  0,  0,  0,  0,  0,  0,  0,  0,  0,  0,  0,  0,  0,  0,  0,  0,  0,  0,  0,  0, ],
[ 0,  0,  0,  0,  0,  0,  0,  9,  0,  0,  0,  0,  0,  0,  0,  0,  0,  0,  0,  0,  0,  0,  0,  0, ],
[ 0,  0,  0,  0,  0,  0,  0,  0,  0,  0,  0,  0,  0,  0,  2,  0,  0,  0,  0,  0,  0,  0,  3,  0, ],
[ 0,  0,  0,  0,  0,  0,  0,  0,  0,  0,  0,  0,  0,  0,  0, 12,  0, 14,  0,  4,  0,  0,  0,  0, ],
[ 1,  0,  0,  0,  0,  0,  0,  0,  0,  0,  0,  0,  0,  0,  0, 12,  0,  0,  0,  0,  0,  0,  4,  0, ],
[ 0,  0,  0,  0,  0,  0, 12,  0,  9,  0,  0, 12,  0,  0,  0, 12,  0,  0,  0,  0,  0,  0,  0,  0, ],
[ 0,  0,  0,  2, 14,  0,  0,  0,  0,  0,  0,  0,  0,  0,  0,  0,  0,  0, 12,  0,  0,  0,  0,  0, ],
[ 0,  0,  0,  0,  0,  0,  0,  0,  0,  0,  0,  0,  0,  0, 11,  0,  5,  0,  0,  0,  0,  0,  0,  0, ],
[ 0,  0,  0,  0,  0,  0,  0,  0,  0, 12,  0,  0,  0,  0,  0,  0,  0, 10,  0,  0,  0,  0,  0,  0, ],
[ 0,  0,  0,  0,  0,  0,  0,  0,  0,  0, 11, 11,  0,  0, 12,  0,  2,  0,  9,  0,  0,  0,  0,  0, ],
[13,  0,  0,  0,  0,  0,  0,  0,  0,  0,  0,  0,  0,  0,  0,  0,  0, 13,  0,  3,  0,  0,  0,  0, ],
[10,  0,  0,  0,  0,  0,  0,  0,  0,  0,  0,  0,  0,  5,  0,  0,  0,  0,  0,  8,  0,  0,  0,  0, ],
[ 0,  0,  0,  0,  0,  3,  0,  0,  0,  0,  0, 11,  0, 11,  0,  0,  0,  0,  0,  0,  0,  0,  0,  0, ],
[ 0,  0,  0,  0,  8,  0,  8,  0,  0, 13,  0,  0,  0,  0,  0,  0,  0,  0,  0,  0,  0,  0,  0,  0, ],


[-0.0785, -0.2518, ],
[-0.5679, 1.0000, ],
[-0.4672, -0.2192, ],
[0.7471, -0.5553, ],
[0.8887, 0.9019, ],
[0.4936, -0.9342, ],
[-0.5500, 0.8082, ],
[0.5040, 0.0072, ],
[0.5663, 0.6776, ],
[-0.2495, -0.0641, ],
[0.4109, 0.4409, ],
[0.2135, -0.4763, ],
[0.4063, 0.7341, ],
[0.4698, 0.8000, ],
[0.9502, -0.3332, ],
[0.2850, 0.3803, ],
[0.8431, 0.2007, ],
[-0.1708, -0.8279, ],
[0.5386, -0.2859, ],
[0.2915, -0.2208, ],
[-0.2538, 0.6245, ],
[-0.3488, -0.5201, ],
[0.1560, 0.6844, ],
[-0.8909, -0.5905, ],
[0.5734, 0.7504, ],
[0.9128, 0.4289, ],
[0.8876, -0.4814, ],
[-0.4422, -0.0913, ],
[0.3225, -0.3452, ],
[0.6359, 0.6758, ],
[0.2960, -0.7403, ],
[-0.0382, 0.0714, ],
[-0.4839, 0.0018, ],
[0.7801, 0.2209, ],
[0.2649, 0.0521, ],
[-0.8660, 0.9946, ],
[-0.8453, -0.9512, ],
[-0.4234, -0.3201, ],
[0.0265, 0.5655, ],
[-0.4097, -0.0963, ],
[0.5961, 0.5783, ],
[1.0000, 0.0414, ],
[1.0000, 0.0849, ],
[0.3217, -0.7831, ],
[0.1888, -0.0881, ],
[0.4724, 0.1141, ],
[0.8178, 0.2164, ],
[-0.3863, -0.9911, ],
[0.5131, 0.7268, ],
[0.3531, 0.5853, ],
[0.0755, -0.6757, ],
[0.0717, -0.5445, ],
[0.4195, 0.9892, ],
[-0.1503, 0.0729, ],
[-0.2312, -0.8228, ],
[0.8255, -0.1024, ],
[-0.4357, 0.4592, ],
[-0.8719, 0.1120, ],
[-0.7229, 0.3161, ],
[-0.1628, -0.0423, ],
[0.1015, 0.0881, ],
[0.1143, 0.9121, ],
[-0.5085, 0.7529, ],
[-0.3918, -0.6997, ],
[0.7443, -0.1960, ],
[-0.3260, 0.3904, ],
[0.4379, 0.7807, ],
[0.7796, 0.4792, ],
[0.1353, 0.9831, ],
[-0.6608, 0.8351, ],
[-0.7841, 0.5414, ],
[-0.9376, 0.0861, ],
[0.7342, 0.3864, ],
[-0.0325, 0.4747, ],
[-0.9182, 0.6298, ],
[0.4989, -0.8539, ],
[0.3664, 0.4841, ],
[-0.9622, 1.0000, ],
[0.3020, -0.1443, ],
[0.9746, -0.6210, ],
[0.0360, 0.3360, ],
[0.2571, 0.6771, ],
[0.2637, -0.1437, ],
[0.3581, -1.0000, ],
[0.0068, -0.9452, ],
[-0.7060, 0.3930, ],
[-0.4330, 0.9942, ],
[-0.3070, 0.6067, ],
[-0.3512, -0.7619, ],
[0.0260, -0.1133, ],
[0.6266, 0.5043, ],
[0.2871, -0.5029, ],
[-0.3043, 0.8267, ],
[0.4093, 0.4997, ],
[-0.8056, 0.6244, ],
[-0.6266, -0.3936, ],
[0.1074, 0.6388, ],
[0.0836, -1.0000, ],
[0.7756, -0.7550, ],
[0.0266, -0.8958, ],


[3.0000, ],
[7.0000, ],
[0.0000, ],
[2.0000, ],
[9.0000, ],
[5.0000, ],
[9.0000, ],
[6.0000, ],
[1.0000, ],
[6.0000, ],
[6.0000, ],
[6.0000, ],
[10.0000, ],
[12.0000, ],
[0.0000, ],
[1.0000, ],
[13.0000, ],
[2.0000, ],
[4.0000, ],
[11.0000, ],
[2.0000, ],
[0.0000, ],
[4.0000, ],
[9.0000, ],
[4.0000, ],
[11.0000, ],
[10.0000, ],
[4.0000, ],
[3.0000, ],
[5.0000, ],
[13.0000, ],
[0.0000, ],
[4.0000, ],
[0.0000, ],
[11.0000, ],
[15.0000, ],
[6.0000, ],
[7.0000, ],
[4.0000, ],
[7.0000, ],
[12.0000, ],
[9.0000, ],
[9.0000, ],
[1.0000, ],
[4.0000, ],
[11.0000, ],
[6.0000, ],
[0.0000, ],
[14.0000, ],
[4.0000, ],
[2.0000, ],
[11.0000, ],
[19.0000, ],
[15.0000, ],
[11.0000, ],
[4.0000, ],
[3.0000, ],
[8.0000, ],
[4.0000, ],
[9.0000, ],
[8.0000, ],
[0.0000, ],
[1.0000, ],
[1.0000, ],
[8.0000, ],
[3.0000, ],
[12.0000, ],
[7.0000, ],
[0.0000, ],
[6.0000, ],
[7.0000, ],
[11.0000, ],
[11.0000, ],
[10.0000, ],
[4.0000, ],
[6.0000, ],
[6.0000, ],
[9.0000, ],
[3.0000, ],
[7.0000, ],
[15.0000, ],
[0.0000, ],
[10.0000, ],
[9.0000, ],
[9.0000, ],
[8.0000, ],
[6.0000, ],
[3.0000, ],
[3.0000, ],
[10.0000, ],
[7.0000, ],
[15.0000, ],
[9.0000, ],
[6.0000, ],
[8.0000, ],
[16.0000, ],
[10.0000, ],
[9.0000, ],
[10.0000, ],
[10.0000, ],


