[ 4,  0,  0,  0,  0,  0,  0,  0,  0, 10,  0,  0,  0,  9,  0,  0,  0,  9,  0,  0,  0,  0,  0,  0, ],
[ 0,  0,  0,  0,  0,  0,  0,  0,  0,  0,  0,  0,  0,  0,  0,  0,  0,  0,  0,  0,  0,  0,  0,  0, ],
[ 0,  0,  0,  0,  0,  0,  9,  0,  0,  2,  6,  0,  0,  8,  0,  0, 13, 14,  0,  0,  0,  2,  0,  0, ],
[ 0,  0,  0,  0,  0,  0, 11,  0,  0,  0,  0, 12,  0,  0,  0,  0, 10,  0,  0,  0,  0,  0,  0,  0, ],
[ 4,  0,  0,  0,  0,  0,  0,  0,  0,  9,  0,  0,  0,  0,  0,  0,  0,  0, 14,  0,  0,  0,  6,  0, ],
[ 0,  0,  0,  0,  0,  0,  0,  0,  0,  0,  0,  0,  0,  0,  9,  0,  0,  7,  0,  0,  0,  0,  0,  2, ],
[ 0,  0,  0,  0,  0, 13,  0,  0,  0,  0,  0,  0,  1,  0,  0,  0,  0,  0,  0,  0,  0,  0,  0,  0, ],
[ 0,  0,  0,  0,  0,  0,  0,  0,  6,  0, 10,  0,  0,  0,  0,  0,  0,  0,  0,  0,  0,  0,  0,  0, ],
[ 0,  0,  0,  0,  0,  0,  0,  7,  0, 13,  0,  0,  0,  0,  0,  0,  0,  0,  0,  0,  0,  0, 14,  0, ],
[ 0,  0,  0,  0,  0,  0,  6,  0,  0,  0,  0,  0,  0,  0,  0,  0,  0,  0,  0,  0,  0,  0,  0,  0, ],
[ 0,  0,  4,  0,  0,  0,  0,  0,  5,  0,  0,  0,  1,  0,  0,  0,  0,  0,  3,  5,  0,  0,  0,  0, ],
[ 0,  0,  0,  0,  0,  0,  0,  0,  0,  0,  0,  0,  0, 14,  1, 13,  0,  0,  0,  0,  0,  0,  0,  0, ],
[ 0,  0,  0,  0,  0,  0,  0,  0,  1,  0,  0,  0,  0,  0,  0,  0,  0,  0,  8,  0,  0,  0,  6,  0, ],
[ 0,  8,  0,  0,  2,  0,  0,  2,  0,  0,  0,  0,  0,  9,  0,  0, 12,  0,  4,  0,  0,  0,  0,  0, ],
[ 0,  0,  0,  0,  0,  0,  0,  0,  0,  0,  0,  0,  0,  0,  0,  0,  0,  0,  0,  0,  0,  1,  0,  0, ],
[ 0,  0,  0,  0,  0,  0,  8,  0,  0,  0,  0,  0,  0, 13,  0,  0,  0,  0,  0,  0,  0,  0,  0,  0, ],
[ 0,  8,  0,  0,  0,  0,  0,  0,  0,  0,  0,  0,  7,  0,  2,  0,  0,  0,  0,  0,  0,  0,  0, 13, ],
[ 0,  0,  0,  0,  0,  0,  0,  0,  0,  0,  0,  9,  0,  0,  0,  0,  0,  0,  0,  0,  0,  0,  0,  0, ],
[ 0,  0,  0,  0,  0,  0,  0,  0,  0,  0,  0,  0,  0,  0,  0,  2,  0,  0,  0,  0,  0,  0,  5,  0, ],
[ 0,  0,  0,  0,  0,  0,  0,  0,  0,  0,  0,  0,  0,  0,  0,  0,  0,  0,  0,  0,  0,  0,  0,  0, ],
[ 0,  0,  0,  0,  0,  0,  0,  0,  0,  0,  0,  0,  0,  0,  0,  0,  0,  0,  0,  0, 14,  0,  0,  0, ],
[ 0,  0,  0,  0,  0,  0,  0,  0,  0,  0,  0,  0,  0,  0,  0,  0,  0,  2,  0,  0,  0,  0,  0,  0, ],
[ 0,  0,  0,  0,  0,  0,  0,  0, 10,  0,  0,  0,  0,  0,  0,  0,  0,  0,  0,  0,  0,  0,  0,  0, ],
[ 0,  0,  8,  0,  0,  0,  0,  0,  0,  0, 14, 14,  0,  0,  0,  0,  0,  0,  0,  0,  0,  0,  0,  0, ],
[ 0,  0,  0,  0,  0,  0,  0,  9,  8,  0,  0,  0,  0,  0,  0,  0,  0,  0,  0,  0,  0,  0,  8,  0, ],
[ 0,  0,  0,  0,  0,  0,  0,  0, 11,  0,  0, 12,  0,  0,  0,  0,  0,  0,  0,  0,  0,  0,  0,  0, ],
[ 0,  0,  0,  0,  0,  0,  8,  0,  0,  8,  0,  0,  0,  0,  0,  0,  0,  0,  0,  0,  0,  0,  0,  0, ],
[ 0,  0,  0,  0,  0,  0,  0,  0,  0,  0,  0,  0,  0,  0,  0,  0,  0,  0,  0,  0,  0,  0,  0,  0, ],
[ 0,  0,  0,  0,  0,  0,  0,  0, 13,  0,  0,  0,  0,  0,  0,  0,  0,  0,  0,  0,  0,  0,  0,  0, ],
[ 0,  0,  0,  0,  0,  0,  0,  0,  0,  3,  0,  0,  0,  0,  0,  0,  0,  0,  0,  0,  0,  0,  0,  0, ],
[ 0,  0,  0,  0,  0,  0,  0, 11,  0,  0,  0,  0,  0,  0,  0,  0,  0,  0,  6,  0,  0,  0,  0, 12, ],
[ 0,  0,  0,  5,  0,  0,  0,  0,  0,  0, 11,  0,  0,  2,  0,  0,  0,  0,  0,  0,  0,  0,  0,  0, ],
[ 0,  0,  0,  0,  0,  0,  0,  0,  0,  0,  0,  0,  0,  0, 10,  0,  0,  2,  0,  0,  0,  0,  4,  0, ],
[ 0,  0,  0,  0,  6,  0,  0,  5,  0,  0,  0,  0,  0,  0,  0,  0,  0,  0,  0,  0,  0,  0,  0,  0, ],
[ 0,  0,  0, 14,  0,  0,  0,  0,  0,  0,  0,  0,  0,  0,  0,  7,  0,  3,  0,  0,  0,  0,  0,  0, ],
[ 0,  0,  0,  0,  0,  0,  3,  0,  0,  0,  0,  0,  0,  0,  0,  0,  0,  0,  0,  0, 11,  0,  0,  0, ],
[ 0,  0,  0,  0,  0,  0,  0,  0,  0,  0,  0,  0,  3,  0,  0,  0,  0,  0,  0,  0,  0,  0,  0,  0, ],
[ 0,  0,  0,  0,  0,  0,  0,  0,  0,  0,  0,  0,  0,  0,  0,  0,  0,  0,  0,  0,  0,  0,  0,  0, ],
[ 0,  0,  0,  1,  0,  0,  0,  0,  0,  0,  0,  0,  0,  0,  0,  0,  0,  3,  0,  3,  0,  0,  0,  0, ],
[ 0,  0,  0,  0,  0,  0,  0,  0,  0,  0,  0,  0,  0,  0,  0,  0,  0,  0,  0,  0,  0,  0,  0,  0, ],
[ 0,  0,  0,  0,  0,  0,  0,  0,  0,  0,  0,  0,  0,  0,  0,  5,  4,  0,  0,  0,  0,  0,  0,  0, ],
[ 0,  0,  0,  0,  0,  0,  0,  0,  0, 10,  0, 10,  0,  0,  0,  0,  0,  0,  0,  0,  0,  0,  0,  0, ],
[ 0,  0,  0,  0,  0,  0,  0,  0,  0,  0,  0, 12,  0,  0,  0,  8,  0,  0,  0,  0,  0,  0,  0,  0, ],
[ 0,  0,  0,  0,  0,  0,  0,  0,  0, 12,  0,  0,  0, 10,  0,  0,  0,  0,  0,  0,  9,  0,  0,  0, ],
[ 8,  0,  0,  1,  0,  0,  0,  0,  0,  6, 12, 13,  0,  0,  0,  0,  0,  0,  7,  0,  0,  0,  0,  0, ],
[ 0,  0,  0,  0,  0,  0,  0,  0,  0,  0,  0,  0,  0,  0,  0,  0,  0,  0,  0,  2,  0,  0,  0,  0, ],
[ 0,  0,  0,  0,  6,  0,  0,  0,  5,  0,  0,  0,  0,  0,  0,  0,  0,  0,  0,  0,  0,  6,  0,  0, ],
[ 0,  0,  0,  0,  0,  0,  0,  0,  8,  0,  0,  0,  0,  0,  0, 10,  8, 10,  0,  0,  0,  0,  0,  6, ],
[ 0,  0,  8,  5,  0,  0,  3,  0,  0,  0,  0,  0,  0, 10,  0,  0, 12,  0,  0,  0,  0,  0,  0,  0, ],
[ 0,  0,  0,  0,  0,  0,  5,  0,  0,  0,  0,  0,  0,  0,  0,  0,  7,  0,  0,  0,  0,  0,  0,  0, ],
[ 0,  0,  0, 13,  0,  0,  0,  0,  0,  0,  0,  0,  0,  0,  0,  0,  0,  0, 11,  0,  0,  0,  0,  2, ],
[ 0,  0,  0,  0,  0,  0,  0,  0,  0,  0,  0,  0,  0,  0,  0,  0,  0,  7, 12,  0,  0,  0,  0,  0, ],
[ 0,  0,  0,  0,  0,  5,  0,  0,  0,  0,  0,  0,  0,  0,  0,  0,  0,  0,  0,  0,  0,  0,  0,  0, ],
[ 0,  0,  3,  0,  0,  0,  0,  1,  0,  0,  0,  0,  0,  0,  0,  0,  8,  0,  0,  0,  0,  0,  0,  0, ],
[12,  0,  0,  0,  0,  0,  0,  0,  0,  9,  0,  0,  0, 14,  2,  9,  0,  0,  0,  0,  0, 14,  0,  3, ],
[ 0,  0,  0,  0,  0,  0,  0,  0,  0,  0,  0,  0, 10,  0,  0,  0,  0,  0,  0,  0,  0,  0,  0,  0, ],
[ 0,  0,  0, 11,  0,  0,  0,  0, 10,  0,  0,  2,  0,  0,  0,  0,  0,  0,  0,  0,  0,  0,  0,  0, ],
[ 0,  0,  0,  0,  0,  0,  0,  0,  0,  0,  0,  0,  0,  0,  0,  0,  0,  0,  0,  0,  0,  0,  0,  0, ],
[ 0,  6,  0,  0,  0,  0,  0,  0,  0,  5,  0,  0,  0,  0,  0,  0,  3,  0,  0,  0,  0,  0,  0,  0, ],
[ 0,  4,  0,  0,  0,  0,  0,  0, 13,  0,  0,  0,  0,  0,  0,  9,  0,  0,  0,  0,  0,  0, 11,  0, ],
[ 0,  0,  0, 14,  0,  0,  0,  0,  0,  0,  0,  0,  0, 11,  0,  0,  6,  0,  0,  0,  0,  0,  0,  0, ],
[ 0,  0,  0,  0,  0,  0,  0,  0,  0,  0,  0,  0,  0,  0,  0,  0,  0,  5,  0,  0,  0,  0,  0,  8, ],
[ 0,  0,  0,  0,  0,  0,  0, 11,  0,  9, 12,  0,  0,  0,  0,  0,  0, 14,  0,  0,  0,  0, 10,  3, ],
[ 0,  0,  0,  0,  0,  0,  0,  0,  0,  0,  4,  0,  1,  0,  0,  0,  0,  0,  0,  0, 12,  0,  0,  0, ],
[ 0,  9,  0,  0,  0,  7,  0,  0,  0,  0,  8,  0,  0,  0,  0,  0,  0,  0,  0,  0,  0,  4,  0,  0, ],
[ 0,  0,  0,  0,  0,  0,  0,  0,  0,  0,  0,  0,  0,  0,  0,  0,  0,  0,  0,  0,  0,  0,  0,  0, ],
[ 0,  0,  0,  0,  0,  0,  0,  0,  6,  0,  0,  0,  0,  0,  0,  0,  0,  0,  0,  0,  0,  0, 11, 13, ],
[ 0,  0,  0,  0,  0,  0,  2,  0,  2,  0,  3,  0,  0,  0,  0,  8,  0,  0,  0,  0,  0,  0,  0,  2, ],
[ 0,  0,  0,  0,  0,  0, 12,  0,  0,  0,  0,  0,  0,  0,  0,  0,  0,  0,  0, 12,  0,  0,  0,  0, ],
[ 0,  0,  5,  0,  0,  0,  0,  0,  0,  0, 11,  0,  8,  0,  0,  0,  0,  8,  2,  0,  0,  8,  0,  0, ],
[ 0,  0,  0,  2, 11,  0,  0,  0,  0,  0,  0,  1,  0,  0,  0, 11,  0,  0,  0,  0,  3,  0,  0,  0, ],
[ 0,  0,  0,  0,  0,  0,  0,  0,  0,  0,  0,  0,  0,  0,  0,  8,  0,  0,  0,  0,  0,  0, 11,  0, ],
[ 0,  0,  2, 12,  0,  0,  0,  0,  0,  0,  0,  0,  2,  0,  0,  0,  0,  0,  0, 14,  0,  0,  0,  0, ],
[ 0,  0,  0,  0,  0,  0,  0,  0,  0,  0,  0,  0,  0,  0,  0,  0,  0,  0,  0,  0,  9,  0,  0,  0, ],
[ 0,  7,  0,  0,  0,  0,  0,  0,  0,  0,  0,  0,  0,  0,  0,  7,  3,  0,  0,  0,  0,  0,  0,  0, ],
[ 0, 11,  0,  0,  0,  0,  0,  0,  0,  0,  0,  0,  0,  7,  0,  0,  0,  0,  0,  0,  0,  0,  9,  0, ],
[ 0, 14,  0,  0,  0,  0,  0,  0,  0,  0, 13,  0,  0,  0,  0,  0,  0,  0,  0,  0,  0,  0,  0,  0, ],
[ 0,  2,  0,  0,  0,  0,  0,  0,  0,  0,  0,  0,  0,  0,  0,  0,  0,  0,  0,  0,  0,  0,  0,  0, ],
[ 0,  0,  0,  0,  0,  0,  2,  0,  0,  0,  0,  0,  0,  0,  0,  1,  0,  0,  0,  0,  0,  0,  0,  0, ],
[ 0,  0,  0,  0,  0,  0,  0,  0,  0,  0,  0,  0,  0,  0,  0,  0,  1,  0,  0,  0,  0,  0,  0,  0, ],
[ 0,  0,  0,  0,  0,  0,  0,  0,  0,  0,  0,  0,  0,  0,  0,  0,  0,  0,  0,  0,  0,  0,  0,  0, ],
[ 0,  0,  4,  9,  0, 14,  0,  0,  0,  0, 12,  0,  0,  0,  0,  0,  0,  0,  0,  0,  0,  0,  0,  0, ],
[ 0,  0,  0,  0,  0,  9,  0, 11,  0,  0,  0,  0,  0,  0,  0,  1,  0,  0,  8,  0,  0,  0,  0,  0, ],
[ 0,  0,  9,  0,  0,  0,  0,  0,  0,  0,  0,  0,  0,  0,  0,  0,  0,  0,  0,  0,  0,  0,  0,  0, ],
[ 0,  0,  0,  0,  0,  0,  0,  4,  0,  0,  0,  0,  0,  0,  0,  0,  1,  0,  0,  0,  0,  0, 13,  0, ],
[ 0,  0,  0, 13,  0,  9,  0,  0,  0,  0,  0,  0,  0,  0,  0,  4,  0,  0,  0,  0,  0,  0,  0,  0, ],
[ 0,  0,  0,  0,  1,  0,  0,  0,  0,  0,  0,  0,  0,  0,  0,  0,  0,  0,  0,  0,  0,  0,  0,  3, ],
[ 0,  0,  0,  0,  0,  0,  0,  0,  0,  0,  0,  0,  0, 12,  2,  0,  0,  0, 14,  0,  0, 12,  0,  0, ],
[ 0,  0,  0,  0,  0,  0,  1,  0,  0,  0,  0,  3,  5,  0,  0, 11,  0,  0,  0,  0,  0,  0,  0,  0, ],
[ 0,  0, 11,  0,  7,  0,  0,  0,  0,  0,  0,  0,  0,  0,  0,  0,  0,  0,  0,  0,  0,  0,  0,  0, ],
[ 0,  0,  0,  0,  0,  0,  0,  0,  0,  0,  0,  0,  0,  0,  0,  0,  0,  0,  0,  0,  0,  0,  0,  0, ],
[ 0,  0,  0,  0,  0,  0,  0,  0,  0,  0,  0,  0,  0,  0,  0,  0,  0,  0,  0,  0,  0,  0,  2,  0, ],
[ 0,  0, 13,  0,  0,  0,  0,  7,  0,  0,  0,  0,  0,  0,  0,  0,  8,  0,  0,  0,  0,  8,  0,  0, ],
[ 0,  8,  0,  0,  0,  0,  0,  0,  0,  0,  0,  0,  0,  0,  0,  0,  0,  0,  0,  0,  0,  0,  0,  0, ],
[ 0,  0,  0,  0,  0,  0,  0,  5,  7,  0,  0,  0,  0,  0,  0,  0,  0,  0,  0,  0,  0,  0,  0, 11, ],
[ 9,  0,  0,  0,  0,  0,  0,  0,  0,  0,  0,  0,  0, 12,  0,  0,  0,  0,  0,  0,  0,  0,  0,  0, ],
[ 0,  0,  0,  0,  0,  0,  0,  0,  0,  0,  0,  0,  0,  0,  0,  0,  0,  0,  0,  0,  9,  0,  0,  0, ],
[ 9, 12,  0,  0,  0,  0,  0,  0,  0,  0,  0,  0,  0,  0,  0,  0,  0,  0,  0,  0,  0,  0,  0,  0, ],
[ 0,  0,  0,  0,  0,  0,  0,  0,  0,  0,  0,  0,  0,  0,  0,  0,  0,  0,  9,  0,  0,  0,  0,  0, ],
[ 0,  0,  0,  0,  0,  0,  0,  6,  0,  0,  0,  0,  9,  0,  0,  0,  0,  0,  0,  0,  0,  0,  0,  0, ],


[0.9334, -0.9825, ],
[-0.1796, -0.2687, ],
[0.0489, -0.4578, ],
[-0.1020, 0.2335, ],
[0.8484, 0.9738, ],
[0.5352, -0.0777, ],
[-0.6841, 0.3886, ],
[0.1491, 0.2612, ],
[-0.1719, -0.6367, ],
[-0.3418, 0.2671, ],
[-0.8219, -0.2853, ],
[-0.0702, -0.4763, ],
[0.3846, -0.7566, ],
[0.3960, 0.2255, ],
[0.5584, 0.5290, ],
[-0.6361, -0.1375, ],
[-0.3817, -0.5363, ],
[-0.0442, 0.8329, ],
[0.4370, -0.0547, ],
[0.5284, -0.8517, ],
[0.7698, 0.1211, ],
[0.4203, 0.0863, ],
[0.6455, -0.1139, ],
[0.9756, -0.1321, ],
[0.7690, 0.0218, ],
[0.2180, -0.0819, ],
[-1.0000, -0.4217, ],
[0.1359, -0.4795, ],
[0.6849, 0.2793, ],
[-0.4029, -0.5838, ],
[-0.5565, 0.3850, ],
[-0.0150, 0.5525, ],
[0.6549, -0.2752, ],
[0.3643, 0.7810, ],
[0.1747, -0.1683, ],
[0.0334, 0.1971, ],
[-0.7624, -0.2111, ],
[0.4975, -0.3138, ],
[1.0000, 0.9702, ],
[0.8271, 0.5131, ],
[0.5101, -1.0000, ],
[0.0250, 0.2151, ],
[0.3320, 0.4153, ],
[0.3531, -0.7468, ],
[0.8402, -0.2164, ],
[0.2136, 0.8498, ],
[0.2130, -0.2675, ],
[-0.5838, -0.6199, ],
[-0.1486, -0.7344, ],
[0.7624, 0.8791, ],
[0.5296, -0.1825, ],
[0.0885, -0.4706, ],
[0.1344, -0.7894, ],
[-0.4150, -0.6102, ],
[-0.3224, 0.3399, ],
[0.6900, -0.2885, ],
[0.5589, -0.0185, ],
[-0.8112, 0.1412, ],
[-0.8141, 0.4732, ],
[0.2591, -0.5871, ],
[0.2462, 0.1864, ],
[-0.5620, 0.2344, ],
[-0.6715, 0.0601, ],
[0.4357, 0.0836, ],
[1.0000, 0.0141, ],
[-0.1536, -0.8109, ],
[0.2930, 0.3581, ],
[0.3649, -0.7539, ],
[0.3206, 0.1008, ],
[0.7160, -0.0283, ],
[0.9327, 0.4060, ],
[0.1716, 0.3853, ],
[-0.3311, 0.2776, ],
[-0.2030, -0.3212, ],
[-0.6199, 0.6899, ],
[-1.0000, -0.2645, ],
[1.0000, -0.4425, ],
[0.9785, -0.0138, ],
[0.2186, 0.1335, ],
[1.0000, -0.2558, ],
[-0.3575, -0.9717, ],
[-0.0929, 0.7480, ],
[-1.0000, 0.9696, ],
[-0.1479, 0.7659, ],
[-0.2123, 0.1552, ],
[-0.3286, -0.3963, ],
[0.1868, 0.4968, ],
[0.6914, 0.4965, ],
[-0.1857, -0.6787, ],
[0.4963, -0.7751, ],
[-0.4157, -0.2380, ],
[-0.0107, 0.9150, ],
[0.0519, 0.6049, ],
[0.8583, 0.2076, ],
[-1.0000, -0.9472, ],
[-0.6353, 0.1358, ],
[-0.7111, 0.5193, ],
[0.6380, -0.4703, ],
[0.7385, 0.3450, ],
[0.2596, 0.8196, ],


[12.0000, ],
[0.0000, ],
[19.0000, ],
[12.0000, ],
[12.0000, ],
[7.0000, ],
[5.0000, ],
[7.0000, ],
[11.0000, ],
[3.0000, ],
[9.0000, ],
[9.0000, ],
[7.0000, ],
[14.0000, ],
[1.0000, ],
[7.0000, ],
[11.0000, ],
[3.0000, ],
[3.0000, ],
[0.0000, ],
[4.0000, ],
[1.0000, ],
[4.0000, ],
[11.0000, ],
[9.0000, ],
[8.0000, ],
[6.0000, ],
[0.0000, ],
[4.0000, ],
[2.0000, ],
[11.0000, ],
[7.0000, ],
[7.0000, ],
[5.0000, ],
[9.0000, ],
[6.0000, ],
[2.0000, ],
[0.0000, ],
[5.0000, ],
[0.0000, ],
[4.0000, ],
[8.0000, ],
[7.0000, ],
[11.0000, ],
[18.0000, ],
[1.0000, ],
[8.0000, ],
[17.0000, ],
[15.0000, ],
[5.0000, ],
[9.0000, ],
[7.0000, ],
[2.0000, ],
[6.0000, ],
[21.0000, ],
[4.0000, ],
[9.0000, ],
[0.0000, ],
[7.0000, ],
[13.0000, ],
[11.0000, ],
[5.0000, ],
[21.0000, ],
[7.0000, ],
[11.0000, ],
[0.0000, ],
[11.0000, ],
[8.0000, ],
[8.0000, ],
[16.0000, ],
[12.0000, ],
[7.0000, ],
[10.0000, ],
[3.0000, ],
[8.0000, ],
[10.0000, ],
[8.0000, ],
[1.0000, ],
[2.0000, ],
[1.0000, ],
[0.0000, ],
[13.0000, ],
[11.0000, ],
[3.0000, ],
[7.0000, ],
[9.0000, ],
[3.0000, ],
[13.0000, ],
[9.0000, ],
[7.0000, ],
[0.0000, ],
[1.0000, ],
[13.0000, ],
[3.0000, ],
[9.0000, ],
[7.0000, ],
[3.0000, ],
[7.0000, ],
[3.0000, ],
[6.0000, ],


