[ 0,  0,  0,  0,  0,  0,  0, 11,  0,  7,  0,  0,  0,  0,  0,  0,  0,  0,  0,  0,  0,  0,  0,  0, ],
[ 0,  0,  0,  0,  9,  0,  0,  0,  0,  0,  0,  0,  0,  0,  0,  0,  0,  0,  0,  0,  0,  0,  0,  0, ],
[ 0,  0,  0,  1,  0,  0,  0,  0,  0,  0,  0,  0,  0,  0,  0,  0,  0,  0,  0,  0,  0,  0,  0,  0, ],
[ 0, 11, 10,  0,  0,  0,  8,  0,  0,  0,  0,  0,  0,  0,  0,  0,  0,  0,  0,  0,  0,  0,  0,  0, ],
[ 0,  0,  0,  0,  0,  0, 13,  0,  0,  0,  0,  0,  0,  0, 11,  0,  0,  0,  0,  0,  0,  0,  0,  0, ],
[ 0,  0,  0,  1,  0,  0,  5,  0,  0,  0,  0,  0,  0,  0,  0,  0,  0,  0,  0,  0,  0,  1,  0,  0, ],
[ 0,  4,  0,  0, 11,  0,  0,  0,  0,  0,  0,  0,  0,  0,  0,  0,  2,  0,  0,  0,  0,  0,  0,  0, ],
[ 0,  0,  0,  0,  0,  0,  0,  0,  6,  0,  0,  0,  1,  0,  0,  0,  0,  0,  0,  0,  0,  0,  0,  0, ],
[ 0,  0,  0,  0,  0,  0,  0,  0,  0,  0,  0,  0,  0,  0,  0, 12,  0,  0,  0,  0,  0,  0,  0,  0, ],
[ 0,  0,  0,  0,  0,  0,  0,  0,  0,  0, 11,  0,  0,  0,  0, 10,  0,  0,  0,  0,  0,  0,  0,  0, ],
[ 0,  0,  0, 13,  0,  0,  0,  0,  4,  0,  0,  0,  0,  0,  6,  0,  0,  0,  0,  0,  0,  0,  0,  0, ],
[ 0,  0,  0,  0,  0, 12,  0,  0,  0,  0,  0,  0, 14,  7,  1,  0,  0,  0,  0,  0,  0,  4,  0,  0, ],
[ 9,  0,  0,  0,  0,  0,  0,  0,  0,  0,  0,  0,  0,  0,  0,  0,  0,  0,  8,  8,  0,  0,  0,  0, ],
[ 0, 13,  0,  0,  0,  3,  0,  0,  0,  0,  0,  9,  0,  0,  0,  0,  0,  0,  0,  0,  0,  0,  0,  0, ],
[ 0,  0,  0,  0,  0, 10,  0,  0,  0,  0,  0,  0,  0,  0,  0,  0,  0,  0,  0,  0,  0,  0,  0,  0, ],
[ 0,  0,  0,  0,  0,  0,  0,  0,  0,  0,  0,  0,  0,  0,  2,  0,  0,  0,  0,  0,  0,  8,  0, 11, ],
[ 0,  3,  0,  0,  0,  0,  0,  0,  0,  0,  0,  0,  9,  0,  1,  0,  0,  0,  0,  0,  0,  0,  4,  0, ],
[ 0,  0,  0,  0,  0,  0,  0,  0,  0,  0,  0,  0,  0,  0,  0,  0,  0,  0,  0,  0,  0,  0,  0,  8, ],
[ 0,  0,  0,  0,  0, 10,  0,  0,  5,  0,  0,  0,  0,  0,  0,  0,  0,  0,  0,  0,  0,  0,  0,  0, ],
[ 9,  0,  0,  0,  0,  0,  0,  0,  5,  0,  0,  0,  6,  0,  0,  5,  0,  0,  0,  0,  0,  0,  0,  0, ],
[ 0,  0,  0, 13,  0,  0,  0,  0,  0,  0,  0,  0,  0,  0,  0,  0,  0,  0,  0,  0,  0,  0,  0,  0, ],
[ 0,  0, 13,  0,  0,  0,  0,  0,  0,  0,  0,  0,  0,  0,  4,  0,  0,  0,  0,  0,  0,  0,  0,  0, ],
[ 0,  0,  0,  0, 12,  0,  0,  0,  0,  0,  0,  0,  0,  0,  0,  0,  0,  0,  0,  0,  0,  0,  0,  0, ],
[ 8,  2,  0,  1,  3,  0,  0,  0,  0,  0,  0,  0,  0,  0,  0,  0,  0,  7,  1,  0,  0,  0,  0,  0, ],
[ 0,  0,  0,  0,  0,  0,  0,  0,  7,  0,  0,  0,  0,  0,  0,  0,  0,  0,  0,  8,  3,  0,  0,  0, ],
[ 0,  0,  0,  0, 13,  0,  0,  0,  0,  0,  0,  0,  0,  0,  0,  0,  0,  0,  0,  0,  0,  0,  0,  0, ],
[ 0,  0,  7,  0,  0,  0,  0,  0,  0,  0,  0,  0,  0,  0,  0,  0,  0,  0,  0,  0,  0, 13,  0,  0, ],
[ 1,  2,  0,  0,  0,  0,  0,  0,  0,  0,  0,  0,  0,  0,  0,  0,  0,  0,  0,  0,  0,  0,  0,  0, ],
[ 0,  0,  0,  0,  0,  0,  0,  0,  0,  0,  0,  0,  0,  0,  6,  0,  0,  0,  0,  0,  0,  0,  0,  0, ],
[ 0,  0,  0,  1,  0,  0,  0,  0,  5,  0,  0,  0,  0,  0,  0,  0,  0,  7,  0, 11,  0,  0,  0,  0, ],
[ 0,  0,  0,  0, 13,  0,  0,  0,  0,  0,  0,  0,  0,  0,  0,  0,  0,  0,  0,  0,  0,  0,  0,  0, ],
[ 0,  0,  0,  0,  0,  0,  0,  0,  0,  0, 10,  0,  0,  0,  2,  0,  0,  0, 11,  0,  0,  0,  0,  0, ],
[ 0,  0,  0,  0,  0,  0,  0,  0,  0,  0,  0,  0,  0,  7,  0,  0,  0,  0, 12,  0,  0,  0,  0,  0, ],
[ 0,  0,  0,  0,  0,  0,  0,  0,  0,  0,  0,  5,  0,  0,  0,  0,  2,  3,  0,  0,  0,  0,  0,  0, ],
[ 0,  0, 13,  0,  0,  0,  0,  0,  4,  0,  0,  0,  0,  0,  0,  0,  0,  3,  0,  0, 11,  0,  0,  0, ],
[ 0,  0,  0,  0,  0,  0,  3,  7,  0,  0,  0,  0,  0,  0,  0,  0,  0,  0,  0,  0, 14,  0,  0,  0, ],
[ 1,  0,  0,  0,  0,  0,  0,  0, 11,  0,  0,  0,  0,  6,  0,  0,  0,  0,  0,  0,  0,  0,  0,  0, ],
[12,  0,  2,  0,  0,  0,  0,  0,  0,  0,  0,  0,  0,  0,  0,  0,  0,  0,  0,  0,  0,  0,  0,  6, ],
[ 0,  0,  0,  0,  0,  0,  0,  0,  0,  0,  0,  0,  0,  0,  7,  0,  0,  0,  0,  0,  0,  0,  0,  0, ],
[ 6,  0,  0,  0,  0,  0,  0,  0,  0,  0,  0,  0,  0,  0,  0,  0,  0,  0,  0,  0,  0,  0,  0,  0, ],
[ 0,  0,  0,  0,  0,  0,  0,  1,  0,  0,  0,  0,  0,  0,  0,  0,  0,  0,  0,  0,  0,  0,  0,  0, ],
[ 0,  0,  0,  0,  0,  0,  0,  0,  0,  0,  0, 10,  0,  0,  0,  0,  0,  0,  0,  0, 10,  0,  0,  0, ],
[ 0,  0,  0,  0,  0,  0,  0,  0,  0,  0,  0,  0,  0,  0,  0,  0,  6,  5,  0,  0,  0,  5,  0,  0, ],
[ 0,  0,  0,  0,  0,  0,  0,  0,  5, 12,  0,  0,  0,  0, 11,  0,  0,  0,  0,  0,  0,  0,  0,  7, ],
[ 0,  0,  0,  0,  0,  0,  0,  0,  0,  0,  0,  0,  0,  0,  0,  0,  0,  0,  4,  0,  0,  0, 13,  0, ],
[ 0,  0,  0,  0,  0,  0,  0,  0,  0,  0,  0,  0,  0,  0,  0,  0,  4,  0,  0,  0,  0,  0,  3,  0, ],
[ 0,  9,  0,  0,  0,  0,  0,  0,  0,  5,  0,  0,  0,  0,  0,  0,  0,  0,  0,  0,  0,  0,  0,  0, ],
[ 0,  0,  0,  0,  0,  0,  0,  0,  0,  0,  0,  0,  0,  0,  0,  0,  0,  0,  0,  0,  0,  0,  0,  0, ],
[ 0,  0,  0,  0,  0,  0,  0,  0,  0,  0,  0,  0,  0,  0,  4,  0, 13,  0,  0,  0,  0, 12,  0,  0, ],
[ 0,  0,  0,  2,  0,  0,  4, 11,  0,  0,  0,  0,  0,  0,  3,  0,  0,  0,  0,  0,  0,  0,  0,  0, ],
[ 9,  0,  0,  0,  0,  0,  0,  0,  0,  0,  0,  0,  0,  0, 12,  0,  0, 14,  0,  0,  0,  0,  0,  0, ],
[ 0,  0,  8,  0,  0,  8,  0,  0,  0,  0,  0,  0,  0,  0,  0,  0,  0,  0,  0,  0,  0,  0,  0,  0, ],
[ 0,  0,  0,  0,  0,  0,  0,  0,  0, 11,  0,  0,  0,  0,  0,  0,  0,  0,  0,  0,  0,  0,  0,  2, ],
[ 0,  4,  0,  0,  0,  0,  0,  0,  0,  0,  0,  0,  0,  0,  4,  0,  0,  0,  0,  0,  4,  0,  0,  0, ],
[ 0,  0,  0,  0,  0,  0,  0,  0,  0,  0,  0,  0,  0,  0,  0,  0,  4,  0,  0,  0,  6,  0,  0,  0, ],
[ 0,  0,  0,  0,  0,  0,  0,  0,  6,  0,  0,  0,  0,  0,  0,  0,  0,  0,  0,  0,  0,  0,  0,  0, ],
[ 0,  0,  0,  0,  0,  0,  7,  0,  0,  0,  0,  0,  0,  0,  0,  0,  0, 10,  0,  7,  0,  0,  0,  0, ],
[ 0,  0,  0,  0,  0,  0,  0,  0,  0,  0,  0,  0,  0,  0,  0,  0,  0,  0,  0,  0,  0,  2,  0,  0, ],
[ 0,  0,  0,  0,  0,  0,  0,  0,  0,  0,  0,  0,  0,  0,  0,  0,  0,  0,  0,  0,  0,  0,  0,  0, ],
[ 0,  6,  0,  0, 12,  0,  0,  0,  0,  0,  0,  0,  0,  0,  0,  0,  9,  0,  0,  0,  0,  0,  0,  0, ],
[ 0,  0,  0,  0,  0,  0,  0,  0,  0,  0,  0,  0,  0,  0,  0,  0,  0, 13,  0,  0,  0,  0,  0,  0, ],
[ 0,  0,  0,  0,  0,  0,  0,  0,  0,  0,  9,  0,  0, 13,  0,  0,  0,  0,  0, 10,  8,  0,  0,  0, ],
[ 0,  0,  0,  0,  6, 13,  0, 10,  0,  0,  0,  0,  0,  0, 13,  0,  0,  0,  0,  0,  0,  3,  0,  0, ],
[ 0,  0,  0,  0,  0,  0,  0,  0,  0,  3,  0,  0,  0,  0,  0,  0,  0,  0,  0,  0,  0,  0,  0,  0, ],
[ 0,  0,  0,  0,  0,  0, 10,  0,  0,  0,  8,  0,  1,  0,  0,  0,  0,  9,  0, 10,  0,  0,  0,  7, ],
[ 0,  0,  0,  0,  4,  0, 10,  4,  0,  0,  0,  0,  0,  0,  0,  0,  0,  0,  0,  0,  0,  0,  0,  0, ],
[ 0,  0,  0,  0,  0,  0,  0,  0,  0,  0,  0,  0,  0,  0,  0,  0,  0,  0,  0,  0,  0,  0,  0, 10, ],
[ 0,  0,  0,  0,  0,  0,  0,  0,  0,  0,  0,  0,  0,  0,  0,  0,  0,  0,  0,  0,  0,  0,  0,  0, ],
[ 0,  7,  0,  0,  0,  0,  0,  0,  0,  0,  0,  0,  0,  0,  0,  0,  1,  0,  0,  0,  0,  0,  0,  0, ],
[ 0,  0,  0,  0,  0,  0,  0,  0,  7,  0,  0, 12,  0,  0,  7,  0,  0,  0,  0,  0,  0,  0, 13,  0, ],
[ 0,  0,  0,  0,  0,  0,  0,  0,  0,  0,  0,  0,  0,  0,  0,  0,  0,  0,  0,  0,  0,  0,  0,  0, ],
[ 0,  0,  0,  0,  0,  0,  0,  0,  0,  2, 14,  0,  0,  0,  0,  0,  0,  0,  6,  0,  0,  9,  0,  0, ],
[ 0,  0,  0,  0,  0,  0,  0,  0,  0,  5,  0,  0,  0,  0,  0,  0,  0,  0,  0,  0,  0,  0,  0,  0, ],
[ 0,  0,  0,  0,  0,  0,  0,  0,  0,  0,  5,  0,  0,  0,  0,  0,  0,  0,  0,  0,  0,  0,  8,  0, ],
[ 0,  0,  0, 13,  0,  0,  0,  0,  0,  0,  0,  0,  0,  0,  0, 13,  0,  0,  0,  0,  0, 14,  8,  0, ],
[ 0,  0,  0,  0,  0,  0,  0,  0,  0,  0,  7,  0,  0,  0,  0,  0,  0,  0,  0,  0,  0,  0,  0,  0, ],
[ 0,  0,  0,  0,  0,  0,  0,  0,  0,  0,  7,  0,  0,  0,  0,  0,  0,  0,  0,  8,  0,  0,  0,  0, ],
[ 0,  0, 14, 13,  0, 10,  0,  0,  0,  0,  0,  0,  0,  0,  0,  0,  0,  0,  0,  0,  0,  0,  0,  0, ],
[ 0,  0,  0,  0,  0,  0,  0,  0,  0,  0,  0,  0,  0,  3,  6,  0,  0,  0, 12,  0,  0,  0,  4,  0, ],
[ 0,  0,  5,  0,  0,  0,  0,  0,  0,  0,  0,  6,  0,  0,  0,  0,  0,  0,  2,  0,  0,  0,  0,  0, ],
[ 0,  0, 13,  0,  0,  0,  0,  0,  0,  0,  0,  0,  7,  0,  0, 11,  0,  0,  0,  0,  0,  0,  0,  0, ],
[ 0,  0,  0,  0,  0,  0,  0,  0,  0,  0,  0,  0,  0,  0,  0,  2,  0,  0,  0,  0,  0,  0,  0,  0, ],
[ 0,  0,  0,  0,  0,  0,  0,  0,  0,  7,  0,  0,  0,  0,  0,  0,  0,  0,  0,  0,  0,  0,  0,  0, ],
[ 9,  0,  0,  0,  0,  0,  0,  0,  1,  0,  0,  0,  0,  0,  0,  0,  0,  0,  0,  0,  0,  0,  0,  0, ],
[ 0,  0,  0,  0,  0,  0,  0,  0,  0,  0,  0,  0,  0,  0,  0,  0,  0,  0,  0,  0,  0,  0,  0,  0, ],
[10,  0,  0,  0,  0,  0,  0,  0,  0,  8,  4,  0,  0,  0,  0,  0,  0,  0,  0,  0,  0,  0,  0,  0, ],
[ 2,  0,  0,  0,  0,  0,  0,  0,  0,  0,  0,  0,  0,  0,  0,  0,  0,  0,  0,  0,  0,  0,  0,  0, ],
[ 0,  0,  0,  0,  0,  0,  0,  0,  0,  0,  0,  0,  0, 12,  0,  0,  0,  0,  0,  3,  0,  0,  0,  5, ],
[ 0,  0,  0,  0,  0,  0,  0,  0,  0,  0,  0,  0,  0,  0,  5,  0,  9,  0,  0,  0,  0,  0,  0,  0, ],
[ 0,  0,  0,  0,  0,  0,  0,  0,  0,  2,  0,  0,  0,  0,  0,  0,  0,  0,  0,  0, 13,  0,  0,  0, ],
[ 0,  0,  0, 13,  0,  0,  0,  0,  0,  0,  0,  0,  0,  7,  0,  0,  0,  0,  0,  0,  0,  0,  0,  0, ],
[10,  0,  0,  0,  0,  0,  0,  0,  0,  0,  0,  0,  0,  0,  0,  0,  0,  0,  0,  0,  0,  7,  0,  0, ],
[ 0,  2,  0,  0,  0,  0,  0,  0,  0,  0,  0,  0,  0,  0,  0,  0,  0,  0,  0,  0,  0,  0,  0,  0, ],
[ 0,  8,  0,  0,  0,  0,  9,  0,  0,  0,  0,  0,  0,  0,  0,  0,  0,  0,  0,  0,  0,  5,  0,  0, ],
[ 0,  0,  0,  0,  0,  0,  0,  0,  0,  0,  0,  0,  0,  0,  0,  0,  0,  0,  0,  0,  0,  0,  9,  0, ],
[ 0,  0,  0,  0,  0,  0,  0,  0,  0,  0,  3,  0,  0,  0,  0, 14,  2,  0,  0,  0,  5,  0,  0,  0, ],
[ 0,  0,  0,  0,  0,  0, 13,  5,  0,  0,  0,  0,  5,  0,  0,  0,  0,  0,  0,  0,  0,  0,  0,  0, ],
[ 0,  0,  0,  0,  0,  0,  0,  0,  0,  0,  0,  6,  0,  0,  0,  0,  0,  0,  0,  0,  0,  0,  8,  0, ],
[ 0,  8,  0,  0,  0,  6,  0,  0,  0,  0,  0,  0,  0,  2,  0,  0,  0,  0,  8,  0, 12,  0,  0,  0, ],
[ 8,  0,  0,  0,  0,  0,  0,  0,  0,  0,  0,  0,  0,  0,  0,  0,  0,  0,  0,  0,  0,  7,  0,  0, ],


[0.2746, -0.1540, ],
[0.0066, -0.3147, ],
[-0.0349, 0.4970, ],
[0.0063, -0.4729, ],
[0.7512, 0.9738, ],
[0.0774, -0.0031, ],
[-0.5702, -0.8794, ],
[0.4012, 0.2742, ],
[-0.1473, 0.5134, ],
[-0.4674, 0.4925, ],
[0.4012, -0.0996, ],
[-0.0702, -0.5236, ],
[0.2892, -0.6843, ],
[0.3726, 0.6827, ],
[0.2916, 0.4636, ],
[1.0000, -0.2774, ],
[0.6779, -0.5363, ],
[0.2724, -0.7316, ],
[0.6602, 0.6343, ],
[-0.8054, -0.8145, ],
[0.0900, 0.7244, ],
[-0.1213, -0.6310, ],
[0.7391, -0.7133, ],
[0.2820, -0.4815, ],
[0.9309, -0.0605, ],
[0.1724, 0.1017, ],
[-0.3995, 0.5826, ],
[-0.5150, 0.6550, ],
[0.4349, 0.2451, ],
[-0.1637, -0.7779, ],
[-1.0000, 0.3463, ],
[-0.0235, 0.4617, ],
[0.2607, 0.0595, ],
[0.8421, 0.7869, ],
[0.9501, -0.8534, ],
[-0.6690, 0.2107, ],
[0.5460, -0.0215, ],
[0.8704, -0.2547, ],
[0.4451, -0.4119, ],
[0.7032, 0.5481, ],
[0.7640, -1.0000, ],
[0.0428, 0.1080, ],
[0.9933, -0.0877, ],
[0.0161, -0.8277, ],
[0.5568, -0.0627, ],
[0.8101, 1.0000, ],
[1.0000, -0.3329, ],
[-0.4504, 0.4382, ],
[-0.1974, -0.6786, ],
[0.9216, -1.0000, ],
[0.4263, -0.0591, ],
[0.6349, 0.1803, ],
[0.5368, -0.9378, ],
[0.3826, -0.2400, ],
[-0.3224, -0.4826, ],
[0.2046, -0.3455, ],
[-0.8588, 0.0298, ],
[-0.6668, 0.1248, ],
[-0.4688, -0.9147, ],
[-0.1628, -0.3484, ],
[0.6114, 0.6168, ],
[-0.5625, 0.0478, ],
[0.6721, -0.1624, ],
[0.0557, 0.3221, ],
[0.2002, 0.8779, ],
[0.2442, -0.9028, ],
[0.2930, 0.3198, ],
[0.4341, -0.1149, ],
[-0.6948, -0.0635, ],
[0.5784, 0.6895, ],
[-0.6213, 0.4695, ],
[-0.6213, 0.2664, ],
[0.7620, -0.4800, ],
[0.0733, 0.8237, ],
[0.6530, 0.7956, ],
[-0.8675, -0.0521, ],
[-0.8061, 0.7796, ],
[1.0000, 0.2519, ],
[-0.0739, 0.1772, ],
[-0.0745, 0.3528, ],
[-0.3575, 0.4433, ],
[-0.2876, 0.6455, ],
[-0.1946, 0.8628, ],
[-0.5096, 0.6914, ],
[-0.7753, 0.0184, ],
[-0.3286, -0.4918, ],
[0.0671, 0.5990, ],
[0.9307, 0.1441, ],
[0.5763, -0.7619, ],
[0.4024, -0.4336, ],
[-0.5222, -0.1726, ],
[0.4895, -0.2825, ],
[-0.0362, -0.5286, ],
[0.8583, -0.1375, ],
[-0.6830, -0.9472, ],
[-0.4278, -0.4158, ],
[-0.8376, 0.1198, ],
[0.3539, -0.5417, ],
[0.8688, 0.2530, ],
[0.3531, 0.2690, ],


[7.0000, ],
[3.0000, ],
[1.0000, ],
[11.0000, ],
[8.0000, ],
[4.0000, ],
[7.0000, ],
[4.0000, ],
[4.0000, ],
[8.0000, ],
[9.0000, ],
[14.0000, ],
[9.0000, ],
[9.0000, ],
[4.0000, ],
[8.0000, ],
[8.0000, ],
[3.0000, ],
[6.0000, ],
[10.0000, ],
[4.0000, ],
[6.0000, ],
[4.0000, ],
[11.0000, ],
[8.0000, ],
[4.0000, ],
[7.0000, ],
[2.0000, ],
[3.0000, ],
[10.0000, ],
[4.0000, ],
[9.0000, ],
[7.0000, ],
[5.0000, ],
[12.0000, ],
[9.0000, ],
[8.0000, ],
[8.0000, ],
[3.0000, ],
[3.0000, ],
[1.0000, ],
[8.0000, ],
[7.0000, ],
[13.0000, ],
[6.0000, ],
[4.0000, ],
[5.0000, ],
[0.0000, ],
[10.0000, ],
[9.0000, ],
[11.0000, ],
[6.0000, ],
[5.0000, ],
[6.0000, ],
[5.0000, ],
[3.0000, ],
[10.0000, ],
[1.0000, ],
[0.0000, ],
[10.0000, ],
[4.0000, ],
[14.0000, ],
[17.0000, ],
[2.0000, ],
[18.0000, ],
[8.0000, ],
[4.0000, ],
[0.0000, ],
[4.0000, ],
[14.0000, ],
[0.0000, ],
[11.0000, ],
[2.0000, ],
[5.0000, ],
[15.0000, ],
[3.0000, ],
[6.0000, ],
[12.0000, ],
[11.0000, ],
[6.0000, ],
[11.0000, ],
[1.0000, ],
[3.0000, ],
[4.0000, ],
[0.0000, ],
[9.0000, ],
[1.0000, ],
[8.0000, ],
[5.0000, ],
[5.0000, ],
[7.0000, ],
[7.0000, ],
[1.0000, ],
[8.0000, ],
[3.0000, ],
[9.0000, ],
[8.0000, ],
[6.0000, ],
[14.0000, ],
[6.0000, ],


