[ 0,  0,  0,  0,  0,  0,  0,  0,  0,  0,  0,  0,  0,  3,  2,  0,  0,  0,  0,  0,  0,  0,  0,  0, ],
[ 0,  0,  0,  0,  0,  0,  0,  0,  0, 11,  3,  8,  0,  0,  0,  0,  0,  0,  0, 14,  0,  0,  0,  0, ],
[ 0,  0,  0,  0,  0,  0,  0,  0,  0,  0,  0,  0,  0,  0,  6,  0,  0,  0,  0,  0,  0,  0,  0,  0, ],
[ 0,  0,  0,  8,  0,  0, 11,  0,  0,  0,  0,  0,  0,  0,  0,  0,  0,  0,  0,  0,  0,  0,  0,  0, ],
[ 0,  0,  0,  0,  0,  0,  0,  0,  0,  0,  0,  0,  0,  0,  0,  0,  6,  0,  0,  0,  0,  0,  0,  0, ],
[ 0,  0,  0,  0,  0,  0,  0,  5,  0,  0,  0,  0,  0,  0,  9,  0,  0,  7,  0,  0,  0,  0,  0,  0, ],
[ 0,  0,  0,  0, 11, 13,  0,  1,  0,  0,  0,  0,  0,  0,  0,  4,  0,  0,  0,  0,  0,  0,  0,  0, ],
[ 0,  0,  0,  0,  0,  0,  0,  0,  0,  0, 10,  0,  0,  0,  0,  0,  0,  0,  0,  0,  0,  0,  0,  0, ],
[14,  0,  0,  0,  0, 11,  0,  0,  5,  0,  0,  0,  0,  0,  0,  0,  0,  0,  0,  0,  5,  0,  6,  0, ],
[ 0,  0,  3,  0,  5,  0,  0,  0,  0,  0,  0,  0,  0,  0,  0,  0,  0,  0,  0,  0,  0,  0,  0,  0, ],
[ 0,  0,  0,  0,  0,  0,  0,  0,  0,  0,  0,  0,  0,  0,  0,  0,  0,  0,  0,  0,  0,  0,  0,  0, ],
[ 0,  0,  0,  0,  0,  0,  0,  0,  0,  0,  0,  0,  0,  0,  0, 13,  0,  0,  0,  0,  0,  0,  0,  0, ],
[ 0,  0,  0,  0,  0,  0,  0,  0,  0,  0,  0,  0, 11,  0,  0,  0,  0,  5,  8,  0,  0,  0,  0,  0, ],
[ 0, 13,  0,  3,  0,  0,  0,  0,  0,  0,  0,  0,  0,  0,  0,  0, 12,  0,  0,  0,  0,  0,  0,  5, ],
[ 0,  0,  0,  0,  0,  0,  0,  0,  0,  0,  0,  0,  9,  0,  0,  0,  0,  0, 12,  0,  0,  0,  0,  0, ],
[ 0,  0,  0,  0,  0,  0,  0,  0,  0,  0,  0,  0,  0,  0,  9,  0,  0,  0,  0,  0,  0,  4,  0,  0, ],
[ 0,  0,  0,  5, 11,  0,  0,  0, 11,  7,  0,  0,  7,  0,  0,  0,  0,  0,  0,  0,  0,  0,  0,  0, ],
[ 0,  0,  0,  0,  0,  0,  0,  0,  0,  0,  0,  0,  0,  0,  0,  0,  0,  0,  0,  0,  0,  0,  0,  0, ],
[ 0,  0,  0,  0,  0,  0,  0,  0,  0,  0,  0, 11,  0,  0,  0,  0,  0,  0,  0,  0,  0,  0,  5,  0, ],
[ 7,  0,  0,  0,  1,  0,  0,  0,  0,  0,  0,  6,  0,  0,  0,  0,  0,  0,  0,  1,  0,  1,  0,  0, ],
[ 0,  0,  0,  0,  0,  0,  0,  0,  0, 11,  0,  0,  0,  0,  0,  0,  0,  0,  0,  0,  0,  0,  0,  0, ],
[ 0,  0,  0,  0,  0,  0,  0,  0,  0,  0,  0,  0,  0,  0,  0,  0,  0,  0,  0,  0,  0,  0,  0,  0, ],
[14,  0,  6,  0,  0,  0,  0,  0,  2,  0,  0,  0,  0,  0,  0,  0,  0,  0,  0,  0,  0,  0,  0,  0, ],
[ 0, 13,  0,  0,  0,  0,  0,  0,  0,  0,  0,  0,  0,  7,  0,  0,  0,  0,  0,  0, 12,  0,  0,  0, ],
[ 0,  0,  0,  0,  0,  0,  0,  0,  8, 11,  0,  0,  0,  0,  0,  0,  0,  0,  0,  0,  0,  0,  8,  0, ],
[ 0,  0,  0,  0,  0,  0,  0,  0,  0,  0,  0,  0,  0,  0,  0,  0,  0,  0,  0,  1,  0,  0,  5,  0, ],
[ 0,  0,  0,  0,  0,  0,  0,  0,  0,  0,  0,  0,  0,  0,  0,  0,  0,  0,  0,  0,  0,  0,  0,  6, ],
[ 0,  0,  0,  0,  0,  0,  0,  0,  0,  0,  0,  0,  0,  0, 10,  0,  0,  0,  0,  0,  0,  0,  0,  0, ],
[ 0,  1,  0,  0,  0,  0,  0,  0, 13,  0,  0,  0,  0,  0,  0,  0,  0,  0,  0,  0,  0,  0,  0,  0, ],
[ 0,  0,  0,  0,  0,  0,  0,  0,  0,  0,  0,  0,  0,  0,  0,  0,  0,  0,  0,  0,  0,  0,  0,  0, ],
[ 0,  0,  0,  0,  0,  0,  0,  0,  0,  0,  0,  0,  0,  0, 11,  0,  0,  0,  0,  0,  0,  0,  0,  0, ],
[ 0,  0,  0,  0,  0,  0,  0,  0,  0,  0,  0, 12,  0,  0,  0,  0,  0,  0, 11,  0,  0,  0,  0,  0, ],
[ 0,  0,  0,  0,  0,  0,  0,  0,  0,  0,  0,  0,  1,  0,  0,  0,  0, 11,  0,  0,  0, 11,  0,  2, ],
[ 0,  0,  0,  0,  0,  0,  0,  0,  0,  0,  0,  0,  0,  0,  0,  0, 10,  0,  0,  0,  0,  0,  0,  0, ],
[ 0,  0,  0,  0,  0,  0,  3,  0,  4,  0,  0,  0,  0,  0,  0,  0,  0,  0,  0,  0,  0,  0,  0,  0, ],
[ 0,  0,  0,  0,  0,  0,  4,  0,  0,  0,  0,  0,  0,  0,  0,  0,  0,  0,  0,  0,  0,  0,  0,  0, ],
[ 4,  0,  0,  0,  0,  0,  0,  0,  0,  0,  0,  0,  0,  0,  0,  0,  0,  0,  0,  0,  0,  0,  0,  0, ],
[ 0,  0,  0, 11,  0,  0,  0,  0,  0,  0,  0,  0,  0,  0,  0,  0,  0,  0,  0,  0,  0,  0,  8,  0, ],
[ 0,  0,  0,  1,  0,  0,  0,  0,  0,  9,  0,  0,  0,  0,  2,  0,  0,  0,  0,  0, 11,  0,  0,  0, ],
[ 0,  0,  0,  0,  0,  0,  0,  0, 14,  0,  0,  0,  0,  0,  0,  0, 14,  0,  0, 12,  0, 13,  0,  0, ],
[ 0,  0,  0,  0,  0,  0,  0,  0,  0,  0,  0,  0,  0,  0,  0,  0,  0,  0,  0,  7,  0,  0,  0,  0, ],
[ 0,  0,  0,  0,  0,  0,  0,  0,  0, 10,  0, 10,  0,  0,  0,  0,  0,  0,  0,  0,  0,  0,  0,  0, ],
[12,  0,  0, 12,  0,  0,  0,  0,  0,  0,  0,  0,  0,  0,  0,  7,  0,  0,  0,  3,  0,  0,  0,  0, ],
[ 0,  0,  0,  0,  0,  0,  0, 12, 11,  0,  0,  5,  0, 10,  0,  0,  0,  0,  0,  0,  0,  0,  0,  0, ],
[10,  0,  0,  0,  0,  8,  0,  0,  0,  0,  0,  0,  0,  0,  0,  0,  0,  0,  0,  0,  0,  0,  0,  0, ],
[ 9,  0,  1,  0,  0,  0,  0,  0,  0,  0, 13,  0,  0,  0,  0,  0,  0,  0,  0,  0,  0,  0,  0,  0, ],
[ 0,  0,  0,  0,  0,  0,  0,  0,  0,  0,  0,  0,  0,  0,  0,  0,  0,  0,  2,  3,  0,  0,  0,  0, ],
[ 0,  6,  5,  0,  0,  0,  0,  0,  0, 11,  0,  0,  0,  0,  0,  0,  0, 10,  0,  0,  0,  0,  0,  0, ],
[ 0,  0,  0,  0, 13,  0,  3,  0,  0,  0,  0,  7,  0,  0,  0,  0,  7,  0,  2,  0,  0,  0,  0,  0, ],
[ 0,  0,  0,  0,  0,  0,  0,  0,  0,  0,  0,  0,  0,  0,  0,  3,  0,  0,  0,  0,  0,  0, 11,  0, ],
[ 0,  6,  0,  0,  0,  0,  0,  0,  0, 11,  0,  0,  0,  0,  6,  0,  0,  0,  0,  0,  0,  0,  0,  0, ],
[ 0,  0,  0,  0,  0,  0,  0,  0,  0, 14,  0,  0,  0,  0,  0,  0,  0,  0, 12,  0,  0,  0,  0,  0, ],
[ 0,  0,  0,  0,  0,  0,  0,  0,  0,  0,  0,  0,  0,  0,  0,  0,  4,  0,  0,  0,  0,  0,  0,  0, ],
[ 0,  0,  0, 12,  0,  0,  0,  3,  0,  0,  0,  0,  0,  0,  0,  0,  0,  0,  0,  0,  2,  0,  0,  0, ],
[ 0,  6,  0,  0,  0,  0,  0,  0,  0,  0,  0,  0,  0, 14,  0,  9,  7,  0,  0,  0,  0,  0,  0,  0, ],
[ 3,  0,  0,  0,  0,  0,  0,  0,  1,  0,  0,  0, 10,  6, 13,  0,  0,  0,  0,  0,  0,  0,  0,  0, ],
[ 0,  0,  0,  0,  0,  0,  0,  0,  4,  0,  0,  0,  5,  0,  0,  0,  0,  0,  0,  0,  0,  0,  0,  0, ],
[ 0,  0,  0,  0,  0,  0,  0,  0, 10,  0,  0,  0,  0,  0,  0,  0,  0,  0,  0,  0,  0,  3,  0,  0, ],
[ 0,  0,  0,  0, 13,  0,  0,  2,  0,  0,  0,  0,  0,  0,  0,  0,  0,  0,  0,  0,  0,  0,  0,  0, ],
[ 0,  0,  0,  0,  0,  0,  0,  0,  0,  0,  0,  0,  0,  0,  0,  0,  0,  0, 14,  0, 11,  0,  0,  1, ],
[14,  0,  0,  0,  0,  0,  0,  0,  0,  5,  0,  0,  0,  0,  0,  0,  0,  0,  0,  0,  0,  6,  0,  0, ],
[ 0, 14,  0,  0,  1,  0,  9,  0, 13,  0,  0,  0,  0,  0,  0,  0,  0,  0,  0,  0,  0,  6,  0,  0, ],
[ 0,  0,  0,  0,  0,  0,  0,  0,  0,  0, 12,  0,  0,  0,  0,  0,  0,  0,  0,  1,  0,  0, 10,  0, ],
[ 0,  0,  0,  0,  0,  0,  0,  0,  0,  0, 11,  0,  0,  0,  0,  0,  0,  0,  0,  0,  0,  0,  0,  0, ],
[ 0,  0,  0,  0,  0,  0,  0,  0,  0,  0,  0,  0,  0,  0,  0,  0,  0,  7,  0,  0,  0,  0,  0,  0, ],
[ 0,  0,  0,  0,  0,  0,  0,  0,  0,  0,  0, 10,  0,  0,  0,  0,  0,  0,  0,  0,  0,  0,  0,  0, ],
[ 0,  0,  0,  0,  0,  0,  0,  0,  0,  0,  0,  0,  0, 12,  0,  0,  0,  0,  0,  0,  0,  0,  0,  0, ],
[ 0,  0,  0,  0,  0,  0,  0,  0,  0,  0,  0,  0,  0,  0,  0,  0,  0,  0,  0,  0,  0,  0,  0,  0, ],
[ 0,  0,  0,  0,  0,  0, 12,  0,  0,  0,  0,  0,  0,  0,  0,  0,  0,  0,  0,  0,  0,  0,  0,  0, ],
[ 0,  4,  0,  0,  7,  0,  0,  0, 13,  0,  0,  0,  0,  0,  0,  0,  0,  5,  0,  0,  0,  0,  0,  0, ],
[ 0,  0,  0,  0,  0,  0,  0,  0,  0,  0,  0,  0,  0,  0,  0,  0,  0,  0,  0,  0,  0,  0,  0,  0, ],
[ 0,  0,  0,  5,  0,  0,  0,  0,  0,  0,  2,  0,  0,  0,  0,  0,  0,  0,  0,  0, 14,  0,  6,  5, ],
[ 0,  0,  0,  0,  0,  0,  0,  0,  0,  0,  0,  0,  0,  0,  0,  0,  0,  0,  0, 14,  0,  0,  0,  0, ],
[ 0,  6,  0,  0,  0, 11,  0,  0,  0,  0,  0,  0,  0,  0,  0,  0,  0,  0,  0,  0,  0,  0,  0,  1, ],
[ 0,  8,  0,  0,  0,  0,  0,  0,  2,  0,  0,  0,  0,  0,  0,  0,  0,  0,  0,  0,  0,  0,  0,  0, ],
[11, 11,  0,  0,  0,  0,  0,  0,  0,  0,  0,  0,  0,  0, 14,  0,  0,  0,  0,  0,  0,  0,  0,  0, ],
[ 0,  0,  0,  0,  0,  0,  0,  0,  0,  0,  0,  0,  0,  0,  0,  0,  0,  0,  0,  0,  0,  0,  0,  9, ],
[ 0,  0,  0,  0,  0,  0,  0,  0,  0,  0,  0,  0,  3,  0,  0,  0,  0,  0,  9,  6,  0,  0,  0,  0, ],
[ 0,  0,  0,  0,  0,  0,  0,  0,  0,  0,  0,  0,  0,  0,  0,  1,  0,  4,  0,  0,  0,  0,  0,  0, ],
[ 0,  0,  0,  0,  0,  0,  0,  0,  0,  0,  0,  0,  0,  0,  0,  0,  0,  0,  0,  0,  0,  0,  0,  0, ],
[ 0,  0,  0,  0,  0,  0,  0,  0,  0,  0,  0,  0,  0,  0,  0,  0,  0,  0,  0,  0,  0,  0,  0,  0, ],
[ 0,  0,  0,  0,  0,  0,  0,  0,  0, 10,  0,  0,  0,  0,  0,  0,  0,  0,  0,  0,  0,  0,  0,  0, ],
[ 0,  0,  0,  0,  0,  9,  0, 11,  0,  0,  0,  1,  0,  0,  0,  7,  0,  0,  0,  9,  0,  0,  0,  4, ],
[ 0,  0,  0,  0,  0,  0,  0,  0,  0,  0,  0,  0,  0,  0,  0,  0,  0,  0,  0,  0,  0,  0,  0,  0, ],
[ 0,  0,  0,  6,  0,  0,  0,  0,  0,  0,  0,  0,  0, 12,  0, 10,  1,  4,  0,  0,  0,  0,  0,  0, ],
[ 0,  0,  0,  3,  0,  0,  0,  0,  0,  0,  0,  0,  0,  0,  0,  0,  9,  0,  0,  0,  0,  0,  0,  0, ],
[ 0,  0,  0,  0,  0,  0,  0,  0,  0,  0,  0, 11,  0,  0,  0,  0,  3, 12,  0,  0,  0,  0,  0,  3, ],
[ 0,  0,  0,  2,  0,  0,  0,  0,  4,  0,  8,  0,  0,  0,  0,  0,  0,  0,  9,  0,  0,  0,  0,  0, ],
[ 0,  0,  0,  0,  0,  0,  0,  0,  0,  0,  0,  3,  0,  0,  0,  0,  0,  0,  0,  0,  0,  0,  0,  0, ],
[ 3,  0, 11,  0,  7,  0,  2,  0,  0,  0,  0,  0,  0,  0,  6,  0,  0,  0,  0, 14,  0,  0,  0,  0, ],
[ 0,  0,  0,  0,  0,  0,  0,  8,  0,  0,  6,  8,  0,  0,  0,  0,  0,  0,  0,  0,  0,  0,  0,  0, ],
[ 0,  0,  0,  0,  0,  0,  0,  7,  0,  0,  0,  0,  0,  0,  0,  0,  0,  0,  0,  0,  0,  0,  0,  0, ],
[ 0,  0,  1,  0,  0,  0,  0,  0,  0,  0,  0,  0,  0,  0,  0,  0,  0,  0,  0,  0,  0,  0,  9,  0, ],
[ 0,  0,  0,  0,  0,  0,  0,  0,  0,  0,  0,  0,  0,  0,  0,  0,  0,  0,  0,  0,  0,  0, 11, 11, ],
[ 0,  0,  0,  0,  0,  0,  0,  0,  0,  0,  0,  0,  0,  0,  0,  0,  3,  0,  0,  0, 12,  0,  0,  0, ],
[ 0,  0,  0,  0,  1, 13,  0,  0,  0, 13,  8,  0,  0,  0,  0,  0,  0,  0,  0,  0, 12,  0,  0,  0, ],
[ 0,  0,  0,  0,  0,  0,  0,  0,  0,  0,  0,  2,  8,  0,  0,  0,  0,  0,  0,  0,  0,  0,  0,  0, ],
[ 0,  0,  0,  0,  0,  0,  0,  0,  0,  0,  0,  0,  0,  0,  0,  0,  0,  0,  0,  0,  0,  0,  0,  0, ],
[ 0,  0,  0,  0,  0,  0,  0,  0,  0,  0, 12,  0,  0,  0,  0,  0,  0,  0,  0,  0,  0,  0,  0,  0, ],
[ 0,  0,  0,  0,  0,  0,  4,  0,  0,  0,  0,  0,  0,  0,  0,  0,  0,  0,  0,  0,  0,  0,  0,  0, ],


[0.4107, -0.0991, ],
[0.0933, -0.2455, ],
[-0.0747, -0.3702, ],
[-0.0658, 0.2335, ],
[-0.4670, -0.2843, ],
[0.5133, -0.0777, ],
[-0.6338, 0.3886, ],
[-0.0528, 0.3203, ],
[0.8568, 0.3737, ],
[-0.8064, 0.6284, ],
[0.5222, 0.1516, ],
[-0.1094, -0.4763, ],
[-0.6055, -0.0890, ],
[0.5478, 0.2255, ],
[0.5716, 0.6045, ],
[-0.2962, -0.1375, ],
[-0.4893, -0.6356, ],
[0.2825, -0.6117, ],
[0.5363, 0.4641, ],
[-0.1869, -0.6427, ],
[0.8928, 0.5016, ],
[0.0561, 0.0863, ],
[0.6205, 0.0350, ],
[1.0000, -0.7224, ],
[0.7680, 0.0273, ],
[0.2180, 0.2175, ],
[0.6680, -0.4214, ],
[0.2524, 0.9379, ],
[0.2605, 0.2539, ],
[0.6914, 0.5029, ],
[-1.0000, 0.3463, ],
[-0.0791, 0.2961, ],
[0.6780, -0.1230, ],
[0.4100, 1.0000, ],
[0.1309, 0.7638, ],
[-0.4870, 0.9618, ],
[0.5075, -0.1602, ],
[-0.3448, 0.0068, ],
[-0.2692, 1.0000, ],
[1.0000, 0.2237, ],
[0.5101, -0.8992, ],
[0.0689, 0.3032, ],
[0.2873, 0.5368, ],
[0.3896, -0.9136, ],
[0.1784, -0.2441, ],
[0.2136, 0.1660, ],
[0.7037, -0.2652, ],
[-0.5537, -0.1406, ],
[-0.7502, -0.7156, ],
[0.8782, 1.0000, ],
[0.5216, -0.2514, ],
[0.6566, -0.4706, ],
[0.0266, -0.9348, ],
[-0.0676, -0.6759, ],
[0.6891, 0.5185, ],
[0.3993, -0.4394, ],
[0.6639, -0.2173, ],
[0.3906, 0.2205, ],
[-0.8141, 0.4468, ],
[0.1822, -0.4621, ],
[0.6453, 0.3539, ],
[-0.4912, 0.1473, ],
[-0.6005, -0.1613, ],
[0.2254, 0.2645, ],
[0.9989, -0.1462, ],
[0.3450, -0.8109, ],
[0.3129, 0.3534, ],
[0.2618, -0.5183, ],
[0.3468, 0.3346, ],
[0.6740, 0.0790, ],
[-0.3849, 0.4922, ],
[0.1495, 0.3025, ],
[-0.1938, 0.1300, ],
[0.0158, 0.4162, ],
[0.3423, 0.6899, ],
[-0.9820, -0.1099, ],
[0.7443, 0.2264, ],
[1.0000, 0.9585, ],
[0.0671, 0.3804, ],
[0.9760, -0.7495, ],
[0.4790, 0.5206, ],
[-0.4109, 0.5732, ],
[-1.0000, -0.1985, ],
[-0.5096, 0.7455, ],
[-0.2813, 0.1552, ],
[-0.4981, -0.3963, ],
[0.1868, 0.7747, ],
[1.0000, 0.1886, ],
[0.5298, -1.0000, ],
[0.1714, -0.1846, ],
[-0.4993, -0.1370, ],
[-0.3746, -0.5225, ],
[0.0242, 0.5829, ],
[-0.5694, -0.4704, ],
[-0.4398, -1.0000, ],
[-0.0121, -0.2950, ],
[-0.4644, 0.1398, ],
[1.0000, 0.4113, ],
[0.9551, 0.4626, ],
[0.3548, -0.6110, ],


[3.0000, ],
[13.0000, ],
[3.0000, ],
[7.0000, ],
[3.0000, ],
[8.0000, ],
[11.0000, ],
[4.0000, ],
[15.0000, ],
[4.0000, ],
[0.0000, ],
[4.0000, ],
[9.0000, ],
[12.0000, ],
[7.0000, ],
[5.0000, ],
[16.0000, ],
[0.0000, ],
[6.0000, ],
[9.0000, ],
[4.0000, ],
[0.0000, ],
[8.0000, ],
[11.0000, ],
[10.0000, ],
[3.0000, ],
[3.0000, ],
[4.0000, ],
[5.0000, ],
[0.0000, ],
[4.0000, ],
[8.0000, ],
[10.0000, ],
[4.0000, ],
[4.0000, ],
[2.0000, ],
[2.0000, ],
[7.0000, ],
[9.0000, ],
[16.0000, ],
[3.0000, ],
[8.0000, ],
[13.0000, ],
[14.0000, ],
[7.0000, ],
[8.0000, ],
[3.0000, ],
[13.0000, ],
[13.0000, ],
[6.0000, ],
[10.0000, ],
[8.0000, ],
[2.0000, ],
[7.0000, ],
[13.0000, ],
[14.0000, ],
[4.0000, ],
[6.0000, ],
[5.0000, ],
[9.0000, ],
[9.0000, ],
[15.0000, ],
[9.0000, ],
[4.0000, ],
[3.0000, ],
[4.0000, ],
[4.0000, ],
[0.0000, ],
[4.0000, ],
[11.0000, ],
[0.0000, ],
[12.0000, ],
[4.0000, ],
[8.0000, ],
[4.0000, ],
[12.0000, ],
[3.0000, ],
[8.0000, ],
[3.0000, ],
[0.0000, ],
[0.0000, ],
[4.0000, ],
[16.0000, ],
[0.0000, ],
[14.0000, ],
[5.0000, ],
[12.0000, ],
[9.0000, ],
[2.0000, ],
[17.0000, ],
[9.0000, ],
[3.0000, ],
[4.0000, ],
[8.0000, ],
[6.0000, ],
[16.0000, ],
[4.0000, ],
[0.0000, ],
[4.0000, ],
[2.0000, ],


