[ 0,  0,  0,  0,  0,  0,  0,  0,  0, 13,  0,  0,  0,  0,  0,  0,  0,  0,  0,  0,  0,  0,  0,  0, ],
[ 0,  0,  0,  0,  0,  0,  0,  0,  0,  0,  0,  0,  0,  0,  0,  0,  0,  0,  0,  0,  0,  0,  0,  0, ],
[ 0,  0,  0,  1,  0,  0,  0,  0,  0,  0,  0,  0,  0,  0,  0,  0,  0,  0,  0,  0,  0,  0,  0,  0, ],
[13,  5,  0,  0,  0,  0,  0,  0,  0,  0,  0,  0,  0,  0,  0,  0,  0,  0, 12,  0,  0,  0,  0,  0, ],
[ 0, 13,  0,  0,  0,  0,  3,  0,  0,  0,  0,  0,  0,  0, 11,  0,  0,  0,  0,  2,  0,  0,  3,  0, ],
[ 0, 13,  0,  0,  0,  0,  0,  0,  0,  0,  0,  0,  4,  0,  0, 14,  0,  0,  0,  0,  0,  0,  4,  0, ],
[ 0,  4,  0,  0,  0,  0,  0,  0,  0,  0,  0, 14,  0,  0,  0,  0,  0,  0,  0,  2,  0,  0,  0,  0, ],
[ 0,  0, 14, 11,  0, 10,  0,  3,  6,  0,  0,  0,  0,  2,  0,  0,  0,  0,  0,  0,  0,  0,  0,  0, ],
[ 0,  0,  0,  0,  0,  0,  0,  2,  0,  0,  0,  0,  0,  0,  2,  0, 11,  0,  0,  0,  0,  3,  2,  0, ],
[ 0,  0,  0,  0,  0,  0,  0,  0,  0,  0,  0,  0,  0,  0,  0,  0,  0,  0,  0,  0,  0,  0,  0,  0, ],
[ 2,  0,  0,  0,  0,  0,  0,  0,  4,  0,  0,  0,  0,  0,  1,  0,  0,  0,  0,  0,  0,  0,  0,  0, ],
[ 0,  0,  0,  0,  0,  0,  0, 11,  0,  0,  0,  0,  0,  0,  0,  0,  0,  0,  0,  0,  0,  0,  0,  0, ],
[ 0,  0,  0,  0,  0,  0,  0,  0,  0,  0,  0,  0,  0,  0,  0,  0,  0,  0,  0,  8,  8,  0,  0,  0, ],
[ 0,  0,  0,  0,  0,  0,  0,  6,  0,  0,  0,  0,  0,  0,  0,  0,  0,  0,  0,  0,  0,  0,  0,  0, ],
[ 0,  0,  0,  7, 11,  0,  0,  0,  0,  0,  0,  0,  0,  0,  0,  0,  0,  0,  0,  0,  0,  6,  0,  0, ],
[ 0,  0,  0,  0,  0,  0,  0,  0,  0,  0,  0,  0,  0,  2,  0,  5,  0,  0, 10,  0,  0,  0,  0,  0, ],
[ 0,  0,  0,  0,  0,  5,  0,  6,  0,  0, 13,  0,  0,  0,  1,  0,  0,  0,  0,  0,  0,  0,  0,  0, ],
[ 0,  0,  0,  0,  0,  0,  0,  0,  0,  0,  0,  0,  8,  0,  0,  0,  0,  0,  0,  0,  0,  0,  0,  0, ],
[13,  0,  0,  2,  0, 10,  0,  0,  0,  0,  0,  0,  0,  0,  2,  0,  0,  0,  0,  0,  0,  0,  0,  0, ],
[ 0,  0,  0,  0,  0,  0,  0,  0,  0,  0, 11,  0,  0,  5,  0,  0,  0,  0,  0,  0,  0,  0,  0,  0, ],
[ 0,  0,  7,  0,  0,  0,  4,  0,  0,  0,  0,  0,  0,  0,  0,  0,  0,  0,  0,  0,  0,  0,  0,  0, ],
[ 0,  0,  0,  0, 11,  0,  0,  0,  0,  0,  0,  0,  2,  0,  0,  0,  0,  0,  9,  0,  2,  0,  0,  0, ],
[ 0,  8,  0,  0,  0,  0,  0,  0,  0,  0,  0,  0,  0,  0,  0,  0,  0,  0,  6,  0,  0,  0,  0,  0, ],
[ 0,  0,  0,  9,  0,  0,  0,  0,  0,  0,  0,  0,  0,  0,  0,  0,  0,  8,  0,  0,  0,  0,  0,  0, ],
[ 0,  0,  0,  0,  0,  0,  9,  0,  0,  0,  0,  0,  2,  0,  0,  0,  0,  1,  0,  0,  3,  0,  0,  0, ],
[ 0,  0,  0,  0, 13,  0,  0,  3,  0,  0,  0,  1,  0,  0,  0,  0,  0,  0,  0,  0,  0,  0,  3,  0, ],
[ 0,  0,  7,  0,  0,  0,  0,  0,  0,  0,  0,  0,  0,  0,  1,  0,  0,  0,  0,  0, 14,  0,  0,  0, ],
[ 0,  0,  0,  0,  0,  0,  0,  0,  0,  0,  0,  0,  0,  0,  0,  0,  0,  0,  0,  0,  0,  0,  0,  0, ],
[ 0,  0,  0,  0,  0,  0,  0,  2,  0,  0,  0,  0,  2,  0,  6,  0,  0,  0,  0,  0,  0,  0,  0,  0, ],
[ 0,  0,  0,  0,  0,  0,  0,  0,  0,  0,  0,  0,  0,  0,  0,  0,  0,  0,  0,  0,  0,  0,  0,  0, ],
[ 0,  0,  0,  0,  0,  0,  0,  0,  0,  0,  0,  0,  0,  8,  0, 12,  0,  0,  0,  0,  0,  0,  6,  0, ],
[ 0,  0,  0,  5,  0,  0, 10,  5,  0,  0,  0,  0,  0,  0,  2,  0,  0,  0,  0,  0,  0,  0,  0,  0, ],
[ 2,  0,  0,  0,  0,  0,  2,  0,  0,  0,  2,  0,  0,  0,  0,  0,  0,  0,  0,  0, 10,  0,  0,  0, ],
[ 0,  0,  0,  0,  0,  0,  0,  0,  0,  0, 14,  0,  0,  0, 10,  1,  2,  0,  0,  0,  0,  0,  0,  0, ],
[ 0,  0,  0,  0,  0,  0,  0,  0,  0,  2,  0,  0,  0,  0,  0,  0,  0,  0,  0,  0,  7,  0,  0,  0, ],
[ 0,  0,  0,  0,  0,  0,  0,  0,  0,  0,  0,  0,  0,  0,  0,  0,  0,  0,  0,  0,  0,  0,  0, 12, ],
[ 0,  0,  0,  0,  7,  0,  0,  6, 11,  0,  0,  0,  0,  0,  0,  0,  0,  0,  0,  0,  0,  0,  0,  0, ],
[ 0,  0,  0, 14,  0,  0,  0,  4,  0,  0,  0,  0,  4,  0,  0,  0,  0,  0,  0,  0,  0,  0,  0,  0, ],
[ 0,  0,  0,  0,  0,  0,  0,  0,  0,  0,  0,  0,  0,  0,  0,  0,  0,  0,  0,  0,  0,  0,  0,  0, ],
[ 0,  0,  0,  0,  0,  0,  0,  0,  0,  0, 14,  0,  0,  0,  0, 12,  0,  0,  0,  0,  0,  0,  0,  0, ],
[ 0,  0,  0,  0,  0,  0,  0,  0,  0,  0,  0,  0,  0,  0,  0,  0,  0,  0,  0,  7,  0,  0,  0,  0, ],
[ 0,  0,  0,  0,  0,  0,  0,  0,  0, 10,  0,  0,  0,  0,  0,  0,  0,  0,  0,  0, 10,  0,  0,  0, ],
[ 0,  0,  0,  0,  0,  0,  0,  0,  0,  0,  0,  0,  0,  0,  0,  0,  0,  5,  0,  0,  0,  0,  0,  0, ],
[ 2,  0,  0,  8,  0,  0,  0,  0,  0,  0,  0,  0,  0,  0,  0,  0,  0,  0,  0,  0,  0,  0,  0,  0, ],
[ 0,  8,  0,  0,  0,  0,  0,  0,  0,  0,  0,  0,  0,  2,  0,  0,  0,  0,  0,  0,  0,  0,  0,  0, ],
[ 0,  0,  0,  0,  0,  0,  0,  0,  0,  0,  0,  0,  0,  0,  0,  0,  0,  0,  5,  0,  0,  0,  0,  0, ],
[ 0,  0, 11,  0,  0,  0,  0,  0,  0,  0,  0,  0,  0,  0,  0,  0,  0,  0,  0,  0,  0,  0,  0,  0, ],
[ 0,  0,  0,  0,  0,  0,  0,  0,  0,  0, 14,  0,  0,  0,  0,  0,  0,  0,  0,  0,  0,  0,  0,  4, ],
[ 0,  0,  6,  0,  0,  0,  3,  0,  0,  0,  0,  0,  0,  0,  0,  1, 13,  0,  0,  0,  0, 12,  0,  0, ],
[ 0,  0,  0,  0,  0,  0,  0,  0,  0,  0,  0,  0,  0,  0,  0,  0,  0,  0,  0,  0,  0,  0,  0,  0, ],
[ 0,  0,  0,  0,  4,  0,  0,  0,  0,  0,  7,  0,  0,  0,  0,  0,  0,  0,  0, 13,  0,  0,  0,  0, ],
[ 0,  0,  0,  0,  0,  0,  0,  0,  0,  0,  0,  0,  2,  0,  0,  9,  0,  0,  0,  0,  0,  0,  0,  0, ],
[ 0,  0,  0,  0,  0,  0,  0,  0,  0,  0,  0,  0,  0,  0,  0,  0,  0,  0,  0,  0,  5,  0,  0,  7, ],
[ 0,  0,  0,  0,  0,  0,  0,  0,  2,  5,  0,  8,  0,  0, 11,  0,  0,  9,  0,  0,  4,  0,  0,  0, ],
[ 1,  0,  0,  0,  0,  0,  0,  0,  0,  0,  0,  0,  0,  0,  0,  0,  0,  0,  0,  0,  0,  0,  0,  0, ],
[ 0,  4,  0,  0,  0,  0,  0,  9,  6,  0,  0,  0,  0,  0,  0,  0,  0,  0,  0,  0,  0,  0,  0,  4, ],
[ 0,  0,  0,  0,  0,  0,  0,  0,  1,  0,  0,  0,  5,  3,  0,  0,  0,  0,  0,  0,  0,  0,  0,  0, ],
[ 6,  0,  0,  0,  0,  0,  0,  0,  7,  0,  0,  0,  0,  0,  5,  0,  0,  0,  0,  0,  0, 13,  0,  0, ],
[ 0,  0,  0,  0,  0,  0, 10,  0,  0,  0,  0,  7,  0,  0,  0,  0,  0,  0,  0,  0,  0,  0,  0,  0, ],
[ 0,  0,  0,  9,  0,  0,  0,  0,  8,  0,  0,  0, 13,  0,  0,  0,  0,  0,  0,  0,  0,  0,  0,  0, ],
[ 0,  0,  0,  0,  0,  0,  0,  0,  0,  0,  0,  0,  0,  0,  0,  0,  0,  0,  0,  0,  0,  0, 10,  0, ],
[ 0,  0,  0,  0,  0,  0,  0,  0,  0,  0,  0,  0,  0,  0, 13,  0,  0,  0,  0,  0,  0,  0,  0,  0, ],
[ 0,  0,  0,  0,  0,  0,  0,  0,  0,  0,  0,  0,  0,  0,  0,  0,  4,  0,  0,  0,  0,  0,  0,  5, ],
[ 0,  0,  0,  0,  0,  0,  0,  0,  0,  0,  9,  0,  0,  5,  0,  0,  0,  0,  0,  0,  0,  0, 11,  0, ],
[ 0,  0,  0,  0,  2,  0,  0,  0,  0,  0,  8,  0,  0,  0,  0,  0,  0,  0,  0,  0,  0,  0,  0,  0, ],
[ 0,  0,  0,  0,  0,  0,  0,  0,  0,  0,  0,  0,  0,  0,  0,  4,  0,  0,  0,  0,  0,  0,  0,  5, ],
[ 0,  0,  0,  0,  5,  0,  0,  0,  0,  0,  0,  0, 14,  0,  0,  0,  0,  0,  0,  0,  0,  0,  0, 10, ],
[10,  0,  0,  2,  7,  0,  0,  0,  0,  0,  0,  0,  0,  0,  0,  0,  0,  0,  0,  0,  0,  0,  0,  0, ],
[ 0,  0,  0,  0,  0,  6,  0,  0,  0,  0,  0,  0,  4,  0,  0,  0,  1,  0,  0,  0,  0,  0,  0,  0, ],
[13,  0,  4,  0,  0,  0,  0,  0,  0,  0, 12,  0,  0,  0,  0,  0,  0,  0, 11,  0,  6,  0,  0,  0, ],
[ 0,  0,  0,  0,  0,  0,  0,  0,  0,  0,  0,  0, 12,  0,  0,  0,  0,  0,  0,  0,  0,  0,  0,  0, ],
[ 0,  0,  0,  0,  3, 12,  0,  0, 13,  0,  0,  0,  9,  0,  0,  0,  0,  0,  0,  0,  0,  0,  0,  0, ],
[ 0,  0,  0,  0,  0,  0,  0,  0,  0,  0,  0,  0,  0,  0,  8,  0,  0,  0,  0,  0,  0, 14,  3,  0, ],
[ 0,  0,  0,  8,  0,  0,  0,  0,  0,  0,  0,  0,  3,  0,  0,  1,  0,  0,  0,  0,  0,  4,  0,  0, ],
[ 0,  0,  0,  0,  0,  0,  0,  1,  0,  0,  0,  0,  0,  0,  0,  0, 11,  0,  0,  0,  0, 14,  0,  0, ],
[ 0,  0, 10,  0,  0,  0,  0,  1,  0,  6,  0,  0,  0,  0,  0,  0,  0, 11,  3, 11,  0,  0,  0,  0, ],
[ 0,  0,  0,  0,  0,  0,  0,  0,  0,  0,  0,  0,  0,  0,  0,  0,  0, 13,  2,  0,  0,  0,  0,  0, ],
[ 0,  0,  0,  0,  0,  0,  3, 11,  0,  0,  0,  0,  4,  6,  0,  0,  0,  0,  5,  0,  0,  0, 11,  0, ],
[ 0,  0,  0,  0,  0,  0,  0, 12,  0,  0,  0,  0,  0,  0,  0,  0,  0,  0,  0,  0,  0,  0,  1,  0, ],
[ 0,  0,  0,  0,  0,  0,  0,  0,  0,  0,  0, 13, 12,  3,  0,  0,  0,  0,  0,  0,  0,  0,  0, 11, ],
[ 0,  0,  0,  0,  0,  0,  0,  0,  0,  0,  0,  0,  0,  0,  0, 11,  0,  0,  0,  0,  0,  0,  0,  0, ],
[ 0,  0,  0,  2,  0,  0,  0,  0,  0,  3,  0,  2,  0,  0,  0,  0,  0,  0,  0,  0,  0,  0,  0,  0, ],
[ 0,  0,  0,  0,  0,  0,  0, 10,  0,  0,  0,  0,  0,  0,  0,  6,  0,  0,  2,  0,  0,  0,  0,  0, ],
[ 0,  0, 13,  0,  0,  0,  0,  0,  0,  0,  0,  0,  0,  0,  0,  0,  0,  0,  0,  0,  0,  0,  0,  2, ],
[ 0,  0,  0,  0,  0,  0,  0,  0,  0,  0,  0,  0,  0,  0,  0,  0,  0,  0,  0,  0,  0,  0,  0,  0, ],
[ 9,  0,  0,  1,  0,  0,  0,  0,  0,  0,  0,  0,  0,  0,  0,  0,  0,  0,  0,  0,  0,  0,  0,  0, ],
[ 0,  0,  0,  0,  0,  0,  0,  0,  0,  0,  0,  0,  0, 13,  0,  0,  0,  0,  0,  0,  0,  0,  0,  0, ],
[ 0,  0,  0,  0,  0,  0,  0,  0,  0,  0,  6,  0,  0,  0,  0,  0,  0,  0,  0,  0,  0,  0,  0,  5, ],
[ 0,  0,  0,  0,  0,  0,  9,  0,  0,  0,  0,  0,  0,  0,  0,  0,  0,  0,  0,  0,  0,  0,  0,  0, ],
[ 0,  0,  0,  0,  0,  0,  6,  0,  0,  0,  0,  0,  0,  0,  0,  0,  0, 14, 13,  0, 13,  0, 13,  0, ],
[ 0, 10,  0,  0,  0,  0, 10,  9,  0,  0,  0,  0,  0,  0,  0,  0,  0,  5,  0,  0,  0,  0,  0,  0, ],
[ 0,  7,  0,  0,  0,  0,  0,  0,  0,  6,  0,  0,  0,  0,  0,  0,  0,  8,  0,  0,  0,  0,  0,  0, ],
[ 0,  0,  0,  0,  0,  0,  0,  0,  0,  0,  0,  0,  0,  0,  0,  0,  0,  0,  0,  0,  0,  0,  0,  0, ],
[ 0,  7,  0,  8,  0,  0,  0,  0,  0,  0,  0,  0,  0,  0, 11,  0,  0,  0,  0,  0,  0,  0,  0,  0, ],
[ 0,  0,  0,  0,  0,  9,  0,  0,  0,  0,  0,  0,  3,  0,  0,  0,  0,  0,  0,  0,  0,  0,  0,  0, ],
[ 0,  0,  0,  0,  0,  3,  0,  0,  5,  0,  0,  5,  0,  0,  0,  0,  0,  0,  0,  0,  0,  0,  0,  0, ],
[ 0,  0,  0,  0,  0,  0,  0,  0,  0,  0,  0,  2,  0,  0,  0,  0,  0,  0,  7,  0,  0,  0,  0,  5, ],
[ 0,  0,  0,  0,  0,  0,  0,  0,  0,  0,  0,  0,  0,  0,  0,  0,  0,  0,  0,  0,  0,  0,  0,  0, ],
[ 0,  0,  0,  0,  0,  0,  2,  0,  0,  0,  0,  0,  0,  0,  0,  0,  0,  0,  8,  0,  0,  0,  0,  0, ],
[ 0,  0,  0,  0,  0,  0, 12,  0,  0,  0,  0,  0,  0,  0,  0,  0,  0,  0,  0,  0,  0,  0,  0,  0, ],


[0.8339, -0.1540, ],
[0.0066, -0.2319, ],
[0.0130, 0.4884, ],
[-0.1295, -0.4916, ],
[0.3088, 0.9738, ],
[0.6033, 0.5253, ],
[-0.7497, -0.9706, ],
[0.6525, 0.0713, ],
[-0.1327, 0.6148, ],
[-0.4674, -0.0189, ],
[0.5171, 0.0189, ],
[-0.0458, 0.4891, ],
[0.2892, -0.6843, ],
[0.2441, -1.0000, ],
[0.9646, 0.5435, ],
[-0.4170, -0.0686, ],
[0.9981, -0.7390, ],
[0.2413, -0.1010, ],
[-0.1754, -0.0784, ],
[-0.1301, -0.8145, ],
[0.9836, 0.6110, ],
[0.2489, -0.4762, ],
[0.2109, -0.7236, ],
[-0.5527, -0.7541, ],
[0.8457, 0.7418, ],
[0.6014, 0.1017, ],
[-0.4221, -0.3766, ],
[-0.0337, 0.7297, ],
[0.4349, 0.2451, ],
[0.3749, -0.3159, ],
[-0.9236, 0.3463, ],
[-0.0168, 0.5525, ],
[-0.8078, 0.7631, ],
[0.9892, 0.7869, ],
[0.9501, -0.6743, ],
[-0.5513, -0.1261, ],
[0.4002, -0.0253, ],
[0.3436, -0.2267, ],
[-1.0000, -0.4119, ],
[0.7002, 0.5226, ],
[0.7640, -0.9845, ],
[0.1257, 0.1143, ],
[0.0812, -0.1699, ],
[-0.5209, -0.9942, ],
[0.6814, 0.9583, ],
[0.5990, 0.1507, ],
[-0.1764, -0.1749, ],
[-0.6561, 0.4382, ],
[0.2853, 0.5332, ],
[0.9517, 0.9004, ],
[0.2409, -0.0983, ],
[0.6349, -0.3479, ],
[0.3610, -0.7687, ],
[0.7617, -0.2400, ],
[-0.3224, -0.2519, ],
[0.2963, -0.4767, ],
[-0.8588, 0.0711, ],
[-0.6668, -0.0089, ],
[-0.5008, -0.6422, ],
[-0.1628, 0.2155, ],
[0.5920, 0.5995, ],
[-0.0030, 0.6109, ],
[-0.0224, -0.2013, ],
[0.1886, 0.2645, ],
[0.2002, -0.2438, ],
[-0.3260, -0.8192, ],
[0.2753, -0.5753, ],
[-0.8301, -0.6744, ],
[0.0742, -0.2157, ],
[0.7155, 0.0127, ],
[-0.6506, -0.3512, ],
[0.1772, 0.2664, ],
[0.7059, -0.3915, ],
[0.6783, 0.8237, ],
[-0.3109, 0.7956, ],
[-0.9539, 0.1157, ],
[-0.8061, 0.7796, ],
[0.7950, 0.9585, ],
[0.2186, -0.5198, ],
[0.9287, -0.7240, ],
[0.4891, 0.5079, ],
[-0.0929, 0.6132, ],
[0.3140, -0.6773, ],
[-0.4256, 0.7448, ],
[-0.8217, 0.1699, ],
[-0.3286, -0.2345, ],
[-0.7416, 0.5990, ],
[-0.3070, 0.7891, ],
[0.5298, -0.8941, ],
[-0.0202, -0.9437, ],
[-0.4310, -0.7790, ],
[0.6838, 0.7635, ],
[0.9314, -0.4947, ],
[0.8583, -0.1375, ],
[-0.6830, -0.8775, ],
[-0.6191, 0.7920, ],
[0.1627, -0.1116, ],
[0.0836, -0.5417, ],
[0.8688, 0.3149, ],
[-0.8948, 0.5391, ],


[4.0000, ],
[0.0000, ],
[1.0000, ],
[10.0000, ],
[13.0000, ],
[12.0000, ],
[7.0000, ],
[18.0000, ],
[9.0000, ],
[0.0000, ],
[4.0000, ],
[4.0000, ],
[6.0000, ],
[3.0000, ],
[10.0000, ],
[7.0000, ],
[10.0000, ],
[3.0000, ],
[10.0000, ],
[6.0000, ],
[5.0000, ],
[9.0000, ],
[6.0000, ],
[6.0000, ],
[7.0000, ],
[9.0000, ],
[8.0000, ],
[0.0000, ],
[5.0000, ],
[0.0000, ],
[10.0000, ],
[9.0000, ],
[7.0000, ],
[10.0000, ],
[4.0000, ],
[4.0000, ],
[10.0000, ],
[8.0000, ],
[0.0000, ],
[8.0000, ],
[3.0000, ],
[8.0000, ],
[2.0000, ],
[4.0000, ],
[4.0000, ],
[2.0000, ],
[4.0000, ],
[6.0000, ],
[14.0000, ],
[0.0000, ],
[9.0000, ],
[4.0000, ],
[5.0000, ],
[15.0000, ],
[1.0000, ],
[10.0000, ],
[5.0000, ],
[12.0000, ],
[7.0000, ],
[10.0000, ],
[4.0000, ],
[4.0000, ],
[4.0000, ],
[9.0000, ],
[4.0000, ],
[4.0000, ],
[10.0000, ],
[8.0000, ],
[6.0000, ],
[17.0000, ],
[4.0000, ],
[13.0000, ],
[9.0000, ],
[8.0000, ],
[9.0000, ],
[18.0000, ],
[5.0000, ],
[17.0000, ],
[5.0000, ],
[14.0000, ],
[4.0000, ],
[4.0000, ],
[8.0000, ],
[5.0000, ],
[0.0000, ],
[4.0000, ],
[4.0000, ],
[5.0000, ],
[3.0000, ],
[19.0000, ],
[13.0000, ],
[9.0000, ],
[0.0000, ],
[10.0000, ],
[5.0000, ],
[6.0000, ],
[6.0000, ],
[0.0000, ],
[4.0000, ],
[4.0000, ],


