[ 0,  0,  0,  0,  0,  0,  0,  0,  0,  0,  0,  0,  0,  0,  0,  0,  5,  9,  0, 10,  0,  0,  0,  0, ],
[ 0,  0,  0,  0,  0,  0, 11,  0,  0,  0,  0,  0,  0,  0,  0,  0,  8,  0,  0,  0,  0,  0,  0,  0, ],
[ 0,  0,  0,  0,  0,  0,  0,  0,  0,  0,  6,  0,  0,  0,  0,  0,  0,  0,  0,  0,  0,  0,  0,  0, ],
[ 0,  0,  3,  0,  0,  0, 11,  0,  0,  0,  0,  0,  0,  0,  0,  0,  0,  0,  0,  1,  0,  0,  0,  0, ],
[ 0,  0,  0, 14,  0,  0,  4,  3,  0,  0,  0,  0,  0,  0,  0,  0,  0,  0,  0,  0,  0, 14,  0,  0, ],
[ 2,  0,  0,  0,  2,  0,  0,  0,  0,  0,  0,  0,  0,  0,  0,  0,  0,  0,  0,  0,  0,  0, 14,  0, ],
[ 0,  0,  0,  0,  0,  0,  0,  0,  0,  0,  0,  0,  1,  0,  0,  0,  0,  0,  0,  0,  0,  3,  0,  0, ],
[ 0,  0,  0,  0,  0,  0,  0,  0,  6,  0, 10,  0,  0,  0,  0,  0,  0,  0,  0,  0,  0,  0,  0,  0, ],
[ 0,  0,  0,  0,  0,  0,  0,  0,  5,  0,  4,  0,  0,  0,  0,  0,  0,  0,  0,  0,  0,  0,  0,  0, ],
[ 0,  0,  3,  0,  0,  1,  0,  0,  0,  0,  0,  0,  0,  0,  0,  0,  0,  0,  0,  0,  8,  0,  0,  0, ],
[ 0,  0,  0,  0,  0,  0,  0,  0,  0,  0,  0,  0,  0,  0,  0,  0,  0,  0,  0,  0,  0,  0,  0,  0, ],
[ 1,  0,  0,  5,  0,  0,  0,  0,  0,  9,  5,  0,  0, 14,  1,  0,  0,  0,  0, 12,  0,  0,  0,  0, ],
[ 0,  0,  4,  0,  0,  0,  0,  0,  1,  0,  0,  0,  0,  0,  0,  0,  0,  0,  0,  0,  0,  0,  0,  2, ],
[ 5,  0,  0,  0,  0,  0,  0,  0,  0,  0,  0,  0,  0,  0,  0,  0,  0,  0,  0,  0,  0,  0,  0,  0, ],
[ 0,  0,  8,  0,  0,  0,  0,  0,  1,  0,  0,  0,  0,  0,  0,  0,  0, 12,  0,  0,  0,  0,  0,  0, ],
[ 0,  0,  0, 11,  0,  0,  0,  0,  0,  0,  0,  0,  0, 13,  0,  0,  0,  0,  0,  0,  2,  0,  0,  0, ],
[ 0,  0,  0,  1,  0,  0,  0,  0,  0,  0,  2,  6,  0,  0,  0,  0,  0,  0,  0, 13,  0,  9,  0,  0, ],
[ 0,  0,  5,  0, 12,  0,  0,  0,  0,  0,  0,  0,  0,  0,  0,  0,  0,  0,  0,  0,  0,  0,  0,  0, ],
[ 0,  0,  0,  0,  0,  0,  0,  0,  0,  0,  0,  0,  0,  0,  0,  0,  0,  0,  0,  0,  0,  0,  5,  6, ],
[ 0,  0,  0,  0,  0,  0,  0,  0,  0,  0,  0,  0,  7,  0,  0,  0,  0,  0,  0,  0,  0,  0,  0,  0, ],
[13,  0,  0,  0,  0,  0,  0,  5,  0,  0,  0,  0,  0,  0,  0,  0,  0,  0,  0,  0,  0,  0,  0,  0, ],
[ 0,  0,  0,  0,  0,  0,  0,  0,  0,  0,  0,  0,  0, 14,  0,  0,  0,  2,  0,  0,  8,  0,  0,  0, ],
[ 0,  0,  0,  0,  0,  0,  0,  0, 10,  0,  0,  0,  0,  0,  0,  0,  0,  0,  0,  0,  0,  0,  0,  0, ],
[ 0,  0,  0,  0,  0,  0,  0,  0,  0,  4,  0,  0,  0,  0,  0,  0,  0,  0,  0,  0,  0,  0,  0,  0, ],
[ 0,  0,  0,  0,  6,  0,  0,  0,  0,  0,  0,  0,  0,  0,  0,  3,  0,  0,  0,  0,  0,  0,  0,  0, ],
[ 0,  0,  0,  0,  0,  0,  0,  0,  0,  0,  0,  0,  0,  0,  0, 12,  0,  0,  0,  0,  0,  0,  0,  0, ],
[ 4,  0,  0,  0,  0,  0,  0,  0,  0,  0,  0,  0,  0,  0,  0,  0,  0,  0,  0,  0,  0,  0,  0,  0, ],
[ 0,  0,  0,  0,  0,  0,  0,  0,  0,  0,  0,  5,  0,  0,  0,  0,  0,  0,  0, 10,  0,  0,  0,  0, ],
[ 0,  0,  0,  0,  0,  7,  0,  0,  0,  0,  0,  0,  0,  1,  0,  0,  0, 10,  0,  0,  0,  0,  0,  0, ],
[ 0,  0,  0,  0,  0,  0, 14,  0,  0,  0,  0,  0,  0,  0,  0,  0,  0,  0,  0,  0, 11,  0,  0,  0, ],
[ 0,  0, 11,  0,  0,  0,  0, 12,  0,  0,  0,  0,  0,  0,  0,  0,  0,  0, 10,  0,  0,  0,  0,  0, ],
[ 0,  0,  0,  0,  0,  0,  0,  0,  0,  0,  0,  0,  0,  0,  0,  0,  6,  0,  0,  0,  0,  0,  0,  0, ],
[ 0,  0,  0,  0,  0,  0,  0,  0,  0,  0,  0,  0,  0,  0, 10,  0,  0,  0,  6,  0,  0,  0,  0,  3, ],
[ 0,  0,  0,  0,  6,  0,  0,  0,  0,  0,  0,  0,  0,  0,  0,  0, 11,  0, 12,  0,  0,  0,  0,  0, ],
[ 0,  0,  0,  0,  0,  0,  0,  0,  0, 14,  0,  0,  0,  0,  0, 12,  0,  3,  0,  0,  0, 11,  0,  0, ],
[ 0,  0,  5,  0,  0,  0,  0,  0,  0,  0,  0,  0,  0,  0, 11,  0,  0,  0,  0,  8,  0,  0,  0,  0, ],
[ 0,  0,  0,  0,  0,  0,  3,  0,  0,  0,  0,  0,  3,  0,  0,  0,  0,  0,  0,  0,  0,  0,  0,  0, ],
[ 0,  0,  0,  0,  0,  0,  0,  0,  0,  0,  0,  0,  0,  0,  0,  0,  0,  0,  0,  0,  0,  0,  0,  0, ],
[ 0,  0,  5,  0,  0,  0,  0,  0,  0,  0,  0,  0,  0,  0,  0,  0,  0,  0,  0,  0,  9,  0,  0,  0, ],
[ 0,  0,  0,  0,  0,  0,  0,  0,  0,  0,  0,  0,  0,  0,  0,  0,  0,  0,  0,  8,  0,  0,  0,  0, ],
[ 0,  0,  0,  0,  0,  0,  0,  0,  0,  6,  0,  0,  0,  0,  0,  0,  5,  2,  0,  0,  0,  0,  0,  0, ],
[ 0,  0,  0,  0,  0,  0,  0,  0,  0, 10,  0, 10,  0,  0,  0,  0,  0,  0,  0,  0,  0,  0,  0,  0, ],
[ 0,  0,  0,  0, 13,  0,  0,  0,  0,  0,  0,  0,  0,  0,  0,  0,  0,  0,  0,  9,  0,  0,  0,  0, ],
[ 0,  0,  0,  0,  0,  0,  0, 13,  0,  0,  0,  0,  0, 10,  0,  0,  0,  0,  0,  0,  0,  0,  0,  0, ],
[ 0,  0,  0,  0,  0,  0,  0,  0,  5,  0,  0,  0,  0,  0,  0,  0,  0,  0,  3,  0,  9,  0,  0,  0, ],
[ 0, 11,  0,  0,  0,  0,  0,  0,  0,  0,  0,  0,  0,  0,  0,  0,  4,  0,  0,  0,  9,  0,  3,  0, ],
[ 1,  0,  0,  0,  0,  0,  0,  0,  0,  0,  0,  0,  0,  0,  0,  0,  0,  0,  0,  0,  0,  0,  3,  0, ],
[ 6,  0,  0,  0,  0,  0,  0,  0,  0,  0,  0,  0,  9,  0,  0,  0,  8,  0,  0,  0,  0,  0,  0,  0, ],
[ 0,  0,  8,  0,  0,  0,  3,  0,  0,  0,  0,  0,  0,  0,  0,  0,  0,  0,  0, 11,  0,  0,  0,  0, ],
[ 0,  0,  0,  0,  0,  0,  0,  0,  0,  0,  0,  0,  0,  0,  0,  0,  0,  0,  0,  0,  0,  0,  0,  0, ],
[ 0,  6,  0, 14,  0,  0,  0,  0,  0,  0,  0,  0,  0,  0,  0,  0,  0,  0,  0,  0,  0,  0,  0,  0, ],
[ 0,  0,  0,  0,  0,  0,  0,  0,  0,  3,  0,  0,  0,  0,  1,  0,  0,  0,  7,  0,  0,  0,  0,  0, ],
[ 0,  0,  0,  1,  0,  0,  0,  0,  0,  0,  0,  0,  0,  6,  0,  0,  0,  0,  0,  0,  1,  0,  0,  0, ],
[ 0,  0,  0,  0,  0,  3,  0,  0,  0,  0,  0,  0,  7,  0,  0,  0,  0,  0,  0,  0,  0,  0,  0,  0, ],
[ 0,  0,  0,  0,  0,  0,  0,  0,  0,  0,  0,  0,  0,  0,  2,  0,  0,  0,  0,  0,  0,  0,  0,  0, ],
[ 0,  0,  1,  0,  0,  0,  0,  0,  0,  0,  3,  0,  0,  0,  0,  0,  0,  1,  0,  0,  0,  0,  0,  0, ],
[ 0,  7,  0,  0, 14,  0,  0,  0,  0,  0,  1,  2,  0,  0,  0, 11,  0,  2,  0,  0,  0,  0,  0,  3, ],
[ 0,  0,  0,  0,  0,  0,  0, 13, 11,  0,  0,  0,  0,  0,  0,  0,  0,  0,  0,  0,  0,  0,  0,  0, ],
[ 0,  0,  0,  0,  0,  0,  0, 12,  0,  0,  0,  0,  0,  0,  0,  0,  0,  0,  0,  0,  0,  0,  0,  0, ],
[ 5,  0,  0, 13,  0,  0,  0,  0,  0,  0,  0,  0,  0,  0,  0,  0,  0,  0,  0,  0,  0,  0,  0,  0, ],
[ 0,  0,  0, 12,  0,  0,  0,  0,  0,  0,  0,  0,  0,  0,  0,  0,  0,  0,  0,  0,  0,  0,  0,  0, ],
[ 0,  0,  0,  0,  0,  0,  0,  0,  0,  0,  9,  0,  0,  0,  0,  9,  0,  0,  0,  0,  0,  0,  0,  0, ],
[ 0,  0,  0,  0,  0,  0,  0, 11,  0,  0,  0,  0,  0,  5,  0,  0,  0,  0,  0,  0,  0,  0, 10,  0, ],
[ 0,  0,  0,  0,  0,  0,  0,  0,  2,  0,  0, 11,  0,  0,  0,  0,  0,  0,  0,  3,  0,  0,  0,  0, ],
[ 0,  9,  0,  0,  0,  0,  0,  0,  0,  0,  8,  0,  0,  0,  0,  0,  0,  0,  0,  0,  0,  0,  0,  0, ],
[ 0, 14,  0,  0,  0,  0, 12,  0,  0,  0,  0,  0,  0,  0,  1,  0,  7,  0,  0,  0,  0,  0,  0,  0, ],
[ 0,  0,  0,  0,  0,  0,  0,  0,  0,  0,  0,  0,  1,  0,  0,  0,  0,  4,  0,  0,  0,  0,  0,  0, ],
[ 0,  0,  0,  0,  4,  0,  0,  0,  0,  0,  0,  0,  0,  0,  0,  0,  0,  0,  0,  0,  0,  0,  0,  0, ],
[ 0,  0,  0,  0,  0,  6,  0,  0,  0,  0,  0,  0,  7,  0,  0,  0,  0,  0,  0,  0,  0,  0, 14,  0, ],
[ 0,  0,  8,  0,  0,  0,  0,  0,  0,  0,  0,  0,  0,  0,  0,  0,  0,  0,  0,  0,  0,  0,  0,  0, ],
[ 0,  0,  0,  0,  0,  0,  0,  0,  0,  0,  0,  8,  0,  0,  0,  0,  0,  0,  0,  0,  0,  0,  0,  0, ],
[ 0,  0,  0,  0,  0,  0,  0,  0,  0,  0,  0,  0,  0,  0,  0,  0,  0,  0,  0,  0, 14,  0,  0,  0, ],
[ 0,  0,  0,  0,  0,  0,  0,  0,  0,  0,  0,  0, 14,  0,  0,  0,  0,  0,  0,  0,  0,  0,  6,  0, ],
[ 0,  0,  0,  0,  0,  0,  0,  0,  0,  1,  0,  0, 12,  8,  0,  0,  0,  0,  0,  0,  0,  0,  0,  0, ],
[ 0,  0,  0,  1,  0,  0,  0,  0,  0,  0,  0,  0,  0,  0,  6,  0,  0,  0,  0,  0,  0,  0,  0,  0, ],
[ 0,  0,  0,  0,  0,  6,  0,  0,  0,  0,  0,  6,  0,  0, 14,  0,  0,  0,  0,  0,  8,  0,  0,  0, ],
[ 0,  0,  0,  0,  0,  0,  0,  0,  8,  8,  9,  0,  0, 13,  0,  0,  0,  0,  0,  0,  0,  7,  0,  0, ],
[ 0,  0,  0,  0,  0,  0,  0,  0,  0,  0,  0,  0,  0,  0, 11,  6,  0,  0,  0,  0,  0,  0, 13,  0, ],
[ 0,  0,  0,  0,  0,  0,  0,  0,  0,  0,  0,  0,  0,  0,  0,  0,  0,  0,  0,  0,  0,  0,  0, 14, ],
[ 0,  0,  0,  0,  0,  0, 12,  0,  0,  0,  0,  0,  0,  0,  0,  0,  0,  0,  2,  0,  0,  0,  0,  0, ],
[ 0,  0,  0,  0,  3,  0,  0,  0,  0,  0,  0,  0,  0,  0,  0,  3,  0,  0,  0, 13,  0,  0,  0,  0, ],
[ 0,  0,  4,  0,  0,  0,  0,  0, 11,  0,  0,  0,  0,  0,  0,  0,  0,  0,  0,  0,  0,  0,  0,  0, ],
[ 0,  5,  0,  0,  0,  9,  0,  0,  0,  0,  0,  0, 10,  0,  0,  0,  0,  0,  0,  0,  0,  0,  0,  0, ],
[ 0,  0,  0,  0,  0, 14,  0,  0,  0,  0,  0,  0,  0,  0,  0,  0,  0,  0,  0,  0,  0,  0,  0,  0, ],
[ 0,  0,  0,  0,  0,  0,  0,  4,  0,  0,  0,  0,  0,  0,  0,  0,  1,  0,  4,  0,  0,  0,  4,  0, ],
[ 0, 11, 13,  0, 12,  0,  0,  0,  0,  0,  0,  0,  0,  0,  0,  0,  0, 14,  0,  0,  0,  0,  0,  1, ],
[ 0,  0,  0,  0,  1,  0,  0,  0,  0,  0,  0,  0,  0,  0,  0,  0,  0,  0,  0,  0,  2,  0,  0, 13, ],
[ 0,  0,  0,  0,  0,  0,  0,  0,  0,  0, 10,  0,  0,  0,  0,  0,  0,  0,  0,  0,  7, 14,  0,  8, ],
[ 0,  0,  0,  0,  0,  0,  0,  0,  0,  0,  0,  0,  0,  0,  0,  0,  0,  0,  0,  0,  0,  0,  0, 10, ],
[ 0,  0, 11,  0,  0,  0,  0,  0,  0,  0,  0,  0,  0,  4,  0,  0,  0,  0,  0, 12,  0,  0,  0,  0, ],
[ 4,  0,  0,  0,  0,  0,  0,  0,  0,  0,  0,  0,  0,  0,  0, 11,  0,  0,  9,  0,  0,  0,  0,  0, ],
[ 0,  0,  0,  0,  0,  0,  0,  5,  0, 14,  0,  0, 14,  0,  4,  0,  0,  0,  0,  8,  0,  0,  0,  0, ],
[ 0,  1,  0,  0, 11,  0,  0,  0,  0,  0,  9,  0,  0,  0,  0,  0,  0,  0,  0,  0,  0,  8,  0,  0, ],
[ 0,  0,  0,  0,  0,  0,  0,  0,  0,  5,  0,  0,  0,  0,  0,  0,  0,  0,  0,  0,  0,  0,  0,  9, ],
[13,  0,  0,  0,  0,  0,  0,  5,  0,  0,  0,  0,  0,  0,  0,  0,  0,  0,  0,  0,  0,  0,  0,  0, ],
[ 0,  0,  0,  0,  0,  0,  0,  0,  0,  0,  0,  0,  0,  0,  0,  0,  5,  0,  0,  0,  0,  2,  0,  0, ],
[ 0,  0,  0,  0,  0,  0,  0,  0,  0,  9,  0,  0,  0,  0,  0,  0,  0,  0,  0,  0,  0,  0,  0,  0, ],
[ 0, 12,  8,  0,  0,  0,  0,  0,  0,  0,  0, 13,  0,  0,  0,  0,  0,  0,  0,  0,  0,  0,  0,  0, ],
[ 0,  0,  0,  0,  0,  0,  0,  0,  0,  0,  0,  0,  0,  0,  0,  0,  0,  0,  0,  0,  0,  0,  0, 13, ],
[ 0,  0,  0,  0,  0,  0,  0,  0,  7,  0,  0,  2,  0,  0,  0,  0,  0,  0,  0,  0,  0,  0,  0,  0, ],


[0.8373, -0.1349, ],
[-0.2132, -0.2687, ],
[0.0169, -0.4578, ],
[0.8818, 0.0413, ],
[-0.2820, 0.6453, ],
[0.6356, -0.7966, ],
[-0.1825, 0.5162, ],
[0.1283, 0.1855, ],
[-0.1722, -0.6144, ],
[-0.3587, 0.0920, ],
[-0.9564, 0.2373, ],
[0.0066, -0.4991, ],
[-0.6750, -0.8699, ],
[-0.9001, 0.2464, ],
[0.1982, 0.6212, ],
[-0.4592, 0.0925, ],
[-0.3311, -0.7492, ],
[-0.0442, 0.8329, ],
[0.5040, -0.0547, ],
[-0.0080, -0.6843, ],
[0.7004, 0.4012, ],
[0.0224, 0.0863, ],
[0.5028, 0.0432, ],
[0.9756, -0.4383, ],
[0.8508, -0.0715, ],
[-0.7037, -0.3788, ],
[-0.3533, 0.3598, ],
[0.1103, 0.4572, ],
[0.4000, -0.8185, ],
[0.9106, 0.4252, ],
[-0.8649, 0.3850, ],
[-0.0600, 0.5573, ],
[0.6549, -0.0384, ],
[0.6736, 0.9370, ],
[0.1747, 0.6937, ],
[-0.9949, 0.8952, ],
[-0.8846, -0.3016, ],
[-0.4364, -0.4648, ],
[0.8643, 0.8402, ],
[1.0000, 0.3456, ],
[0.5149, -1.0000, ],
[0.0428, 0.3348, ],
[0.3551, 0.5352, ],
[0.2439, -0.8741, ],
[0.7678, -0.2216, ],
[0.2136, -0.0291, ],
[0.1616, 0.1405, ],
[-0.5565, 0.6240, ],
[-0.5872, -0.8324, ],
[0.9459, -0.9017, ],
[0.5296, -0.0591, ],
[0.0885, 0.1182, ],
[-0.2827, -0.9080, ],
[-0.3137, -1.0000, ],
[0.6327, 0.6813, ],
[0.5071, -0.3786, ],
[0.5436, 0.1307, ],
[-0.9179, 0.0229, ],
[-0.7450, 0.3774, ],
[0.0224, -0.3484, ],
[0.4665, 0.0622, ],
[0.4741, 0.2563, ],
[-0.6715, 0.3179, ],
[0.4622, 0.2645, ],
[0.9225, 0.9493, ],
[0.2762, -1.0000, ],
[0.3396, 0.3392, ],
[0.4344, -0.5500, ],
[-0.7214, 0.9425, ],
[0.7497, -0.2626, ],
[0.7492, -0.0695, ],
[0.1828, 0.3853, ],
[-0.1990, 0.1300, ],
[-0.0014, 0.3986, ],
[0.6299, 0.7890, ],
[-1.0000, -0.2591, ],
[-0.0414, 0.3089, ],
[0.9785, -0.0555, ],
[0.2186, 0.1000, ],
[-0.6460, -0.2558, ],
[-0.4060, -0.6989, ],
[-0.4323, 0.0491, ],
[-0.8514, 0.9638, ],
[-0.6192, 0.7788, ],
[-0.7607, 0.0184, ],
[-0.2048, -0.4152, ],
[0.1868, 0.4968, ],
[0.8180, 0.2865, ],
[-0.1857, -0.6193, ],
[0.3570, -0.3822, ],
[-0.4993, -0.1899, ],
[-0.1851, -0.2997, ],
[-0.1894, -0.4762, ],
[0.8583, -0.0197, ],
[-0.8190, -1.0000, ],
[0.0713, -0.5405, ],
[-0.7889, 0.5193, ],
[1.0000, -0.5417, ],
[0.6262, 0.2612, ],
[0.3674, 0.0935, ],


[9.0000, ],
[7.0000, ],
[3.0000, ],
[7.0000, ],
[12.0000, ],
[6.0000, ],
[3.0000, ],
[7.0000, ],
[4.0000, ],
[6.0000, ],
[0.0000, ],
[17.0000, ],
[4.0000, ],
[2.0000, ],
[8.0000, ],
[9.0000, ],
[12.0000, ],
[6.0000, ],
[5.0000, ],
[3.0000, ],
[6.0000, ],
[8.0000, ],
[4.0000, ],
[2.0000, ],
[5.0000, ],
[4.0000, ],
[2.0000, ],
[6.0000, ],
[8.0000, ],
[8.0000, ],
[12.0000, ],
[3.0000, ],
[9.0000, ],
[11.0000, ],
[14.0000, ],
[9.0000, ],
[4.0000, ],
[0.0000, ],
[5.0000, ],
[3.0000, ],
[6.0000, ],
[8.0000, ],
[7.0000, ],
[8.0000, ],
[7.0000, ],
[11.0000, ],
[3.0000, ],
[9.0000, ],
[9.0000, ],
[0.0000, ],
[7.0000, ],
[6.0000, ],
[5.0000, ],
[5.0000, ],
[1.0000, ],
[4.0000, ],
[16.0000, ],
[8.0000, ],
[4.0000, ],
[6.0000, ],
[4.0000, ],
[6.0000, ],
[10.0000, ],
[7.0000, ],
[6.0000, ],
[12.0000, ],
[3.0000, ],
[2.0000, ],
[10.0000, ],
[3.0000, ],
[3.0000, ],
[4.0000, ],
[7.0000, ],
[8.0000, ],
[4.0000, ],
[13.0000, ],
[16.0000, ],
[11.0000, ],
[4.0000, ],
[5.0000, ],
[8.0000, ],
[6.0000, ],
[9.0000, ],
[4.0000, ],
[7.0000, ],
[17.0000, ],
[6.0000, ],
[14.0000, ],
[4.0000, ],
[10.0000, ],
[9.0000, ],
[15.0000, ],
[11.0000, ],
[5.0000, ],
[6.0000, ],
[3.0000, ],
[3.0000, ],
[11.0000, ],
[4.0000, ],
[4.0000, ],


