[ 4,  0,  0,  0,  0,  0,  0, 11,  0,  0,  0,  0,  8,  0,  0,  0, 12, 11,  0,  2,  0,  0,  0,  0, ],
[ 0,  0,  0,  0,  0,  0,  0,  0,  0,  0,  0,  0,  0,  0,  0,  3,  0,  0,  0,  0,  0,  0,  0,  0, ],
[ 0,  0,  0,  1,  0,  6,  9,  2,  0,  0,  0,  0,  0,  0,  0,  0,  7,  0,  0,  3,  0,  0,  0,  0, ],
[ 0,  0,  0,  0,  0,  0,  0,  0,  0,  0,  0,  0,  0,  0,  0,  0, 11,  0,  0,  0,  0,  0,  0,  0, ],
[ 0,  0,  0,  0,  0,  0,  0,  0,  0,  1,  0,  0,  0,  0,  1,  0,  0,  0,  0,  0,  0,  0,  0,  0, ],
[ 0,  0,  0,  0,  0,  0,  0, 14,  0,  0,  0,  0,  0,  0,  0,  0,  0,  0,  0,  0,  0,  0,  0,  0, ],
[ 0,  0,  0,  0,  0,  0,  0,  0,  0,  0,  0,  0,  0,  0,  0,  2,  0,  0,  0,  0,  0,  0,  0,  0, ],
[ 0,  0,  0,  0,  0,  0,  0,  0,  6,  0,  0,  0,  0,  0,  0,  0,  0,  0,  0,  0,  0,  0,  0,  0, ],
[ 0,  0,  2,  0,  0,  0,  0,  0,  0,  0,  0,  0,  0,  0,  0, 12,  1,  0,  0,  0,  0,  0,  0,  0, ],
[ 0,  0,  0,  0,  0,  0,  0,  0,  0,  0,  0,  0,  0,  0,  0,  0,  0,  0,  0,  3, 13,  7,  0,  0, ],
[ 0,  0,  0, 13,  5,  0, 12,  0,  0,  0,  0,  0,  0,  0,  0,  0,  0,  0,  0,  0,  0,  0,  0,  0, ],
[ 0,  0,  0,  0,  0,  0,  0,  0,  0,  0,  0,  0,  0,  0,  0,  0,  0,  0,  0,  0,  0,  0,  0,  0, ],
[ 0,  0,  0,  0,  0,  0,  0,  0,  0,  0,  0,  0,  0,  0,  0,  0, 13,  0,  0,  0,  0,  0,  0,  0, ],
[ 0,  0,  0,  0,  0,  0,  0,  0,  0,  7,  0, 12,  0,  0,  0,  0,  0,  0,  0,  0,  0,  0,  0,  0, ],
[ 0,  0,  0,  0,  0,  0,  0,  0,  1,  0,  0,  0,  0,  0,  0,  0,  0,  0,  0,  0,  0,  0, 12,  0, ],
[ 0,  0,  5,  0,  0,  0,  8,  0,  0,  0,  0,  0,  0,  0,  0,  0,  0,  0,  0, 11,  0,  0,  0,  0, ],
[ 0,  0,  0,  0,  0,  0,  0,  0,  0,  0,  0,  0,  9, 12,  2,  0,  0,  0,  0,  0,  0,  0,  0,  0, ],
[ 0,  0,  0,  0,  0,  0,  0,  0,  0,  0,  0,  0,  0,  0,  0,  7,  0,  0,  0,  0,  0,  0,  0,  0, ],
[ 0,  0,  0,  0,  0,  0,  0,  0,  0,  4,  0, 12,  7,  0,  0,  2,  0,  0,  0,  0,  0,  0,  5,  0, ],
[ 0,  0, 14,  0,  0,  0,  0,  0,  0,  0,  0,  0,  0,  0,  0,  0,  0, 10,  0,  0,  0,  0,  0,  0, ],
[ 0,  0,  4,  0,  0,  0,  0,  0,  2,  9,  0,  0,  2,  0,  7,  0,  0,  0,  0,  0, 14,  4,  0,  0, ],
[ 0,  0,  0,  0,  0,  0,  0,  0,  0,  0,  0,  0,  0,  0,  0,  0,  0,  0,  0,  0,  0,  0,  0,  0, ],
[ 0,  0,  0,  0,  0, 12,  0,  0,  0,  0,  0,  0,  0,  0,  0,  1,  0,  0,  0,  0,  0,  0,  0,  0, ],
[ 0,  0,  0,  0,  0,  0,  0,  0,  0,  0,  0,  0,  0,  0,  0, 11,  0,  0,  0,  0,  0,  0,  0,  0, ],
[ 0,  0,  0,  0,  1,  0,  0,  0,  0, 11,  0,  0,  0,  0,  0,  2, 14,  0,  0,  0,  0,  0,  0,  9, ],
[ 0,  0,  5,  0,  0,  0,  0,  0,  0,  0,  0,  0,  0,  0,  0,  0,  0,  0,  0,  0,  0,  0,  0,  0, ],
[ 0, 10,  7,  0,  0,  6,  0,  0,  0,  0,  0,  0,  0,  0,  1,  0,  0,  0,  0,  0,  0,  0,  0,  0, ],
[ 0,  0,  0,  0,  0,  0,  0,  7,  0,  0,  0,  0,  0,  0,  0,  0,  0,  0,  0,  0,  0, 13,  0,  0, ],
[ 0,  0,  0,  0,  0,  6,  0,  0,  0, 11,  0,  0,  0,  0,  0,  0,  0,  1,  0,  0,  0,  0,  0,  0, ],
[ 0,  0,  0,  0,  0,  0,  0,  0,  4, 10,  0,  0,  0,  0,  0,  0, 12,  0,  0,  0,  0,  0,  0,  0, ],
[ 0,  0,  0,  0,  0,  0,  0,  0,  0,  0,  0,  0,  0, 11,  0, 12,  0,  7, 14,  0,  0,  0,  0,  0, ],
[ 0,  0,  0,  0,  0,  0,  4,  0,  0,  0,  0,  0,  0,  0,  0,  0,  0,  0,  0,  1,  0,  0,  0,  0, ],
[ 0,  0,  0,  0,  0,  4,  4,  0,  0,  0,  0,  0,  0,  0,  0,  0,  0,  0,  0,  0,  0,  0,  0,  0, ],
[ 0,  0,  0,  0,  0,  0,  0,  5,  0,  0,  0,  0,  0,  0,  0,  0,  0,  0,  0,  0,  0,  0,  0,  5, ],
[ 0,  0,  0,  0,  8,  0,  0,  0,  0,  0,  0,  0,  0,  0,  0,  0,  0,  0,  0,  0,  0,  0,  0,  0, ],
[ 0,  0,  0,  0,  0,  0,  0,  0,  0,  0,  0,  0,  0,  0,  0,  0,  0,  0,  0,  0,  0,  0,  0,  0, ],
[ 0,  0,  0,  0,  0, 10,  0,  0,  0,  0,  0,  0,  0,  0,  0,  0,  0,  0,  0,  0,  0,  0,  0,  0, ],
[12,  0,  0,  0,  0,  0,  0,  0,  0,  0,  0,  0,  0,  0,  0,  0,  0,  0,  8,  0,  0,  0,  0,  0, ],
[ 0,  3,  0, 11,  0,  0,  0,  0,  0,  0,  0,  8,  0,  0,  0,  0,  0,  0,  0,  0,  0,  0,  0,  0, ],
[ 0,  0,  0,  0,  0,  0,  0,  0,  0,  0,  0,  0, 13,  0,  0,  0,  0,  0,  0,  0,  0,  0,  0,  0, ],
[ 0,  0,  0,  0,  0,  2,  0,  1,  0,  7,  0,  0,  0,  0,  0,  0,  0,  0,  0,  0,  0,  0,  0,  0, ],
[ 0,  0,  0,  0,  0,  0,  0,  0,  0, 10,  0, 10,  0,  0,  0,  0,  0,  0,  0,  0,  0,  0,  0,  0, ],
[ 0,  0,  0,  0,  0,  0,  0,  0,  0,  0,  0, 12,  0,  0,  0,  0,  0,  5,  0,  0,  0,  0,  0,  0, ],
[ 0,  0,  0, 12,  0,  0,  0,  0,  0,  0,  0,  0,  0,  0,  0,  0,  0,  0,  0,  0,  0,  0,  0,  0, ],
[ 0,  0,  0,  0,  2,  0,  0,  0,  0,  0, 12,  0,  0,  0,  0,  0,  0,  0,  7,  0,  0,  0,  0,  0, ],
[ 0,  0,  0,  0,  0,  0,  0,  0,  0,  0,  0,  0,  0,  0,  0,  0,  0,  0,  0,  0,  0,  0,  1,  0, ],
[ 0,  0,  0,  0,  0,  0,  0,  0,  0,  5,  9,  0,  0,  0,  0,  0,  0,  0,  0,  0,  0,  6,  0,  0, ],
[ 0,  0,  0,  0,  0,  0,  0,  0,  0,  0,  0,  0,  0,  0,  0,  5,  0,  0,  0,  0,  0,  0,  0, 10, ],
[ 0,  0,  0,  8,  0,  0,  3,  0,  0,  0,  0,  0,  0,  0,  0,  0,  0,  0,  0,  1,  0, 12,  0,  0, ],
[ 0,  0,  0,  0,  0,  0,  5,  0,  0,  0,  0,  0,  7,  0,  0,  0,  7,  0,  0,  0,  0,  0, 11,  0, ],
[13,  0,  0,  0,  0,  0,  0,  0,  0,  0,  0,  0, 11,  0,  0,  0,  0,  2,  0,  0, 13,  9,  3,  0, ],
[ 0,  0,  0,  0,  0,  0,  0,  0,  6,  0,  0,  0,  0,  5,  0,  7,  0,  0,  0,  0,  0,  0,  0,  0, ],
[ 0,  0,  0,  0,  0,  0,  0,  0,  0,  0,  0,  0,  0,  0,  0, 14,  0, 12,  5,  0,  0,  0,  0,  0, ],
[ 0,  0,  0,  0,  0,  0,  0,  0,  0, 11,  0,  0,  0,  3,  0,  0,  8,  0,  0,  0,  4,  0,  0,  0, ],
[ 0,  0,  0,  0,  0, 13,  0,  0,  0,  0,  0, 14,  0,  0, 11,  0,  0,  0,  0,  0,  8,  0,  0, 14, ],
[ 0,  0,  0,  0,  0,  0,  0,  0,  0,  0,  0, 14,  0,  0,  0,  0,  0,  0,  0,  0,  0,  0,  0,  0, ],
[ 0,  0,  0,  0, 13,  0,  0,  0,  0,  0,  0,  0,  0,  0,  0,  0,  0,  0,  0,  0,  0,  0,  0,  3, ],
[ 0,  0,  0,  0, 12,  0,  0,  0,  0,  0,  0,  0,  0,  0,  0,  0,  0,  1,  0,  0,  0,  0,  0,  0, ],
[ 0,  6,  0,  0,  0,  0,  0,  0,  0,  0,  0,  0,  0,  0,  0,  0,  0,  0,  0,  0,  0,  0,  0,  0, ],
[ 0,  0,  6,  0,  0,  0,  0,  0,  0,  0,  0,  0,  0,  0,  0,  4,  0,  0,  0, 11,  0,  0,  0,  0, ],
[ 0,  0,  0, 14, 11,  0,  0,  0,  0,  0,  0,  0,  0, 11,  0,  0,  7,  0,  0,  0,  0,  0,  0,  0, ],
[ 0,  0,  0,  0,  0,  0,  0,  0,  0,  0,  0,  0,  0,  0,  0,  0,  0,  2,  0,  0,  0,  0,  0,  6, ],
[ 0,  0,  0,  0,  0,  0,  7,  0,  0,  0,  0,  0,  0,  0,  0,  0,  0,  0,  0, 14,  0,  0, 10,  0, ],
[ 0,  0,  0,  0,  0,  0,  0,  0,  0,  0,  0,  0,  0,  0,  0,  0,  0,  0,  0,  0,  3,  0, 10,  0, ],
[ 0,  0,  0,  0,  0,  0, 13,  0,  0,  0,  8,  0,  6,  0,  0,  0,  0,  0,  0,  0,  0,  4,  0,  0, ],
[ 0,  0, 12,  0,  0,  0,  0,  0,  0,  0,  0,  0,  0,  0,  1,  0,  0,  0,  1,  0,  0,  0,  0,  0, ],
[ 0,  0,  0,  0,  0,  0,  0,  0,  0,  0,  0,  0,  0,  0,  0,  0,  0,  0,  0,  0,  0,  0,  0,  0, ],
[ 5,  8,  0,  0,  0,  0,  9,  0,  0,  0,  0,  0,  0,  0,  0,  0,  0,  0,  0,  0,  0,  0,  0,  4, ],
[ 0,  0,  0,  0,  0,  0,  0,  0,  0,  0, 12,  0,  0,  0,  0,  0,  0,  0,  0,  0,  0,  0,  0,  0, ],
[ 0,  0,  4,  0,  0,  0,  0,  0,  0,  0,  0,  0,  0,  0,  0,  0,  0,  0,  0,  0,  0,  0, 13,  0, ],
[ 0,  0,  0,  0,  0,  0,  0,  0,  0,  0,  0,  1,  0,  0,  0,  0,  0,  0,  0,  0,  0,  0,  0,  0, ],
[ 0,  0,  0,  0,  0,  0,  0,  0,  0, 10,  0,  0,  0,  0,  0,  0,  0, 10,  0,  0,  0,  0,  0,  5, ],
[ 0,  0,  5,  0,  0,  0,  0,  0,  0,  0,  0,  0,  0,  0,  0,  0,  0, 11,  0,  0,  0,  0,  0,  0, ],
[ 0,  0,  3,  4,  0,  0, 13,  0,  0,  0, 13,  0,  0,  0,  0,  0,  0,  0,  0,  0,  9,  0,  0,  0, ],
[ 0,  0,  0,  0,  0, 14,  0,  0,  0,  0,  0,  0,  0,  0,  0,  0,  0,  0,  0,  0,  0,  0,  0,  0, ],
[ 0,  0, 10,  2,  0,  0,  0,  0,  0,  0,  7,  0,  0,  0,  4,  0,  0,  0,  0,  0,  0,  0,  0,  0, ],
[ 0,  0,  0,  0,  9,  0,  0,  4,  0,  0, 13,  0,  0,  0,  0,  0,  0,  0,  0,  0,  1,  5,  1,  0, ],
[ 0,  0,  0,  0,  0,  0,  0,  0,  0,  0,  0,  0,  0,  0,  0,  0,  0,  0,  0,  3,  0,  0,  0,  2, ],
[ 0,  0,  0,  0,  0,  1,  0,  0,  0,  0,  0,  0,  6,  0,  6,  0,  0,  0,  0, 10,  0,  0,  0,  0, ],
[ 9,  8,  0,  0,  0,  1,  0,  0, 14,  0,  0,  0,  0,  0,  0,  0,  1,  0,  0,  0,  0,  0,  0,  0, ],
[ 0,  0,  0,  0,  0,  0,  0,  0,  0,  0,  0,  0,  0,  0,  0,  0,  0,  0,  0,  0, 10,  0,  0,  0, ],
[ 0,  0,  0,  0, 11,  0,  0,  0,  0,  0,  0,  9,  7,  0,  0,  0,  0,  0,  0,  0,  0,  0,  0,  0, ],
[ 0,  0,  0,  0,  0,  0,  0,  0,  0,  0,  0,  0,  0,  0,  0,  0,  0,  0,  0,  0,  6,  0,  0,  0, ],
[ 0,  0,  0,  0,  0,  0,  0,  0,  0,  0,  0,  0,  0,  5,  9,  0,  0,  0,  0,  0,  0,  0,  0,  0, ],
[ 0,  0, 11,  8,  0,  0,  0,  4,  0,  0,  0,  0,  0,  0,  0,  0,  0,  5,  0,  0,  0,  0,  0,  0, ],
[ 0,  0,  0,  0,  0,  0,  0,  0,  0,  0,  0,  0,  0,  0,  0,  0,  0,  0,  0,  0,  2,  0,  0,  0, ],
[ 0,  0,  0,  0,  0,  0,  0,  0,  0,  0,  0,  0,  0,  0,  0,  0,  0,  0,  1,  0,  0,  0, 14,  9, ],
[ 0,  0,  0,  0,  8,  0,  0,  0,  0,  0,  0,  0,  0, 12,  0,  0,  0, 11,  0,  0,  0,  0,  0,  0, ],
[ 0,  0,  0,  0,  0,  0,  0,  0,  0,  0,  0,  0,  0,  0,  0,  0,  0,  0,  0,  0,  0,  0,  0,  0, ],
[ 0,  0,  0,  0,  0,  0,  0,  0,  0,  2,  0,  0,  9,  0,  0,  0,  0,  0,  0,  0,  0,  0,  0,  0, ],
[ 0,  0,  0,  0,  0,  0,  0,  0,  0,  0,  0,  0,  0,  0,  0,  0,  0,  0,  0,  0,  0,  0,  0,  0, ],
[ 0,  7,  0,  0,  0,  0,  0,  0,  0,  0,  0,  0,  0,  0,  7,  0,  0,  0,  0,  0,  0,  0,  0,  0, ],
[ 0,  0,  1,  0,  0,  0,  0,  0,  0,  0,  0,  0,  0,  0,  0,  0,  0,  0,  0,  0,  0,  0,  0,  0, ],
[ 0,  0,  0,  0,  0,  0,  0,  9,  0,  0,  0, 12,  0,  0,  0,  0,  0,  0,  0,  0,  0,  0,  0,  0, ],
[ 0,  0,  0,  0,  0,  0,  0, 10,  7,  0,  0,  0,  0,  5,  0,  0, 14,  0,  0,  1,  0,  0,  0,  0, ],
[ 0,  0,  0,  0,  0,  0,  0,  4,  0,  0,  0,  3,  0,  0,  0,  0,  0,  0,  0,  0, 11,  0,  0,  0, ],
[ 0,  6,  0,  0,  0,  0,  0,  0,  0,  0,  0,  2,  0,  0,  0,  0,  0,  0,  0,  0,  0,  0,  0,  0, ],
[ 0,  0, 13,  0,  1,  0,  0,  0,  0,  0,  0,  0,  1,  0,  0,  0,  0,  0,  0, 10,  0,  0,  0,  0, ],
[ 0,  0,  0,  0,  0,  0,  0,  0,  0,  0,  0,  0,  0,  0,  0,  0,  0,  0,  0, 12,  0,  0,  0,  0, ],
[ 0,  0,  0,  0,  0,  0, 13,  0,  9,  0,  0,  0,  0,  0,  0,  0,  0,  0,  0,  0,  0,  0,  0,  0, ],


[0.8373, 0.3621, ],
[-0.6260, -0.4012, ],
[0.0574, 0.4884, ],
[0.7978, -0.3878, ],
[0.8429, 0.9743, ],
[0.4446, 0.0298, ],
[-0.3781, 1.0000, ],
[0.6312, 0.2742, ],
[-0.1719, 0.6345, ],
[0.8925, -0.0599, ],
[-0.5993, 0.0189, ],
[-0.0702, -0.4763, ],
[-0.2825, -0.6843, ],
[0.4413, 0.3835, ],
[0.4363, 0.4375, ],
[-0.7902, -0.2234, ],
[0.6779, -0.7363, ],
[-0.0164, 0.1533, ],
[0.7264, 0.4461, ],
[0.5542, -0.2208, ],
[0.7940, 0.1211, ],
[0.4203, -0.7261, ],
[0.7401, 0.0350, ],
[0.8467, -0.4223, ],
[0.8457, -0.0911, ],
[0.3695, 0.2952, ],
[0.2612, 0.2874, ],
[-0.5129, -0.3537, ],
[-0.0235, -0.8185, ],
[0.5845, -0.5533, ],
[0.2714, 0.2946, ],
[0.1295, 0.5285, ],
[-0.8078, -0.0878, ],
[0.8421, 0.8679, ],
[-0.5103, -0.1621, ],
[-0.6377, -0.1438, ],
[0.4802, -0.0411, ],
[0.4975, -0.3712, ],
[1.0000, 0.4990, ],
[0.6125, 0.6636, ],
[0.7146, -0.9165, ],
[0.0428, 0.2506, ],
[0.9181, -0.4013, ],
[0.7074, 0.7832, ],
[0.8336, -0.2032, ],
[0.7540, -0.3519, ],
[-0.5499, -0.4025, ],
[-0.5134, -0.4691, ],
[-0.1974, -0.3849, ],
[0.9469, 0.9620, ],
[0.0755, 0.4683, ],
[0.6058, 0.2361, ],
[0.1137, -0.9827, ],
[0.0187, -0.5709, ],
[-0.3224, -0.1747, ],
[0.2966, -0.3786, ],
[0.5710, -0.0185, ],
[-0.8719, 0.0229, ],
[-0.3869, -1.0000, ],
[0.3231, -0.4915, ],
[0.5837, -0.1187, ],
[-0.5625, 0.3345, ],
[0.0928, 0.0230, ],
[0.1111, 0.2495, ],
[0.2002, 0.2230, ],
[-0.1660, -0.8228, ],
[0.4799, 0.3921, ],
[0.4341, -0.7035, ],
[0.2681, 0.7394, ],
[0.5784, 0.0127, ],
[0.5769, -0.6760, ],
[-0.7051, 0.2664, ],
[-0.4613, -0.4252, ],
[-0.8714, 0.5386, ],
[0.5448, -0.8617, ],
[-0.9622, -0.0073, ],
[0.0802, -0.4425, ],
[0.9861, 0.2837, ],
[0.2186, 0.4022, ],
[1.0000, 0.2710, ],
[-0.0419, 0.5279, ],
[-0.4323, 0.5110, ],
[-0.1946, 0.8715, ],
[-0.5506, 0.2650, ],
[0.1671, 0.0201, ],
[-0.3970, -0.4797, ],
[0.0671, 0.5990, ],
[0.9307, 0.0650, ],
[-0.1104, -0.7619, ],
[0.4125, -0.4269, ],
[-0.9001, 0.5853, ],
[0.4605, 0.7166, ],
[-0.1326, -0.3854, ],
[0.8583, 0.3392, ],
[-0.6069, 0.9081, ],
[-0.5299, 0.1073, ],
[-0.6329, 0.1487, ],
[0.4239, -0.5417, ],
[0.8717, 0.1010, ],
[-0.4235, 0.8196, ],


[18.0000, ],
[2.0000, ],
[13.0000, ],
[4.0000, ],
[2.0000, ],
[4.0000, ],
[1.0000, ],
[3.0000, ],
[6.0000, ],
[9.0000, ],
[10.0000, ],
[0.0000, ],
[4.0000, ],
[7.0000, ],
[5.0000, ],
[9.0000, ],
[8.0000, ],
[3.0000, ],
[12.0000, ],
[8.0000, ],
[16.0000, ],
[0.0000, ],
[5.0000, ],
[4.0000, ],
[13.0000, ],
[2.0000, ],
[11.0000, ],
[7.0000, ],
[8.0000, ],
[10.0000, ],
[15.0000, ],
[3.0000, ],
[4.0000, ],
[4.0000, ],
[3.0000, ],
[0.0000, ],
[4.0000, ],
[7.0000, ],
[9.0000, ],
[4.0000, ],
[5.0000, ],
[8.0000, ],
[6.0000, ],
[4.0000, ],
[8.0000, ],
[1.0000, ],
[8.0000, ],
[6.0000, ],
[10.0000, ],
[12.0000, ],
[18.0000, ],
[8.0000, ],
[10.0000, ],
[11.0000, ],
[19.0000, ],
[4.0000, ],
[6.0000, ],
[5.0000, ],
[3.0000, ],
[9.0000, ],
[15.0000, ],
[4.0000, ],
[11.0000, ],
[6.0000, ],
[12.0000, ],
[6.0000, ],
[0.0000, ],
[10.0000, ],
[4.0000, ],
[6.0000, ],
[1.0000, ],
[10.0000, ],
[6.0000, ],
[15.0000, ],
[4.0000, ],
[10.0000, ],
[13.0000, ],
[3.0000, ],
[11.0000, ],
[12.0000, ],
[4.0000, ],
[10.0000, ],
[3.0000, ],
[5.0000, ],
[11.0000, ],
[1.0000, ],
[8.0000, ],
[11.0000, ],
[0.0000, ],
[4.0000, ],
[0.0000, ],
[6.0000, ],
[1.0000, ],
[7.0000, ],
[14.0000, ],
[8.0000, ],
[4.0000, ],
[10.0000, ],
[4.0000, ],
[7.0000, ],


