[ 0,  0,  0,  0,  0,  0,  0,  0,  0,  0,  3,  0,  0,  0,  0,  0,  0,  0,  0,  0,  0,  0,  0,  0, ],
[ 0,  0,  0,  0, 13,  0,  0,  0,  0,  0,  0,  0,  0,  0,  0,  0,  0,  0,  0,  0,  0,  0,  0,  0, ],
[ 0,  0,  0,  0,  0,  0,  0,  0,  4,  0,  0,  0,  0,  0,  0, 12,  2,  0,  0, 14,  0,  0,  0,  0, ],
[ 0,  0,  0,  0,  0,  0,  0,  0,  5,  0,  0,  0,  0,  0,  0,  0,  0,  0,  0,  7,  0,  0,  4,  0, ],
[ 0,  0,  1,  0,  0,  0,  0,  0,  0,  0,  0,  0,  0,  0,  0,  0,  0,  0,  0, 14,  0,  0,  0,  0, ],
[ 0,  0,  0,  0,  0,  0,  0,  0, 10,  0,  3,  0,  0,  0,  0,  0,  0,  0,  0,  0,  0,  0,  0,  0, ],
[12,  0,  0,  0,  0,  0,  6,  0,  0,  0,  0,  0,  0,  0,  0,  0,  0,  0,  0,  8,  0,  0,  8,  0, ],
[ 0,  0,  0,  0,  4,  0,  0,  0,  0,  0,  0,  0,  0,  0,  0,  0,  1,  0,  0,  0,  1,  0,  0,  0, ],
[ 0,  0,  0,  0,  0,  0,  0,  8,  0,  5,  0,  0, 14,  0,  0,  0,  0,  0,  0,  0,  0,  0,  0,  0, ],
[ 0,  0,  0,  0,  0,  0,  0,  0,  0,  0,  0,  0,  2,  0,  0, 14,  0,  0,  4,  0,  0,  0,  0,  0, ],
[ 0,  2,  8,  0,  0,  0,  0,  6,  0,  0,  0,  0,  0,  0,  0,  2,  0,  0,  0,  5,  0,  0,  0, 13, ],
[ 8,  0, 13,  2,  0,  5,  0,  0,  0,  0,  0,  0,  0,  0,  0,  0,  0, 14,  0,  0,  0,  0,  0,  0, ],
[ 0,  1,  6,  0,  0,  0,  0,  0,  0,  0,  0,  0,  0,  0,  0,  0,  0, 10,  0,  0,  0,  0,  0,  0, ],
[ 7,  0,  0,  0,  0,  0,  0,  0,  0,  0,  0,  0,  0, 13,  0,  0,  0,  0,  0,  0,  0,  0,  0,  0, ],
[ 0,  0,  0,  0, 11,  0,  0,  0,  0,  0,  0,  0,  0,  0,  0,  0,  0,  0,  0,  0,  0,  0,  0,  0, ],
[13,  0,  5,  0,  0,  0,  0,  0,  0,  0,  0,  0,  0,  0,  0,  0,  7,  0,  0,  0,  7,  0,  0,  0, ],
[ 0,  0,  0,  0,  0,  0,  0,  0,  0,  4, 13,  0,  9,  0,  0,  0,  0,  0,  0,  0,  0,  0,  0,  0, ],
[ 0,  0,  0,  0,  0,  0,  0,  0,  0,  0,  0,  0,  9,  0,  0,  1,  0,  0,  0,  0,  0,  0,  0,  0, ],
[ 0,  0,  0,  0,  0,  0,  0,  0,  0,  0,  0,  0,  0,  0,  0,  0,  0,  0,  7,  0, 11,  0,  0,  0, ],
[ 0,  0,  0,  0,  0,  0,  0,  0,  0,  0,  0, 12,  0,  0,  0,  0, 12,  0,  0,  0,  0,  0, 14,  0, ],
[ 0,  0,  0,  0,  9,  0,  1,  0,  3,  0,  0,  0,  0,  0,  0,  0,  0,  0,  0,  0,  0,  0,  0,  0, ],
[ 0,  0, 12,  0,  0,  0,  0,  0,  0,  0,  0,  0,  0,  0,  0,  0,  0,  0,  0,  3,  0,  0,  0,  0, ],
[ 0,  0,  0,  0,  0,  2,  6,  0,  0,  0,  0,  0,  0,  0,  0,  0,  0,  0,  6, 14,  0,  0,  0,  0, ],
[ 0,  0,  0,  0,  0,  0,  0,  0,  0,  0, 12,  0,  0,  2,  0,  0,  0,  0,  0,  0, 12,  0,  0,  0, ],
[ 0,  0,  0,  0,  0,  0,  0,  0,  0,  0,  0,  0,  0,  0, 14,  0,  0,  0,  0,  0,  0,  0,  0,  0, ],
[ 0,  0,  0,  0,  0,  0,  0,  0,  0,  0,  0, 11,  0,  0,  0,  0,  0,  0,  0,  0,  0,  0,  0,  0, ],
[ 8,  0,  0,  0,  0,  6,  0,  0,  0,  0,  0,  0,  0,  0,  0,  1, 11,  0,  0,  0,  0,  0,  0,  8, ],
[ 0,  0,  0,  0,  0,  0,  7,  0,  0,  0,  0,  0,  0,  0,  0,  0,  0,  0,  0,  0,  0,  0,  0,  0, ],
[ 0,  0,  0,  0,  0,  0,  0,  8,  0,  0,  0,  0,  0,  0,  0,  0,  0,  0,  0,  0,  0,  0,  5,  0, ],
[ 0,  0,  0,  0,  0,  0,  0,  0,  0,  0,  0,  0,  0,  0,  0, 11,  0,  0,  0,  2,  0,  0, 11,  0, ],
[ 0,  0,  0,  0,  0,  6,  0,  0,  0,  0,  0,  0,  0,  0,  0,  1,  0,  0,  0,  0,  0,  0,  0,  0, ],
[ 0,  0,  0,  0,  0,  0,  0,  0,  0,  0,  0,  0,  0,  0,  0,  0,  0,  8,  0,  0,  0,  0,  0,  0, ],
[ 0,  6,  0,  0,  0,  0,  0,  0,  0,  0,  0,  0,  0, 12,  0,  0,  0,  0,  0,  0,  0,  0,  0,  0, ],
[ 0, 11,  0,  0,  0,  0,  0,  0,  0,  0,  0,  0,  0,  0,  0,  0,  0,  0,  0,  0,  8,  0,  0,  0, ],
[ 0,  0,  0,  0,  0,  0,  0,  0,  0,  0,  0,  0,  0,  0,  3,  0,  0,  0,  0,  0,  0,  0,  0,  0, ],
[ 0,  0,  0,  0,  0,  0,  2,  8,  0,  0,  0,  0,  0,  0,  0,  0,  0,  0,  0,  9,  0,  0,  0,  0, ],
[ 0,  0,  0,  0,  0,  0,  0,  0,  0,  0,  0,  0,  0,  0,  0,  0,  8,  0,  0,  0,  0,  0,  0,  0, ],
[ 0,  0,  0,  0,  0,  0,  0, 14,  0,  0,  0,  0,  0,  0,  0, 13,  0,  0,  0,  0, 13,  0,  0,  0, ],
[ 0,  0,  8,  0,  0,  0,  0,  0,  1,  0,  0,  0,  0,  0,  0,  0,  0,  0,  0,  0,  0,  0,  0,  0, ],
[ 0,  0,  0,  0,  0,  0,  0,  0,  0,  0,  0,  0,  0,  0,  0,  0,  0,  0,  0,  0,  0,  0,  0,  0, ],
[ 0,  0,  0,  0,  0,  0,  0,  0,  0,  0, 13,  0,  0,  0,  0,  0,  0,  0,  0,  0,  0,  0,  0,  0, ],
[ 0,  8,  0,  0, 13,  0,  0,  0, 13, 10, 13,  0,  0,  0,  0,  0,  0,  0,  0,  0,  0,  0,  0,  0, ],
[ 0,  0,  0,  0,  0,  0,  0,  0,  0,  0,  0,  0,  0,  0,  0,  0,  0,  5,  0,  0,  0,  0, 13,  0, ],
[ 0,  0,  0,  0,  0,  0,  0,  0,  0,  0,  0,  0,  8,  0,  0,  0,  0,  0,  0,  6,  0,  0,  0,  0, ],
[ 0, 14,  0,  0,  0,  0,  0,  0,  0, 11,  0,  0,  0,  0,  9,  0,  8,  0,  0,  0,  0,  0,  0,  0, ],
[ 0,  0,  0,  0,  0,  0,  0,  0,  0,  0,  0,  0,  0,  6,  0,  0, 14,  0,  0,  0,  0,  0,  0,  0, ],
[ 0,  0,  0,  0,  0,  0,  0,  0,  0,  0,  0,  0,  0,  4,  0,  0, 12,  0,  0,  0,  0,  0, 11,  0, ],
[ 7,  0,  0,  0,  0,  0,  0,  0,  0,  0,  0,  0,  0,  0,  0,  0,  0,  1,  0,  0,  0,  0,  0,  4, ],
[ 0,  0,  0,  0,  0,  0,  0,  0,  0,  0,  0,  0,  0,  0,  0,  0,  0,  0,  0,  0,  0,  0,  0,  0, ],
[ 0,  5,  0,  0,  0,  0,  0,  0,  0,  0,  9,  0,  0,  0,  0,  0,  0, 13,  0,  0,  0,  0,  0,  0, ],
[ 0,  0,  0,  0,  0,  0,  0,  0,  0,  0,  0,  0,  0,  0,  0,  0,  0,  0,  0,  0,  0,  0,  0,  0, ],
[ 0,  0,  0,  0,  0,  0,  0,  0,  0,  0,  0,  0,  2,  0,  0,  0,  0,  0,  0,  0,  0,  0,  0,  0, ],
[ 0,  0,  0,  0,  0,  0,  0,  0,  0,  0,  0,  0,  0,  0, 12,  0, 10,  0,  0,  7,  0,  0,  0,  0, ],
[ 0,  0,  0,  0,  0,  0,  0,  0,  0,  0,  0,  5,  0,  0,  0,  0,  0,  0,  0,  0,  0,  0,  0,  0, ],
[ 0,  0,  0,  3,  0,  0,  0,  0,  2,  0,  0,  0,  9,  0,  0,  8,  0,  0,  0,  0,  0,  0,  0,  0, ],
[ 0,  0,  0,  0,  0,  0,  0,  0,  0,  0,  0,  0,  0,  0,  0,  0, 13,  0,  0,  0,  0,  0,  0,  0, ],
[ 0,  0,  0,  0,  0,  0,  0,  0,  0,  0,  0,  0,  0, 12,  0,  0,  0,  0,  0,  0,  0,  0,  0,  0, ],
[ 0,  0,  0,  0,  0,  0,  0,  0,  0,  0,  0,  0,  0,  0,  0,  0,  0,  0,  0, 12,  0,  0,  0,  0, ],
[ 0,  0,  0,  6,  0,  0,  0,  0,  0,  0,  0,  0, 12,  4,  0,  0,  5,  0,  0,  0,  0,  0,  3,  0, ],
[ 0,  0,  0,  0,  0,  0,  0,  0,  0,  0,  0, 10,  0,  0,  0,  0,  0,  0,  0,  0,  0,  0,  0,  0, ],
[ 0,  0,  0,  0,  0,  0,  0,  0,  0,  0,  0,  0,  0,  0,  0,  6,  0,  0,  6,  0,  0,  0,  0,  0, ],
[ 0,  0,  0,  0,  0,  0,  0,  3,  0,  0,  0,  0,  0,  0,  0,  0, 11,  0,  0,  0,  0,  0,  0,  0, ],
[ 0,  0,  0,  0,  0,  0,  0, 11,  0,  0, 12,  0,  5, 12,  0,  0,  0,  0,  0,  0,  0,  0,  0,  0, ],
[ 0,  0,  1,  0,  0,  0,  0,  0,  0,  0,  0,  0,  0,  0,  0,  0,  0, 14,  0,  0,  3,  0, 12,  0, ],
[ 0,  0,  0,  0,  0,  0,  0,  5,  0,  8,  0, 11,  0,  0,  0,  0,  0,  0,  0,  0,  0,  0,  0,  0, ],
[10,  0,  0,  0,  0,  0,  0,  0,  0,  0,  0,  0,  0,  0,  0,  2,  0,  0,  3,  0,  0,  0,  0,  0, ],
[ 0,  0,  0,  0,  0,  0,  0,  0,  0,  0,  0,  0,  0,  0,  3,  0,  0,  0,  0,  0,  0,  0,  0, 12, ],
[ 0,  0,  0, 13,  8,  0,  0,  0,  0,  0,  0,  0,  0,  0,  0,  0,  0,  0,  0,  8,  0,  0,  0,  0, ],
[ 0,  0,  0,  0,  0,  0,  0,  0,  0,  0,  0,  0,  0,  0,  0,  0,  0,  0,  0,  0,  0,  0,  0,  0, ],
[ 0,  0,  0,  0,  0,  0,  0,  0,  0,  0,  0,  0,  0,  0,  0,  0,  0,  0,  0,  0,  0,  0,  0,  0, ],
[ 0,  0,  0,  0,  0,  0,  0,  0,  0,  0,  0,  0,  0,  0,  5,  0,  0,  0,  0,  0,  0,  0,  0,  0, ],
[ 0,  0,  0,  0,  0,  5,  0,  0,  0, 10,  0,  0,  0,  2,  0,  0,  0,  0,  3,  0, 14,  0, 10,  8, ],
[ 0,  0, 12,  0,  0,  0,  0,  0,  0,  0,  0,  0,  0,  0,  0,  5,  0,  0,  0,  0,  0,  0,  7,  0, ],
[ 0,  0,  0,  0,  0,  0,  0,  0,  0,  0,  0,  0,  0,  0,  5,  0,  0,  0,  0,  0,  0,  0,  0,  0, ],
[ 0,  0,  0,  0,  0,  0,  0,  0,  0,  0,  0,  0,  0,  0,  0,  0,  0,  0,  0,  0, 13,  0,  0,  8, ],
[11,  0,  0,  0,  0,  0,  0,  0,  0,  0,  0,  0,  0,  0,  0,  0,  0,  0,  0,  0,  0,  0,  0,  0, ],
[ 0,  0,  2,  0,  2,  0,  0,  0,  0,  0,  0,  0,  7,  0,  0,  0,  0,  0,  0,  0,  0,  0,  0,  0, ],
[ 0,  0,  0,  0,  0,  0,  0,  0,  0,  0,  0,  0,  0,  0,  0,  0,  0,  0,  0,  0,  0,  0,  0,  0, ],
[ 0,  0,  0,  0,  0,  0,  0,  0,  0,  0,  0,  0,  0,  0,  6,  0,  9,  0,  0,  0,  0,  0,  0,  0, ],
[ 0,  0,  0,  0,  0, 11,  0,  0,  0,  0,  0,  0,  9,  0,  0,  0,  0,  0,  0,  0,  0,  0,  0,  0, ],
[ 0,  0, 14,  0,  0, 11,  0,  0,  0,  0,  0,  0,  0,  0,  0,  0,  0,  0,  0,  4,  0,  0,  0,  0, ],
[ 0,  0,  0,  0,  0,  0,  0,  0, 10,  0,  0,  0,  0,  0,  0,  0,  0,  0,  0,  0,  0,  0,  0,  0, ],
[ 0,  6,  0,  0,  0,  0,  0,  0,  0,  0,  0,  0,  0,  0,  0,  0, 11,  9,  0,  0,  0, 12,  0,  0, ],
[ 0,  0,  0,  0,  0,  2,  0,  0,  0,  4,  0,  0,  0,  0,  0,  8,  0,  4,  0,  0, 12,  8,  0,  0, ],
[ 0,  0,  0,  0,  0,  2,  0,  0,  0,  4,  0,  0, 10,  0,  0,  0,  0,  0,  0,  0,  0,  0,  0,  0, ],
[ 0,  0,  0,  0,  5,  0,  0,  0,  0,  0,  0,  0, 14,  0,  0,  0,  0,  0,  0,  6,  0,  0,  0,  0, ],
[ 0,  0,  0,  0, 12,  9,  0,  0,  7,  2,  9,  0,  0,  0,  0,  0,  0,  0,  0,  0,  0, 12,  0,  0, ],
[ 0,  0,  0,  0,  0,  0,  0,  0,  0,  0,  0,  0,  0,  0,  0,  0,  0,  0,  0,  0,  0,  0,  0,  0, ],
[ 0,  0,  0,  0,  0,  0,  0,  0,  0,  0,  4,  0,  0,  0,  0,  0,  0,  0,  0,  0,  0,  0,  0,  0, ],
[ 2,  0,  0,  0,  0,  0,  0,  0,  0,  0,  0,  0,  0,  0,  0,  0,  0,  0,  0,  0,  0,  0,  0,  0, ],
[ 0,  0, 11,  0,  0,  7,  0,  0,  7,  0,  0,  0,  0,  0,  0,  0,  0,  0, 10,  0,  0,  0,  0,  0, ],
[ 0,  0,  0,  0,  0,  0,  0,  0,  0,  0,  7,  0,  0,  0,  0,  0,  0,  0,  0,  0,  0,  0,  0,  0, ],
[ 0,  0,  4,  0,  0,  0,  0,  0,  0, 10,  0,  0,  0,  0,  0,  0,  5,  0,  0,  7,  0,  0,  0,  0, ],
[ 0,  0,  0,  0,  0,  0,  0,  0,  0,  0,  0,  0,  0,  0,  0, 14,  0,  0,  0,  0,  0,  0,  0,  0, ],
[ 3,  0,  0,  0,  0,  0,  0,  0,  0,  0,  0,  0, 14,  0,  0,  0,  4,  0,  0,  0,  0,  0,  9,  0, ],
[ 0,  0,  0,  0,  0,  0,  0,  0,  0,  0,  0,  0,  0,  0,  0,  0,  8,  0,  0,  0,  0,  0,  0,  0, ],
[ 0,  0,  0,  0,  0,  1,  0,  0,  0,  0,  0,  0,  0,  0,  0,  0,  0,  0,  0,  0,  0,  5,  0,  0, ],
[ 0,  0,  0,  0,  0,  0,  0,  0,  0,  0,  0,  0,  0,  0,  0,  0,  0,  0,  0,  0,  0,  0,  0,  0, ],
[ 0,  0,  0,  0,  0,  0,  0,  0,  0,  0,  0,  0,  0,  0,  0,  0,  0,  0,  0,  0,  0,  0,  0,  0, ],
[ 0,  0,  0,  0,  0,  0,  0,  5,  0,  0,  0,  0,  0,  0,  0,  0,  0,  0, 11,  0,  0,  7,  0,  0, ],


[0.2190, 1.0000, ],
[-0.1595, 0.8746, ],
[0.7343, 0.5151, ],
[-0.6837, 0.1159, ],
[0.3150, 0.8954, ],
[0.0955, 0.3587, ],
[-0.7717, 0.4189, ],
[0.1851, -0.9960, ],
[0.0057, -0.1952, ],
[-0.1090, -0.4082, ],
[0.2788, 0.3196, ],
[-0.1547, 0.5665, ],
[-0.1463, -0.0934, ],
[0.3726, 0.6787, ],
[-0.3263, -0.6561, ],
[-0.0927, -0.1634, ],
[-0.6840, 0.5780, ],
[-0.3564, -0.5993, ],
[-0.0215, 0.4748, ],
[0.1556, 0.6079, ],
[-0.7566, -0.0022, ],
[-0.2141, 0.1448, ],
[0.6455, -0.8188, ],
[0.8467, 0.4290, ],
[0.0044, 0.7444, ],
[0.8306, 0.2158, ],
[-0.7257, -0.0715, ],
[0.2420, 0.5348, ],
[-0.1264, -0.1823, ],
[-0.0990, 0.9139, ],
[0.1003, -0.4202, ],
[-0.9429, 0.8753, ],
[-0.6994, -0.8446, ],
[0.5130, 0.2929, ],
[-0.5318, -0.4070, ],
[-0.6316, 1.0000, ],
[-0.3525, 0.7003, ],
[0.4898, -0.1638, ],
[0.7378, 0.0308, ],
[-0.0806, 0.9269, ],
[0.5340, -0.3540, ],
[0.0428, 0.6161, ],
[-0.9054, -0.5563, ],
[0.2197, -0.0973, ],
[0.6814, 0.8679, ],
[-0.1931, -0.5516, ],
[-0.3457, 1.0000, ],
[0.0662, -0.0156, ],
[-0.7624, 0.6816, ],
[0.8534, -0.3046, ],
[0.1205, 0.9398, ],
[0.2049, -0.2222, ],
[0.3039, 0.4332, ],
[-0.3223, -0.7830, ],
[-0.9950, 0.8879, ],
[1.0000, 0.5503, ],
[-0.4611, 0.9827, ],
[0.4124, 0.1739, ],
[-0.4679, 0.4290, ],
[-0.1893, 0.4154, ],
[0.1120, 0.5864, ],
[-0.5625, 0.6481, ],
[-0.8226, -0.7994, ],
[0.1303, 0.5427, ],
[0.1851, 0.2230, ],
[0.2207, -0.2693, ],
[0.5315, 0.8630, ],
[-0.7931, -0.1161, ],
[-0.4371, -0.4360, ],
[-0.7781, -0.0521, ],
[0.6571, -0.1485, ],
[-0.4889, -0.8019, ],
[1.0000, -0.6073, ],
[-0.1061, -0.5056, ],
[-0.4042, 0.8694, ],
[-0.9045, 0.9517, ],
[-1.0000, -0.7123, ],
[-0.8798, 0.1465, ],
[0.7999, 0.7074, ],
[-0.4987, -0.8644, ],
[0.9384, 0.6339, ],
[-0.0929, 0.2707, ],
[-0.5715, 0.0986, ],
[-0.7689, -0.9300, ],
[-0.6525, 0.1673, ],
[-0.1657, -0.2546, ],
[-0.6115, 0.3836, ],
[-0.8050, 0.7182, ],
[-0.0851, -0.8659, ],
[-0.5581, 0.4670, ],
[-0.5273, -0.5996, ],
[0.5471, -0.9402, ],
[-0.1723, -0.3585, ],
[0.8897, 0.5298, ],
[-0.4372, -0.0543, ],
[0.1921, -0.0964, ],
[0.4477, 1.0000, ],
[-0.7020, 0.2292, ],
[-0.0349, -0.8440, ],
[0.5039, 0.8220, ],


[2.0000, ],
[4.0000, ],
[11.0000, ],
[7.0000, ],
[5.0000, ],
[6.0000, ],
[13.0000, ],
[4.0000, ],
[9.0000, ],
[7.0000, ],
[14.0000, ],
[14.0000, ],
[8.0000, ],
[7.0000, ],
[4.0000, ],
[12.0000, ],
[9.0000, ],
[4.0000, ],
[7.0000, ],
[12.0000, ],
[6.0000, ],
[6.0000, ],
[11.0000, ],
[9.0000, ],
[4.0000, ],
[4.0000, ],
[14.0000, ],
[3.0000, ],
[5.0000, ],
[9.0000, ],
[4.0000, ],
[3.0000, ],
[7.0000, ],
[7.0000, ],
[2.0000, ],
[7.0000, ],
[3.0000, ],
[12.0000, ],
[4.0000, ],
[0.0000, ],
[4.0000, ],
[19.0000, ],
[6.0000, ],
[6.0000, ],
[14.0000, ],
[7.0000, ],
[10.0000, ],
[6.0000, ],
[0.0000, ],
[9.0000, ],
[0.0000, ],
[1.0000, ],
[11.0000, ],
[2.0000, ],
[9.0000, ],
[4.0000, ],
[4.0000, ],
[4.0000, ],
[13.0000, ],
[4.0000, ],
[6.0000, ],
[6.0000, ],
[14.0000, ],
[11.0000, ],
[9.0000, ],
[7.0000, ],
[6.0000, ],
[10.0000, ],
[0.0000, ],
[0.0000, ],
[2.0000, ],
[20.0000, ],
[9.0000, ],
[2.0000, ],
[7.0000, ],
[4.0000, ],
[5.0000, ],
[0.0000, ],
[6.0000, ],
[7.0000, ],
[10.0000, ],
[4.0000, ],
[14.0000, ],
[15.0000, ],
[7.0000, ],
[9.0000, ],
[18.0000, ],
[0.0000, ],
[2.0000, ],
[1.0000, ],
[14.0000, ],
[3.0000, ],
[11.0000, ],
[4.0000, ],
[11.0000, ],
[3.0000, ],
[3.0000, ],
[0.0000, ],
[0.0000, ],
[9.0000, ],


