[ 0,  0, 14,  0,  0,  0,  0,  0,  0,  0,  0,  0,  0,  0,  2,  0,  0, 11,  0,  3,  0,  0,  0,  0, ],
[ 0,  0,  0,  0,  0,  0,  0,  2,  0,  0,  0,  0,  0,  0,  0,  0,  0,  0,  0,  0,  0,  0,  0,  0, ],
[ 0,  0,  0,  1,  0,  0,  0, 11,  0,  0,  0, 13,  0,  0,  0,  0,  0,  0,  0,  0,  0,  0,  0,  0, ],
[ 0,  0,  0,  0,  0,  0, 11,  0,  0,  0,  0,  0,  0,  0, 12,  0,  0,  0,  0,  0,  0,  0,  0,  0, ],
[ 0,  0,  0,  0,  0,  0,  0,  0,  0,  0,  0,  0,  0, 11,  0,  0,  0,  0,  9,  0,  0,  0,  0,  0, ],
[ 0,  0,  0,  0,  0,  0,  0,  0,  0,  0,  0,  0,  0,  8,  0,  0,  0,  0,  0,  0,  0,  0,  0,  2, ],
[ 1,  3,  0,  0,  0,  0,  0,  1,  0,  0,  0,  0,  0,  9,  0,  0,  0,  0,  0,  0,  0,  0,  0,  0, ],
[ 0,  0,  0,  0,  0,  0,  0,  0,  6,  0, 10,  0,  0,  0,  0,  0,  0,  0,  0,  0,  0,  0,  0,  0, ],
[ 0,  0,  0,  0,  0, 12,  0,  0,  0,  0,  0,  0,  0,  0,  0,  0,  1,  0,  0,  0,  0,  0,  0,  0, ],
[ 0,  0,  0,  0,  0,  0,  0,  0,  0,  3,  0,  0,  0,  0,  0,  0,  0,  0,  0,  0,  0,  2,  0,  0, ],
[ 0, 12,  0,  0,  0,  0,  0,  0,  0,  0,  0,  0,  3,  0,  0,  0,  0,  0,  0,  0, 12,  0,  0,  0, ],
[ 0,  0,  0,  0,  6,  0,  9,  0,  0,  0,  0,  0,  0,  0,  1,  0,  0,  0,  2,  0,  0,  0,  0,  0, ],
[ 0,  0,  0,  0,  0,  0,  0,  0,  0,  0,  0,  0,  0,  0,  0,  0,  0,  0,  8,  0,  0,  0,  0,  0, ],
[ 0,  2,  4,  0,  0,  0,  0,  0,  0,  0,  0,  0, 13,  0,  0,  0,  0,  0,  4,  0,  0,  0,  0,  0, ],
[ 0,  0,  0,  0,  0,  0,  0,  0,  0, 12,  0,  0,  0,  0,  0,  0,  0,  0,  0,  0,  0,  1,  0,  0, ],
[ 0,  6,  0,  0,  0,  0,  0,  0,  0,  0,  0,  0,  0,  0,  0,  0,  0,  0,  0,  0,  2,  0,  0,  0, ],
[ 0,  0,  0,  0,  0,  0,  8,  0,  0,  0,  0,  0,  7,  0,  0,  0,  0,  0,  0,  0,  0,  0,  0,  0, ],
[ 0,  0,  0,  0,  0,  0,  0,  0,  0,  0,  0,  0,  0,  0,  1,  0,  0,  0,  0,  0,  0,  0,  0,  0, ],
[ 0,  0,  0,  0,  0,  0,  0,  0,  0,  4,  0,  0,  0,  0,  0,  0,  0,  0,  0,  0,  0,  0,  5,  0, ],
[ 5,  0, 14,  0,  0,  0,  0,  0,  0,  0, 14,  0,  0,  0,  0,  0,  0,  0,  0,  0,  0,  0,  0,  0, ],
[ 0,  0,  4,  3,  0,  0,  0,  0,  0,  0,  0,  0,  0,  0,  0,  0,  0,  0,  0,  0,  0,  0,  0,  0, ],
[ 0,  0,  0,  0,  0,  0,  0,  0,  0,  0,  8,  0,  0,  0,  0,  0,  0,  0,  0,  0,  0,  0,  0,  0, ],
[ 0,  0,  0,  0,  0,  0,  0,  0,  0, 12,  0,  0,  0,  0,  0,  0,  0,  0, 12,  0,  0,  0,  0,  0, ],
[ 0,  2,  8,  0,  0,  0,  0,  6,  0,  0,  0,  0,  0,  0,  0,  0,  0,  0,  4,  0, 12,  0,  0,  0, ],
[ 0,  0,  0,  0,  0,  0,  0,  1,  0,  0,  0,  0,  0,  0,  0,  0,  0,  0,  0,  0,  0,  0,  8,  0, ],
[12,  0,  0,  0,  2,  0,  0,  0,  0,  0,  0,  0,  0,  5,  0,  0,  0,  0,  0,  0,  0,  0,  0,  0, ],
[ 0,  0,  0,  0,  0,  0,  8,  0,  0,  0,  0,  0,  0,  0,  0, 13,  0,  0,  0,  0,  0, 12,  0,  0, ],
[ 0,  0,  0,  0,  9,  0,  0,  0,  0,  0,  0,  0,  7,  0,  0,  0,  0,  0,  6,  0,  0,  0,  0,  0, ],
[ 0,  0,  0,  6,  0,  6,  0,  0, 13,  0,  0,  0,  0,  0,  0,  0,  0,  0,  0,  0,  0,  0,  0,  0, ],
[ 0,  0,  0,  0,  0,  0,  0,  0,  0,  0,  0,  0,  0,  9,  0,  0, 12,  0,  0,  0,  0,  0,  0,  0, ],
[ 0,  0,  0,  0,  0,  0,  0, 12,  0,  0,  0,  0,  0,  0,  0, 12,  1,  0,  6,  0,  0,  0,  0,  0, ],
[ 0,  0,  0,  5, 14,  0,  0,  0,  0,  0,  0,  0,  0,  0,  0,  0,  6,  0, 11,  0,  0,  0,  0,  0, ],
[ 0,  0,  0,  0,  0,  0,  0,  0,  9,  0,  0,  0,  0,  0,  0,  0,  0,  0,  0,  0,  0,  0,  0,  0, ],
[ 0,  0, 11,  0,  0,  0, 13,  0,  0, 14,  0,  0,  0,  0,  0,  1,  0,  0,  0,  0,  0,  0,  0,  0, ],
[ 0,  0,  0,  0,  0,  0,  0,  0,  0,  0,  0,  0,  0,  0,  0,  0,  0,  0,  0,  0,  0, 11,  0,  0, ],
[ 0,  0,  1,  0,  0,  0,  6,  0,  0,  0, 12,  0,  0,  0,  0,  0,  0,  0,  0,  0,  0,  0,  0,  0, ],
[ 0,  0,  0,  0,  0,  0,  0,  0,  0,  0,  0,  0,  0,  0,  5,  0,  0,  0,  0,  0, 10,  0,  0,  0, ],
[12,  0,  0,  0,  0,  0,  0,  0,  0,  0,  0,  0,  2,  0,  0,  0,  0,  0,  0,  0,  0,  0,  0,  0, ],
[ 0,  0,  0,  0,  0,  0,  0,  0,  0,  0,  0,  0,  0,  0,  0,  0,  0,  0,  0,  0,  0,  0,  0,  0, ],
[ 0,  0,  0,  0,  0,  0,  0,  0, 14,  0,  0,  0,  0,  0,  0,  0,  0,  0,  0,  0,  0,  0,  0,  0, ],
[ 0,  0,  0,  0,  0,  0,  0,  7,  0,  0,  0,  0,  0,  0,  0,  0,  1,  2,  0,  5,  0,  0,  0,  0, ],
[ 0,  0,  0,  0,  0,  0,  0,  0,  0, 10,  0, 10,  0,  0,  0,  0,  0,  0,  0,  0,  0,  0,  0,  0, ],
[ 0,  0, 14,  0,  0,  0,  0,  0,  0,  1,  0,  0,  0,  0,  0,  0,  0,  0,  0,  0,  0,  0,  0,  0, ],
[ 0,  0,  0,  0,  0,  0,  0,  0,  0,  0,  0,  0,  2,  0,  0,  0,  0,  0,  0,  0,  6,  0,  0,  0, ],
[ 0,  0,  0,  0,  0,  0,  0,  0,  0,  0,  0,  0,  0,  4,  0,  0,  6,  0,  0,  0,  0,  0,  0,  0, ],
[ 0,  0,  0,  0,  0,  0,  7,  8,  0,  1,  0,  0,  0,  0,  0,  0,  0, 10,  0,  9,  0,  0,  0,  0, ],
[ 0,  0,  0,  0,  0,  0,  0,  0,  0,  0,  0,  0,  0,  0,  0,  0,  0,  0,  0,  0,  0,  3,  0, 14, ],
[ 0,  7,  0,  0,  0,  0,  0,  0,  0,  8,  0,  0,  0,  0,  0, 10,  0,  0,  0,  0,  0,  0,  0, 10, ],
[ 0,  0,  8,  5,  0,  0,  3,  0,  0, 14,  0,  0,  0,  0,  0,  0, 13,  0,  0,  0,  0, 12,  0,  0, ],
[ 0,  0, 11,  0,  5,  0,  0,  0,  0,  2,  0,  0,  0,  0,  0,  0,  0,  0,  0,  0,  0,  0, 11,  7, ],
[ 9,  0,  0,  0,  0,  0,  0,  0,  0,  0,  0,  0,  0,  0,  0,  0,  0,  0,  0,  0,  0,  0,  0,  0, ],
[ 0,  0,  0,  0,  0, 10,  0,  0,  0,  3, 14,  0,  0,  0,  0,  0,  0,  0, 13,  0,  0,  0,  0,  0, ],
[ 0,  0,  0,  9,  0,  5,  0,  0,  0,  0,  0,  0,  0,  0,  0,  0,  0,  0,  0,  0,  5,  0,  0,  0, ],
[ 0,  0,  1,  0,  0,  0,  0,  0,  0,  0,  0,  0,  0,  0,  0,  0,  0,  0,  0,  0,  4,  0,  0,  0, ],
[ 0,  0,  0,  0,  0,  0,  0,  0,  0,  0,  0,  0,  0,  0,  2,  8,  0,  0,  0,  0,  0,  0,  0,  0, ],
[ 0,  0,  0,  0,  0,  0,  0,  0,  0,  0,  0,  0,  0,  4,  0,  0,  0,  0,  0,  0,  0,  0,  0,  0, ],
[ 0,  0,  0,  0, 13,  0,  0,  0,  0,  0,  0,  0,  0, 13,  0, 11,  0,  0,  0,  0,  0,  0,  0,  0, ],
[ 0,  0,  0,  0,  0,  0,  0,  0,  0,  0,  0,  0,  0,  0,  0,  0,  0,  0,  0,  0,  0,  0,  0,  0, ],
[ 0,  0,  0,  0,  0,  0,  0,  0,  0,  0,  0,  0,  0,  0,  0,  0,  0,  0,  0,  0, 11,  0,  0,  0, ],
[ 0,  0,  0,  0,  0,  0,  0,  0,  0,  0,  0,  0,  0,  0,  0,  0, 14,  0,  0,  0,  0, 12,  0,  0, ],
[ 0,  4,  8,  0,  0,  0,  0,  0,  0,  0,  0,  0,  0,  0,  0,  0,  6,  0,  0,  0,  0,  0,  0,  0, ],
[ 0,  0,  0,  0,  0,  0,  0,  0,  0,  0,  0,  0,  0,  0,  7,  0,  0,  5,  0,  0,  0,  0,  0,  9, ],
[ 0,  0,  0,  0,  0,  0,  0,  0,  0,  0,  0,  0,  0,  0,  3,  0,  0,  0,  0,  0,  0,  0,  0,  0, ],
[ 0,  0,  0,  0,  0,  0,  0,  0,  0,  0,  0,  0,  0,  0,  0,  0,  0,  0,  0,  0,  0,  0,  0,  0, ],
[ 0,  0,  0,  0,  0,  0,  0,  1,  0,  0,  0,  0,  0,  0,  0,  0,  0,  0,  0,  0,  0,  0,  0,  0, ],
[ 0,  0, 12,  0,  0,  0,  0,  0,  0,  0,  0,  0,  0,  0,  0,  4,  0, 12,  0,  0,  0,  0,  0,  0, ],
[ 0,  0,  0,  0,  0,  0,  0,  0,  0,  0,  0,  0,  0,  0,  0,  0,  0,  6,  0,  0,  0,  0,  0,  0, ],
[ 0,  0,  0,  0,  0,  0,  0,  0,  0,  0,  0,  0,  0,  0,  4,  0,  0,  0,  0,  0,  0,  0,  0,  0, ],
[ 0,  7,  0,  0,  0,  0,  0,  0, 14,  0,  0,  0,  0,  1,  0,  0,  0,  0,  0,  0,  0,  0,  0,  0, ],
[ 0,  0,  5,  0,  0,  0,  0,  0, 13,  0,  0,  0,  0,  0,  0,  0,  0, 14,  0,  0,  0,  0,  0,  0, ],
[ 0,  0,  0,  0,  1,  0,  0,  0,  0,  0, 13,  0,  0,  0,  0,  0,  0,  9,  0,  0,  0,  0,  0,  5, ],
[ 0,  0, 12,  0,  0,  6,  0,  0,  0,  0,  0,  0,  0,  0,  0,  0,  0,  0,  0,  0, 14,  0,  4,  5, ],
[ 0,  0,  0,  0,  0,  0,  0,  0,  0,  0,  0,  0,  0,  0,  0,  0,  0,  0,  0,  0,  0,  0,  0,  0, ],
[ 0,  0,  0,  0,  0,  0,  0,  0,  0,  7,  0,  0,  0,  0,  0, 11,  0,  0,  0,  0,  0,  0,  0,  0, ],
[ 5,  7,  0,  0,  0,  0,  0,  8,  0,  0,  0,  0,  0,  0,  0,  4,  0,  0,  0,  0,  0,  0,  0,  3, ],
[ 0,  0,  0,  0,  0,  0,  0,  3,  2,  0,  2,  0, 13,  7,  0,  0,  0,  0,  0,  0,  0,  0,  0,  0, ],
[ 0,  0,  0,  0,  0,  0,  0,  0,  8,  2,  9,  0,  3,  0,  0,  0,  0,  0,  0,  0,  0,  5,  0,  0, ],
[ 0,  2,  0,  0,  0,  0,  0,  0,  0,  0,  0,  0,  0,  0,  0,  0,  0,  0,  0,  0,  0,  0,  0,  0, ],
[ 0,  0,  0,  0,  0,  0,  0,  0,  0, 14,  0,  0,  0,  3,  0,  1,  0,  0,  0, 10,  0,  0,  4,  0, ],
[ 0,  0,  0,  0,  0,  0,  4,  0,  0,  0,  0,  0,  0,  0,  0,  0,  0,  0,  0,  0,  0,  0,  0,  0, ],
[ 0,  1,  0,  0,  0,  0,  0,  0,  0,  0,  0,  0,  0,  0,  0,  0,  0, 14,  0, 13,  0,  0,  0,  0, ],
[ 0,  0,  4,  0,  0,  0,  4,  0,  0,  0,  0,  0,  0,  0,  0,  0,  0,  0,  0,  0,  0,  0,  0,  0, ],
[ 0,  0,  0,  0,  0,  9,  0,  0,  0,  0,  0,  0, 10,  0,  0,  0,  0,  0,  9,  0,  0,  0,  0, 12, ],
[10,  0,  0,  0,  0,  0,  6,  0,  0,  0,  0,  0,  0,  0,  9,  0,  0,  0,  0,  0,  0,  0,  0,  2, ],
[ 0,  0,  0,  0,  0,  0,  0,  9,  0,  0,  0,  0,  0,  0,  0,  0,  1,  0,  0,  0,  0,  0, 13,  0, ],
[ 0, 11,  0,  0,  0,  0,  0,  0,  0,  0,  0,  0,  0,  0,  0,  0,  0,  0,  0,  0,  0,  0,  0,  0, ],
[ 0,  0,  0,  0,  0,  0,  0,  0,  0,  0,  0,  0,  0,  0,  0,  0,  0, 12,  0,  0,  0,  0,  0,  9, ],
[ 0,  0,  0,  0,  0,  0,  0,  0,  0,  0,  0,  0,  0,  0,  2,  0,  0,  0,  0,  0,  6,  0,  0, 13, ],
[ 0,  0,  0,  0,  0,  0,  0,  0,  0,  0,  0,  0,  0,  0,  5,  0,  0,  0, 12,  0,  0,  0,  0,  0, ],
[ 3,  0,  0,  0,  0,  0,  0,  0,  0,  2,  0,  0,  0,  0,  6, 10,  0,  0,  0,  0, 13,  6,  0,  0, ],
[ 0,  0,  0,  0,  0,  0,  0,  0,  0,  0,  0,  0,  0,  7,  0,  0,  0,  0,  0,  0,  0,  0,  0,  0, ],
[ 0,  0, 13,  0,  0,  0,  0,  0,  0,  0,  0,  0,  0,  0,  4,  0,  0,  0,  0,  0,  0,  0,  0,  0, ],
[ 0,  0,  0,  0,  0,  7,  0,  0,  0,  0,  0,  0,  0,  0,  0,  0,  0,  0,  0,  0,  4,  0,  0,  0, ],
[ 0, 12,  0,  0,  4,  0,  0,  0,  0,  0,  0,  0,  0,  3,  0,  0,  0,  0,  0,  0,  0,  7,  0,  0, ],
[ 0,  0,  0,  0,  0,  0,  0,  0,  0,  0,  0,  0,  0,  0,  2,  0,  0,  0,  0,  0,  0,  0,  0,  0, ],
[ 9,  0,  0,  0,  0,  0,  0,  0,  0,  0,  0,  0,  0,  0,  0,  3,  5,  0,  0,  0,  0,  0,  0,  0, ],
[ 0,  9,  0,  0,  0,  0,  0,  0,  0,  0,  0,  1,  0,  0,  0,  0,  0,  0,  0,  0, 14,  0,  0,  0, ],
[ 0, 12,  0,  0,  0,  0,  0,  0,  0,  0,  0,  0,  0,  0,  0,  0,  0,  0,  0,  0,  2,  0,  5,  0, ],
[ 0,  0,  0,  0,  0,  0,  0,  0,  0, 14,  0,  0,  0,  0,  0,  0,  0,  0,  0,  0,  0,  0,  0,  0, ],
[ 0,  0,  0,  0,  0,  0,  0,  6,  0,  0,  0,  0,  0,  0,  0,  0,  0,  0,  0,  0,  0,  0,  0,  0, ],


[0.8373, -0.0991, ],
[-0.1595, -0.4012, ],
[-0.0349, 0.4884, ],
[0.9415, 0.2335, ],
[-0.3226, 0.6453, ],
[0.4674, -0.1729, ],
[-0.3781, 0.3886, ],
[0.2341, 0.2742, ],
[-0.0216, 0.6345, ],
[-0.4674, 0.2388, ],
[-0.9564, -0.1571, ],
[-0.0702, -0.5293, ],
[-0.6058, -0.7566, ],
[0.3726, 0.2255, ],
[0.4031, 0.5918, ],
[-0.5398, -0.1375, ],
[0.6779, -0.9050, ],
[0.2724, 0.8472, ],
[0.6602, 0.0614, ],
[0.4549, -0.7783, ],
[0.9586, 0.6812, ],
[0.0561, 0.0863, ],
[0.8019, 0.0350, ],
[-0.6272, -1.0000, ],
[0.8949, 0.0218, ],
[0.2180, 0.1017, ],
[-1.0000, -0.4217, ],
[0.1512, -0.1891, ],
[-0.0223, 0.3740, ],
[-0.6089, -0.6502, ],
[-1.0000, 0.2946, ],
[-0.0150, 0.5285, ],
[-0.9651, -0.1230, ],
[0.7099, 0.7070, ],
[-0.0623, 0.6937, ],
[-0.4849, 0.9618, ],
[0.1099, -0.0533, ],
[-0.4364, -0.2284, ],
[0.5736, 1.0000, ],
[0.6125, -0.7491, ],
[0.5101, 1.0000, ],
[0.0451, 0.2151, ],
[0.2256, 0.2195, ],
[0.5291, -0.8741, ],
[0.7378, -0.2032, ],
[0.3049, -0.4715, ],
[-0.5499, 0.5568, ],
[-0.5134, 0.5157, ],
[-0.1974, -0.7344, ],
[0.8335, 1.0000, ],
[0.7482, -0.1642, ],
[0.6566, 0.1803, ],
[-0.1969, -1.0000, ],
[-0.0761, -0.6102, ],
[-0.3224, -0.1881, ],
[0.5910, -0.3786, ],
[0.8450, -0.0185, ],
[-0.8142, 0.2205, ],
[-0.3869, 0.3924, ],
[0.1822, -0.3484, ],
[0.6410, 0.1864, ],
[0.2246, 0.1473, ],
[-0.6715, 0.1640, ],
[0.4113, 0.2645, ],
[1.0000, 0.9493, ],
[-0.3425, -0.8519, ],
[0.2777, 0.3534, ],
[0.4341, -0.5500, ],
[0.2681, 0.0627, ],
[0.7419, 0.0127, ],
[0.6835, 0.5082, ],
[0.1495, 0.4420, ],
[-0.2589, 0.3217, ],
[-0.1339, -0.2765, ],
[-0.7082, 0.7594, ],
[-1.0000, -1.0000, ],
[1.0000, 0.4056, ],
[0.2183, 0.4352, ],
[-0.1591, 0.0698, ],
[-0.4432, 0.1769, ],
[-0.4060, -0.8745, ],
[-0.4323, 0.0949, ],
[-0.1946, 0.8858, ],
[-0.1309, 0.8155, ],
[-0.6865, -0.1684, ],
[-0.3286, -0.3963, ],
[0.1868, -0.3091, ],
[0.7869, 0.5819, ],
[-0.2056, -0.8659, ],
[0.3570, -0.3552, ],
[-0.4310, -0.1726, ],
[-0.0581, -0.3890, ],
[-0.2497, 0.5829, ],
[0.3581, -0.1995, ],
[-1.0000, 0.9003, ],
[0.0713, -0.4335, ],
[-0.7111, 0.0208, ],
[0.7287, -0.6602, ],
[0.6764, 0.4643, ],
[0.4009, 0.4876, ],


[11.0000, ],
[1.0000, ],
[9.0000, ],
[8.0000, ],
[7.0000, ],
[4.0000, ],
[7.0000, ],
[7.0000, ],
[5.0000, ],
[3.0000, ],
[10.0000, ],
[8.0000, ],
[3.0000, ],
[9.0000, ],
[5.0000, ],
[4.0000, ],
[6.0000, ],
[1.0000, ],
[4.0000, ],
[10.0000, ],
[4.0000, ],
[3.0000, ],
[8.0000, ],
[13.0000, ],
[4.0000, ],
[7.0000, ],
[11.0000, ],
[9.0000, ],
[10.0000, ],
[7.0000, ],
[12.0000, ],
[13.0000, ],
[3.0000, ],
[13.0000, ],
[4.0000, ],
[8.0000, ],
[6.0000, ],
[5.0000, ],
[0.0000, ],
[4.0000, ],
[7.0000, ],
[8.0000, ],
[5.0000, ],
[4.0000, ],
[5.0000, ],
[14.0000, ],
[6.0000, ],
[14.0000, ],
[19.0000, ],
[14.0000, ],
[3.0000, ],
[14.0000, ],
[7.0000, ],
[3.0000, ],
[4.0000, ],
[2.0000, ],
[12.0000, ],
[0.0000, ],
[4.0000, ],
[8.0000, ],
[8.0000, ],
[8.0000, ],
[2.0000, ],
[0.0000, ],
[1.0000, ],
[10.0000, ],
[3.0000, ],
[2.0000, ],
[8.0000, ],
[10.0000, ],
[10.0000, ],
[15.0000, ],
[0.0000, ],
[7.0000, ],
[12.0000, ],
[11.0000, ],
[11.0000, ],
[1.0000, ],
[13.0000, ],
[2.0000, ],
[9.0000, ],
[4.0000, ],
[14.0000, ],
[11.0000, ],
[8.0000, ],
[4.0000, ],
[7.0000, ],
[8.0000, ],
[6.0000, ],
[17.0000, ],
[3.0000, ],
[6.0000, ],
[5.0000, ],
[11.0000, ],
[1.0000, ],
[7.0000, ],
[8.0000, ],
[7.0000, ],
[4.0000, ],
[3.0000, ],


