[ 0,  0, 14,  0,  0,  0,  0,  0,  0,  0,  0,  0,  0,  5,  0,  2,  0,  0,  0, 11,  0,  0,  0,  0, ],
[ 0,  0,  0,  8,  0,  0,  0,  0,  0,  9,  0,  0,  0,  0,  0,  0,  2,  0,  0,  0,  0,  8,  0,  0, ],
[ 0,  0,  0,  0,  0,  0,  6, 11,  0,  0,  0,  0,  0,  0,  0,  0,  0, 14,  0,  0,  0,  0,  0,  0, ],
[ 0,  0,  0,  0,  0,  0,  0,  0,  0,  0,  0,  0,  0,  0,  0,  0,  0,  0,  0, 13, 12,  0,  0,  0, ],
[ 6,  0,  0,  0,  0,  0,  0,  0,  0,  0,  0, 13,  0,  0,  0,  2,  0,  0,  0,  0,  0,  9,  0,  0, ],
[ 0,  0,  0,  0,  0,  0,  9,  0,  0,  0,  0,  0,  0,  0,  5,  0,  0,  0,  6,  0,  0,  0,  0,  0, ],
[ 1,  0,  0,  0,  0,  0,  0,  0,  0,  0,  0, 13,  0,  0, 13,  0,  0, 13,  0,  0,  0,  0,  0, 13, ],
[ 0,  0,  0,  0,  0,  0,  0,  0,  0,  0,  0,  0,  0,  0,  0,  0,  0,  0,  0,  0,  9, 10,  0,  0, ],
[ 0,  0,  0,  0,  0,  0,  2,  0,  0,  0,  0,  8,  0,  0,  0,  0,  0,  0,  0,  0,  0,  0,  0,  0, ],
[ 0,  0,  0,  0,  0,  0,  0,  0,  0,  0,  0,  0,  0,  0,  0,  0,  0,  0,  0,  0,  0,  0,  0,  0, ],
[ 0,  0,  0,  7,  0,  0, 14,  6,  0,  0,  0,  0,  0,  0,  0,  0,  0,  0,  0,  0,  0,  0,  0,  0, ],
[ 0,  0,  0,  5,  0,  0,  0,  0,  0,  0,  0,  0,  0, 13,  0,  0,  0,  0,  0,  0,  0,  0,  0,  0, ],
[ 0,  0,  0,  0,  9,  0,  0,  0,  0,  0,  5,  0,  0,  2,  0,  0,  0,  0,  0, 14,  0,  0,  0,  0, ],
[ 0,  0,  0,  0,  0,  0,  0,  0,  8,  0,  0,  0,  0,  0,  0,  0,  0,  0,  0,  0,  0,  0,  0,  0, ],
[ 0,  0, 13,  0,  0,  0,  0,  0,  0,  0,  0,  0,  0,  0,  0,  0,  0,  0,  0,  0,  0,  0,  0,  0, ],
[12,  0,  0,  0,  0,  0,  0, 11,  0,  2,  0,  0,  0,  0,  0,  0,  0,  0,  0,  0,  0,  0,  0,  0, ],
[ 2, 13,  1,  0,  0,  0,  4,  0,  0,  0,  0,  0,  0,  0,  0,  8,  0,  0,  0,  0,  0,  0,  0,  0, ],
[ 0,  0,  0,  0,  0,  0,  0,  0,  0,  0,  0,  0,  0,  2,  0,  0,  0,  0,  0,  0,  0,  0,  0,  0, ],
[ 0,  0,  0,  0,  0,  0,  0,  0,  0,  0,  0,  0,  0,  0,  0,  2,  0,  0,  0,  0,  0,  0,  0,  0, ],
[ 0, 11,  0,  0,  0,  0,  0,  0,  0,  0,  0,  0,  0,  0,  0,  0,  0, 11,  0,  0,  0,  0,  0,  0, ],
[ 0,  0,  0,  0,  0,  0,  0,  0,  0,  0,  1,  0,  0,  0,  0,  0,  0,  0,  0,  0,  0,  0,  7,  0, ],
[ 0,  0,  0,  0,  0,  0,  0,  0,  0,  0,  0,  0,  0,  0,  0,  0,  0,  0,  0,  0,  0,  0,  0,  0, ],
[ 9,  0,  0,  0,  0,  0,  0,  0,  0,  0,  0,  0,  0,  0,  0,  0,  0,  0,  0,  0,  0,  0,  2,  0, ],
[ 0,  0,  0,  0,  0,  0,  0,  0,  0,  0,  1,  0,  0,  0,  0,  0,  9,  0,  0,  0,  0,  0,  0,  0, ],
[ 0,  0,  0,  0,  9,  0,  0,  0,  8,  0,  0,  0,  0,  0,  0,  0,  0,  0,  0,  0,  9,  0,  0,  0, ],
[ 0,  0,  0,  0,  0,  0,  8,  0,  0,  0,  2,  0,  0,  0,  0,  0,  0,  0,  0,  0,  0,  0,  0,  5, ],
[ 0,  0,  0,  0,  0,  0,  0,  0,  0,  0,  0,  0,  0,  0,  0,  0,  0,  0,  0,  0,  0,  7,  0,  0, ],
[ 0,  0,  0,  0,  0,  0,  0,  0,  0,  0,  0,  0,  0,  0,  0,  0,  0,  0,  0, 10,  0,  0,  0,  0, ],
[ 0,  0,  0,  0,  0,  0,  0,  0,  0,  0,  0,  0, 13,  0,  0,  0,  0,  1,  0,  7,  0,  0,  0,  0, ],
[ 0,  0,  0,  0,  7,  0,  0,  0,  0,  0,  0,  0,  0, 12,  0,  0,  0,  0,  0,  0,  0,  0,  0,  0, ],
[ 0,  0,  0,  0,  0,  0,  0,  0,  0,  0,  0,  0,  0,  0,  0,  0,  9,  0,  0,  0,  0,  0,  0,  0, ],
[ 0,  0,  0,  0,  0,  0,  0,  0,  0,  0, 12,  0,  0,  0,  0,  0,  0,  0,  0,  0,  0,  0,  0,  0, ],
[ 0,  0,  0,  0,  0,  0,  0,  6,  8,  0,  0,  0,  1,  0,  0,  0,  0,  0,  0,  0,  0,  0,  0,  0, ],
[ 0,  3,  0,  0,  0,  0,  0,  0,  0,  0,  0,  5,  0,  0,  0,  0,  0,  0,  0,  0,  0,  0,  0,  0, ],
[ 0,  0,  0,  0,  0,  6,  0,  0,  0,  0,  0,  0,  0,  0,  0,  0,  0,  0,  0,  0,  0, 10,  0,  0, ],
[ 0,  0,  0,  0,  0,  0,  0,  0,  0,  0,  0,  0,  0,  0,  8,  0,  0,  0,  2,  0,  0,  0,  0,  0, ],
[ 0,  0,  0,  0,  0,  0,  0,  0,  0,  0,  0,  0,  0,  0,  0,  0,  0,  0,  8,  0,  0,  0,  0,  0, ],
[12,  0,  0,  0,  0,  0,  4,  0,  0,  0,  0,  0,  0,  0,  0,  0,  4,  0,  0,  9,  0,  0,  0,  0, ],
[ 0,  0,  0,  0,  0,  0,  0,  0,  0,  0,  0,  8,  0,  0,  0,  0,  0,  0,  0,  2,  0,  0,  0,  0, ],
[ 0,  0,  0, 13,  0,  0,  8,  0,  0,  0,  0,  0, 10,  0,  0,  0,  0,  7,  1,  0,  0,  0,  0,  0, ],
[ 0,  5,  0,  0,  4,  0,  3,  0,  0,  0,  0,  0, 13,  0,  0,  0,  0,  0,  0,  7,  0,  5,  0,  0, ],
[ 0,  0,  0,  0,  0,  0,  0,  0,  0,  0,  0,  0,  0,  0,  6,  0,  0,  0,  0,  0,  0,  0,  0,  0, ],
[ 2,  5,  0,  0,  0,  0,  0,  0,  0,  0,  0,  0,  0,  0,  0,  0,  0,  0,  0,  0,  0,  0,  0,  0, ],
[ 0,  0, 10,  1,  0,  0,  0,  0,  0,  0,  0,  0,  0,  0,  0,  0,  0,  0,  0,  0,  0,  0,  0,  0, ],
[ 0,  0,  0,  0,  0,  0,  0,  0,  0,  0, 12,  0,  0,  0,  0,  0,  0,  0,  0,  7,  0,  0,  0,  0, ],
[ 0,  0,  8,  9,  0,  0,  0,  0,  0,  0,  0,  0,  0,  0,  0,  0,  2,  0,  0,  0,  0,  0, 12,  0, ],
[ 0,  0,  0,  0,  0,  7,  0,  0,  0,  0,  0,  4,  0,  0,  0,  0,  0,  0,  0,  0,  0,  0,  0,  0, ],
[ 0,  7,  0, 10,  0,  0,  0,  0,  0,  0,  0,  0,  0,  4,  3,  1,  0, 12,  0,  0,  0,  0,  0,  0, ],
[ 0,  0,  0,  0,  0,  0,  0,  0,  0,  0,  0,  0,  0,  8,  0,  0, 13,  0,  0,  0,  0,  0,  0,  0, ],
[ 0,  0,  0,  0,  0,  0,  0,  0,  0,  0,  0,  0,  0,  0,  0,  0,  0,  0,  0,  0, 10,  0,  0,  0, ],
[ 0,  0,  0, 10,  0,  0,  0,  0,  0,  0,  0,  0,  0,  0,  0,  0,  9,  0,  0,  0,  2,  0,  0,  0, ],
[ 0,  0,  0,  0,  0,  0,  0,  0,  0,  0,  0,  0,  0,  0,  0,  0,  0,  0,  0,  0,  0,  0,  0,  0, ],
[ 0,  4,  0,  0,  0,  0,  0,  0,  0,  0,  0,  0,  0,  0,  0,  0,  0,  0,  6,  0,  0,  0,  0,  0, ],
[ 0,  0,  0,  0, 10,  0,  0,  0,  0,  0,  1,  0, 13,  0,  0,  0,  0,  0,  0,  7,  0,  0,  0,  0, ],
[ 0,  0,  0, 13,  0,  0,  0,  0, 12,  0,  0,  0,  0,  0,  0,  0,  7,  0,  0,  0,  0,  0,  0,  0, ],
[ 0,  0,  0,  0,  0, 11,  0,  0,  0,  0,  0,  0,  0,  0,  0,  0,  0,  0,  0,  0,  0,  0,  0,  0, ],
[ 0,  0,  0,  0,  0,  8,  0,  0,  0,  0,  0,  0,  0,  0,  0,  0,  0,  0,  0,  0,  0,  0,  0, 11, ],
[ 0,  0,  0,  0,  0,  0,  0,  0,  0,  0,  0,  0,  0,  0,  0,  0,  0,  0,  0,  0,  0,  0,  0, 10, ],
[ 0,  0,  0,  0,  0,  3,  0,  0,  0,  0,  0,  0,  0,  0,  0,  0,  0,  0,  0,  0,  0,  0,  0,  5, ],
[ 0,  0,  0,  0,  0,  0,  0,  0,  8,  0,  0,  9,  0,  0,  0,  9,  0,  0,  3,  0,  0,  0,  0,  0, ],
[ 0,  0,  0,  0,  0,  0,  0,  0,  0,  0,  0,  0,  0,  0,  0,  0,  0,  0,  0,  0,  0,  0,  0,  0, ],
[ 0, 14,  0,  0,  2,  0,  0,  0,  0,  0,  0,  0,  0,  0,  0,  0,  0,  0,  0, 10,  0,  0,  0,  0, ],
[ 0,  0, 12,  0,  0,  0,  1,  0,  0,  0,  0, 13,  0,  0,  0,  0,  0,  0,  0,  0,  0,  0,  0,  0, ],
[ 0,  0,  0,  0,  0,  0,  0,  0,  0,  3,  0,  0,  0,  0,  0,  0,  0,  0,  0,  0,  0,  0,  0,  0, ],
[ 0,  0,  0,  0,  0,  0,  0,  0,  0,  0,  0,  0,  0,  0,  4,  0,  0,  0,  0,  0,  0,  0,  0,  0, ],
[ 0,  0,  0,  0, 12,  3,  0,  0,  0,  0,  0, 13,  9,  0,  0,  0,  0,  0,  0,  0,  0,  7,  0,  0, ],
[ 0,  0,  0,  0,  0,  0,  0,  0, 10,  0,  6,  0,  0,  0,  0,  0,  0,  0,  0,  0,  0,  0,  0,  0, ],
[ 0,  0,  0,  0,  0,  0,  0, 11, 10,  0,  3,  0,  0, 13,  0,  0,  0,  0,  5,  0,  0,  0,  0,  4, ],
[ 0, 12,  0,  0,  0,  0,  0,  0,  0,  0,  0,  0,  1,  0,  0,  0,  0,  0,  0,  0,  0,  0,  9,  0, ],
[ 0,  0,  0,  0,  0,  0,  0,  0,  0,  0,  0,  9,  0,  0,  0,  5,  0,  0,  0,  0,  0,  0,  0,  0, ],
[ 0, 12,  0,  0,  0,  0,  0,  0,  0,  0,  0,  0,  0,  0,  0,  0,  0,  0,  0,  0,  0,  0,  0,  0, ],
[ 0,  0,  0,  0,  0,  0,  0,  0,  0,  0,  0,  0,  0,  0,  0,  0,  0,  0,  0,  0,  0,  0,  0,  0, ],
[ 0,  0,  0,  0,  0,  0, 13,  0,  0,  0,  0,  0,  0,  0,  0,  0,  0,  0,  0,  0, 14,  0,  0,  0, ],
[ 0,  0,  0,  0,  0,  0,  0,  0,  0,  0,  0, 12,  2,  7,  0,  0,  0,  0, 11,  0,  0,  0,  0,  0, ],
[ 0,  0,  0,  6,  0,  0,  0,  0,  5,  0,  0,  0,  0,  0,  0,  0,  0,  0,  0,  0,  0,  0,  0,  0, ],
[11,  0,  0,  0,  0,  0,  0,  0,  0,  0,  0,  0,  4,  0,  0,  0,  0,  0,  0,  0,  0,  0,  0,  0, ],
[ 0,  0, 10,  0,  0,  0,  0,  0,  0,  0,  0,  0,  0,  0,  0,  0, 14,  0,  0,  0,  7,  0,  0,  0, ],
[ 8,  0,  2,  0,  0,  0,  0,  0,  0,  0,  0,  0,  0,  0,  0,  8,  0,  0,  0,  0,  0,  0,  0,  0, ],
[ 0,  0,  0,  0,  0,  0,  0, 11,  0,  0,  0,  0,  0,  0,  0,  0,  0,  0,  0,  0,  0,  0,  0,  0, ],
[ 9,  1,  0,  0,  0,  0,  0,  0,  0,  0,  0,  0,  0,  0,  0,  0,  0,  0,  0,  0,  0,  0,  0,  0, ],
[ 0,  0,  0,  0,  0,  0,  0,  0,  0,  0,  0,  0,  0,  0,  0,  0,  0,  0,  3,  0,  0,  0,  0,  0, ],
[ 0,  0,  0,  2,  0,  0,  0,  0,  6,  0,  0,  0,  0,  0,  0,  0,  0,  0,  2,  0,  0,  0,  0,  0, ],
[ 0,  0,  0,  0,  0,  0,  0,  0,  0,  0,  0,  0,  0,  0,  0,  4, 12,  0,  0,  0,  0,  0,  0,  0, ],
[ 0, 12,  0,  0,  0,  0,  0,  0,  1,  0,  0,  0,  0,  0,  0,  0,  2,  0,  0,  0,  0,  4,  0,  0, ],
[ 0,  0,  0,  0,  0,  0,  0,  0,  0,  0,  0,  0,  0,  0,  0,  3,  0,  0,  0,  0,  0,  0,  0,  0, ],
[ 0,  0,  0,  0,  0,  0,  0,  0,  0,  0,  0,  0,  0,  0,  0,  0,  0,  0,  0,  0,  0,  0,  0,  0, ],
[ 0,  0,  0,  0,  0,  0,  0,  0,  0, 14,  0,  0,  0,  0,  0,  0,  0,  0,  0,  0,  0,  0,  0,  3, ],
[ 0,  0,  0,  0,  0,  9,  0,  0,  0,  0,  6,  0,  0,  0,  0,  0,  0,  0,  0, 11,  0,  0,  0,  0, ],
[ 0,  0,  0,  0,  0,  0,  0,  0, 11,  0,  0,  0,  0,  0,  5,  0,  0,  0,  0,  0,  1,  0,  0,  0, ],
[ 0,  0,  0,  0,  7,  0,  0,  0,  0,  0,  0,  0,  0,  0,  0,  7,  0,  0,  0,  0,  3,  0,  0,  0, ],
[ 0,  0,  0,  0,  0,  0,  5,  0,  0,  0,  0,  0,  0,  0,  0, 10,  0,  0,  0,  0,  0,  7,  0,  0, ],
[ 0,  0,  0,  0,  0,  0,  0,  0,  0,  0,  0,  0,  0,  0,  0,  5,  0, 11,  0,  0,  0,  2,  0,  0, ],
[ 0,  0,  0,  0,  0,  0,  0,  0,  0,  0,  0,  0,  0,  0,  0, 13,  0,  0,  0,  0,  5,  0,  9,  0, ],
[ 0,  0,  0,  0,  0,  8,  0,  0,  0,  0,  0,  0,  0,  0,  0,  0,  0,  0,  0,  0,  0,  0, 12,  0, ],
[ 0,  0,  0,  0,  0,  0,  0,  0,  0,  0,  0,  0,  0,  0, 10,  0,  0,  0,  0,  0,  0,  0,  0,  0, ],
[10,  0,  0,  0,  0,  0,  0,  0,  0,  0,  0,  0,  0,  0,  0,  0,  0,  0,  0,  0,  0,  0,  0,  0, ],
[ 5,  0,  0,  0, 12, 11,  0,  5,  0,  0,  0,  0,  0,  0,  0,  0,  0,  0,  0,  2,  0,  0,  0, 13, ],
[ 0,  0,  0,  0,  0,  0,  0,  0,  0,  0,  0,  0,  0,  0,  0,  0,  0,  0,  0,  0,  0,  0,  0,  0, ],
[ 0,  0,  0,  0,  0,  0,  0,  0,  0,  0,  0, 14,  0,  3,  0,  0,  0,  0,  0,  0,  0,  0,  0,  0, ],
[ 0,  0,  0,  0,  0,  0,  0,  0,  0,  0,  0,  0,  0,  0,  0,  0,  9,  0,  0,  0, 11,  0,  0,  0, ],


[0.4356, -1.0000, ],
[-0.2674, -0.9591, ],
[0.3632, 0.5175, ],
[0.6401, -0.4807, ],
[0.2511, 0.1705, ],
[0.2631, 0.8582, ],
[0.2508, 0.3886, ],
[0.2767, 0.5817, ],
[0.1699, 0.7633, ],
[-0.3408, -0.0830, ],
[0.8139, 0.1908, ],
[0.8738, -0.2388, ],
[0.1884, -0.1158, ],
[-0.3923, 0.6661, ],
[0.3813, 0.5435, ],
[-0.7385, -0.1375, ],
[-0.3817, 0.9592, ],
[-0.0164, 0.5736, ],
[-0.1434, 0.5133, ],
[0.3889, 0.2884, ],
[1.0000, 0.3434, ],
[-0.5637, 0.1010, ],
[0.3797, 0.4072, ],
[-0.9345, -0.5905, ],
[0.3965, 0.5296, ],
[0.3695, 0.2397, ],
[0.5163, -0.6940, ],
[-0.2368, -0.0738, ],
[0.3817, 0.4018, ],
[-0.0198, -0.7779, ],
[-1.0000, 0.0392, ],
[0.3823, 0.6081, ],
[0.4264, -0.0062, ],
[0.9642, 0.6692, ],
[0.1747, 0.4994, ],
[0.4097, 0.1841, ],
[-1.0000, 1.0000, ],
[0.1400, -0.7834, ],
[-1.0000, 0.4161, ],
[0.3944, -0.4427, ],
[0.4112, -0.9778, ],
[0.0428, 0.3353, ],
[1.0000, -0.6016, ],
[0.6639, 0.5390, ],
[0.1784, -0.5946, ],
[0.6575, -0.3157, ],
[-0.3506, 0.5682, ],
[-0.6230, -1.0000, ],
[-0.1974, -0.5975, ],
[0.1321, 0.4214, ],
[0.0755, 0.1867, ],
[-0.9195, -0.6241, ],
[0.0581, -0.0373, ],
[-0.2645, -0.2559, ],
[-0.3205, 0.7249, ],
[0.1427, 0.4991, ],
[0.6900, 0.0858, ],
[0.3906, 0.1608, ],
[-0.0950, 0.2058, ],
[0.4787, 0.7780, ],
[0.5518, 0.5209, ],
[-0.4046, 0.2225, ],
[-0.2340, -0.2116, ],
[0.2019, 0.3802, ],
[0.1203, 0.2638, ],
[0.9833, 0.6720, ],
[0.1210, 0.3921, ],
[0.4257, -0.6042, ],
[0.4248, -0.4877, ],
[0.7552, -0.2569, ],
[-0.0080, -0.1362, ],
[0.3397, 0.7772, ],
[0.4692, -0.3915, ],
[0.2339, 0.8575, ],
[0.5225, 0.4063, ],
[-0.2177, -0.6271, ],
[0.0423, 0.5263, ],
[1.0000, 0.9239, ],
[0.0904, 0.3739, ],
[0.5795, 0.0744, ],
[-0.4717, -0.4014, ],
[-0.4191, -1.0000, ],
[0.1487, -0.1985, ],
[-0.0362, -0.5090, ],
[-0.1752, 0.8424, ],
[-0.3640, -0.9782, ],
[-0.3952, 0.4984, ],
[0.6486, 0.7455, ],
[0.0838, 0.1683, ],
[-0.4060, -0.4553, ],
[-0.9473, -0.7222, ],
[-0.0630, 0.8647, ],
[0.6532, -0.2645, ],
[1.0000, -0.1375, ],
[0.2032, -1.0000, ],
[-0.9974, -0.9399, ],
[-0.5663, 0.0358, ],
[-0.0684, 0.3506, ],
[0.6964, -0.0204, ],
[-0.2890, 0.3948, ],


[11.0000, ],
[10.0000, ],
[11.0000, ],
[8.0000, ],
[11.0000, ],
[8.0000, ],
[17.0000, ],
[7.0000, ],
[4.0000, ],
[0.0000, ],
[10.0000, ],
[6.0000, ],
[10.0000, ],
[3.0000, ],
[4.0000, ],
[9.0000, ],
[11.0000, ],
[1.0000, ],
[1.0000, ],
[8.0000, ],
[4.0000, ],
[0.0000, ],
[4.0000, ],
[4.0000, ],
[9.0000, ],
[6.0000, ],
[3.0000, ],
[4.0000, ],
[8.0000, ],
[7.0000, ],
[3.0000, ],
[4.0000, ],
[7.0000, ],
[4.0000, ],
[7.0000, ],
[4.0000, ],
[3.0000, ],
[11.0000, ],
[4.0000, ],
[15.0000, ],
[15.0000, ],
[3.0000, ],
[3.0000, ],
[5.0000, ],
[7.0000, ],
[11.0000, ],
[5.0000, ],
[16.0000, ],
[7.0000, ],
[4.0000, ],
[8.0000, ],
[0.0000, ],
[5.0000, ],
[12.0000, ],
[11.0000, ],
[4.0000, ],
[7.0000, ],
[4.0000, ],
[4.0000, ],
[11.0000, ],
[0.0000, ],
[9.0000, ],
[9.0000, ],
[2.0000, ],
[2.0000, ],
[16.0000, ],
[7.0000, ],
[18.0000, ],
[8.0000, ],
[5.0000, ],
[4.0000, ],
[0.0000, ],
[8.0000, ],
[12.0000, ],
[5.0000, ],
[6.0000, ],
[11.0000, ],
[7.0000, ],
[4.0000, ],
[4.0000, ],
[2.0000, ],
[5.0000, ],
[6.0000, ],
[8.0000, ],
[2.0000, ],
[0.0000, ],
[6.0000, ],
[10.0000, ],
[7.0000, ],
[8.0000, ],
[9.0000, ],
[7.0000, ],
[9.0000, ],
[7.0000, ],
[4.0000, ],
[4.0000, ],
[17.0000, ],
[0.0000, ],
[6.0000, ],
[7.0000, ],


