[ 0,  0, 14,  0,  0,  0,  0,  0, 14,  5,  0,  0,  0,  9,  0,  0,  0, 11,  0,  0,  7,  0,  0,  0, ],
[ 0,  0,  0,  0,  0,  0,  0,  0,  0,  0,  0,  0,  0,  0,  2,  0,  2,  0,  0,  0,  0,  0,  0,  0, ],
[ 0,  0,  0,  1,  0,  0,  0, 12,  0,  0,  0,  0,  0,  0,  9,  0,  0,  0,  0,  0,  0,  2,  0,  0, ],
[ 0,  0,  0,  0, 13,  0,  0,  0,  0,  0,  4,  0,  0,  0,  0,  0,  0,  0,  0,  0,  0,  0,  0,  0, ],
[ 4,  0,  0,  0,  0,  0,  0,  0,  0,  0,  0,  0,  0,  0,  0,  0,  0,  0,  0,  0,  0,  2,  0,  0, ],
[ 0,  0,  0,  0,  0,  0,  5,  0,  0,  0,  0,  0,  0,  5,  0,  0,  0,  0,  0,  0,  0,  0,  0,  0, ],
[ 1,  0,  4,  0,  0,  0,  0,  0,  0,  0,  0,  0,  0,  0,  0, 12,  0,  0,  0,  0,  0,  0,  0,  0, ],
[ 0,  0,  0,  0,  0,  0,  0,  0,  0,  0,  0,  0,  0,  0,  0,  0,  0,  0,  0,  0,  0,  0,  0,  0, ],
[ 0,  0,  0,  0,  0,  0,  0,  0,  0,  0,  0,  0,  0,  0,  0,  0,  0,  0,  0,  0,  0,  0,  0,  0, ],
[ 0,  0,  0,  0,  0,  0,  0,  0,  0,  0, 11,  0,  0,  0,  0,  0,  0,  0,  0,  0,  0,  5,  0,  0, ],
[ 5,  0,  0, 13,  0,  0,  0,  0,  0,  0,  0,  0,  0,  0,  0,  0,  0,  0,  0,  0,  4,  0,  0,  0, ],
[ 0,  0,  0,  0,  0,  0,  0,  0,  0,  0,  0,  0,  0,  0,  0,  0,  0,  0,  0,  0,  0,  0,  0,  0, ],
[14,  0,  0,  0,  0,  0,  3,  0,  1,  0,  0,  0,  0,  0,  0,  0,  0,  0,  8,  0,  0,  0,  2,  9, ],
[ 0, 13,  0,  0,  0,  0,  0,  0,  0,  0,  0,  0,  0,  0,  0,  0,  0,  0,  0,  0,  0,  0,  0,  3, ],
[ 0,  0,  0,  0,  0,  0,  0,  0,  0,  0,  0,  0,  0,  0,  0,  0,  0,  0,  0,  0,  0,  0,  0,  0, ],
[ 0,  6,  0,  0,  6,  0,  0,  0,  0,  0,  0,  0,  0,  0,  0,  0,  0,  0,  0,  0,  0,  0,  0,  0, ],
[ 0,  0,  0,  0,  0,  0,  4,  0,  0, 10,  0,  0,  8,  0,  5,  0,  0,  2,  0,  0,  0,  0,  0,  0, ],
[ 0,  0,  0,  0,  0,  0,  0,  0,  0,  0,  0,  0,  0,  0,  0,  0,  0,  0,  0,  0,  0, 10,  0,  0, ],
[ 0, 12,  0,  0,  0,  0,  0,  0,  0,  0,  0,  0,  0,  0,  0,  0,  0,  0,  0,  0,  0,  0,  5,  0, ],
[ 0,  0,  0,  0,  0,  0,  0,  0,  0,  0,  0,  0,  0,  0,  0,  0,  0, 12,  0,  2,  0,  0,  0,  0, ],
[ 1,  0,  0,  0,  0,  0,  0,  0,  0,  0,  0,  0,  0,  0,  0,  0,  0,  0,  0,  0,  0, 14,  0,  0, ],
[ 0,  0,  8,  0,  0,  0,  0,  0,  0,  0,  0,  0,  2,  0,  0,  0,  0,  0,  0,  0,  0,  0,  0,  0, ],
[ 0,  0,  0,  0,  0,  0,  0,  0,  0,  0,  0,  0,  0,  0,  0,  0,  0,  0,  0,  0,  0,  0,  1,  0, ],
[ 0,  0,  8,  0,  0,  0,  0,  0,  0,  0,  0,  0,  0,  6,  0, 10,  9,  0,  0,  0, 12,  0,  0,  0, ],
[ 0,  0,  0,  0,  0,  0,  0,  0,  0,  0,  0,  0,  0,  0,  0,  0,  0,  0,  1,  0,  0,  0,  0,  0, ],
[ 0,  0,  0,  0,  0,  0,  0,  0,  0,  0,  0,  0, 14,  0,  0,  0,  0,  0,  0,  0,  0,  0,  0,  0, ],
[ 0,  0,  0,  0,  0,  0, 14,  0,  0,  0,  0,  0,  0,  0,  1, 13,  0,  0,  0,  0,  0,  0,  0,  0, ],
[ 1,  0,  0,  0,  0,  0,  0,  0,  0,  0,  0,  0,  0, 12,  0,  0,  0,  0,  1,  0,  0,  0,  0,  0, ],
[ 0,  0,  0,  0,  0,  0,  0,  0,  0,  0,  0,  0,  0, 13,  0,  0,  0,  0,  0,  0,  0,  0,  0,  0, ],
[ 0,  0,  0,  0,  0,  0,  0,  0,  0,  0,  0, 11,  0,  0,  0,  0,  0,  0,  5,  0,  0,  0,  0,  0, ],
[ 2,  0,  0,  2,  0,  0,  0,  0,  0,  0,  0,  0,  0,  0,  0,  1,  0,  0,  0,  0,  0,  0,  0,  0, ],
[ 0, 12,  0,  0,  0,  0,  0,  0,  0,  0, 12,  0,  0,  0,  0,  0,  0,  7, 11,  0,  0,  0,  0,  0, ],
[ 0,  0,  0,  0,  0,  0,  0,  0,  0,  0,  0,  0,  0,  0,  0,  0,  0,  0,  0,  0,  0,  0,  0,  0, ],
[ 0,  0,  0,  0,  0,  0, 13,  0,  0,  0,  0,  0,  0,  0,  0,  1,  0,  0,  0, 13,  0,  0,  0,  0, ],
[ 0,  0,  0,  0,  0,  0,  0,  0,  8,  0,  0,  4,  0,  0,  0,  0,  0,  9,  0,  0,  0,  0,  0,  0, ],
[ 0,  0,  0,  0,  0,  0,  6,  0,  0,  0,  0,  0,  0,  0,  0,  0,  0,  1,  2,  0,  0,  0,  2,  0, ],
[ 0,  0,  0,  0,  0,  8,  0,  0,  0,  0,  0,  0,  0,  0,  0,  0,  0,  0,  1,  0,  0,  0,  0,  0, ],
[ 0,  0,  0,  0,  0,  0,  0,  0,  0,  0,  0,  0,  0,  0,  0,  0,  0,  0,  0,  0,  0,  0,  0,  0, ],
[ 0,  0,  0,  0,  0,  0,  0,  0,  0,  0,  0,  8,  0,  0,  0,  0,  0,  0,  0,  0,  0,  0,  0,  0, ],
[ 0,  0,  0,  0,  0,  0,  0,  0,  0,  0,  0,  0,  0,  1,  0,  0,  0,  0,  0,  0,  0,  0,  0,  0, ],
[ 0,  0,  0,  0,  0,  0,  4, 10,  0,  0,  0,  0,  0,  0,  0,  3,  0,  0,  0,  7,  0,  0,  0,  0, ],
[ 0,  0,  0,  0,  0,  0,  0,  0,  0, 10,  0, 10,  0,  0,  0,  0,  0,  0,  0,  0,  0,  0,  0,  0, ],
[ 0,  0,  0,  0,  0,  0,  0,  0,  0,  0,  0,  0,  0,  0,  0,  0,  0,  0,  0,  7,  0,  0,  0,  0, ],
[ 0,  0,  0,  0,  0,  0,  0,  0,  0, 12,  0,  0,  0,  0,  0,  0,  0,  3,  0,  0,  0,  0,  0,  0, ],
[ 0,  0,  0,  0,  0,  0,  0,  0,  0,  0,  0,  0,  0,  0,  0,  0,  2,  0,  0,  0,  0,  0,  0,  0, ],
[ 0,  0,  0,  0,  0,  0,  0,  8,  0,  0,  0,  0,  0,  0,  9,  0,  0,  0, 14,  0,  0,  0,  0,  0, ],
[ 0,  0,  0,  0,  0,  0,  0,  0,  0,  0,  0,  0,  0,  0,  0,  0,  0,  0,  0,  0,  0,  0,  0,  0, ],
[ 0,  7,  0,  0,  0,  0,  0,  0,  8,  0,  0,  0,  0,  0,  0,  0,  0,  0,  0,  0,  0,  0,  0,  0, ],
[ 0,  0,  0, 13,  0,  0,  3,  0,  0,  0,  0,  0,  0,  0,  0,  0,  0,  0,  0,  0,  0, 12,  0,  0, ],
[ 0,  0,  0,  0,  0,  0,  0,  0,  0,  0,  0,  1,  0,  0,  0,  0,  0,  0,  0,  0,  0,  0,  0,  0, ],
[ 9,  0,  0,  0,  0,  0,  0,  0,  0,  0,  0,  0,  0,  0,  0,  0,  0,  2,  0,  0,  2,  0,  3,  0, ],
[ 0,  0,  0,  0,  0, 10,  0,  0,  0,  3,  0,  0,  0, 11,  0,  7,  0,  0, 13,  0,  0,  0,  0,  1, ],
[ 0,  0,  0,  1,  0,  0,  0,  0,  0,  0,  0,  0,  0,  0,  0,  0,  4,  0,  0,  0,  5,  0,  0,  0, ],
[ 0,  0,  0,  0,  0,  0,  0,  0,  0,  0,  0,  1,  0,  0,  0,  0,  0,  0, 13,  0,  4,  0,  0,  0, ],
[ 5,  0,  0,  0,  0,  0,  0,  0,  9,  0,  0,  0,  0,  0,  0,  0,  0,  0,  0,  0,  0,  0,  0,  0, ],
[ 0,  0,  0,  0,  0,  0,  0,  0,  6,  0,  0,  0,  0,  0,  0,  0,  0,  0,  0,  7,  0,  0,  0,  0, ],
[ 0,  0,  0,  0,  0,  0,  0,  0,  0,  0,  0,  0,  0,  0, 14,  0,  0,  0,  0,  0,  0,  0,  0,  0, ],
[ 0,  0,  0,  0,  0,  0,  0,  0,  0,  0,  0,  0,  0,  0,  0,  9,  0,  0,  0,  0,  0,  0,  0,  0, ],
[ 0,  0,  0,  0,  0,  0,  0,  0,  0,  0,  0,  0,  0,  0,  0,  0,  0,  0,  0,  0,  0,  0,  0,  0, ],
[ 0,  0,  0,  0,  0,  0,  0,  0,  0,  0,  0,  0,  0,  0,  0,  0,  0,  0,  0,  0,  0, 12,  0,  0, ],
[ 0,  0,  0, 14,  0, 14,  0,  0,  0,  0,  0,  0,  0,  0,  0,  0,  0,  0,  0,  0,  0,  0,  0, 12, ],
[ 0,  0,  0,  0,  0,  0,  0,  0,  0,  0,  0,  0,  0, 13,  7,  0,  0,  0,  0,  0,  0,  0,  0,  9, ],
[ 0,  0,  0,  0,  0,  0,  0, 10,  0, 13,  0,  0,  0,  0,  0,  0, 12,  0,  0, 14,  0,  0, 10,  0, ],
[ 0,  0,  0,  0,  0,  0,  0,  0,  0,  0,  0,  0,  0,  0,  0,  0,  0,  0,  0,  0, 14,  0,  0,  0, ],
[ 0,  0,  0,  0,  0,  0,  0,  0,  0,  0,  0,  0,  0,  0,  0,  2,  0,  0,  0,  0,  0,  0,  0,  0, ],
[ 0,  0,  0,  0,  0,  0,  0,  0,  0,  0,  0, 13,  0,  0,  0,  4,  0, 12,  0,  0,  0,  0,  0,  0, ],
[ 0,  0,  0,  0,  0,  0,  5,  0,  0,  0,  0,  0,  0,  0,  0,  0,  0,  0,  0,  0,  0, 13,  0,  0, ],
[ 0,  8,  0,  0,  0,  0,  9,  0,  0,  0,  0,  0,  0,  0,  0,  0,  0,  0,  0,  0,  0,  0,  0,  4, ],
[ 0,  0,  0,  0,  0,  0, 14,  5,  0,  0,  0,  6,  0,  0,  0,  0,  0,  0,  0,  0,  0,  0,  0,  0, ],
[ 0,  0,  4,  0,  1,  0,  0,  0,  7,  0,  0,  0,  0,  0,  0,  0,  0,  0,  0,  0,  0,  0,  0,  0, ],
[ 0,  0,  0,  0,  0,  0,  0,  0,  0,  0, 13,  0,  0,  0,  0,  0,  0,  0,  0,  0,  7,  0,  0,  0, ],
[ 0,  0, 12,  3,  0,  0,  0,  0,  0,  0,  0,  0,  0,  0,  0,  8,  0,  0,  0,  0,  0,  0,  4,  0, ],
[ 0,  0,  7,  0,  0,  0,  0,  0,  0,  0,  2,  0,  0,  0,  0,  0,  0,  0,  0, 12,  0,  8,  0,  0, ],
[ 0,  0,  0,  3,  0,  0, 11,  0,  0,  0,  0,  0,  0,  0,  0,  0,  0,  0,  0,  0,  0,  0,  0,  0, ],
[ 0,  0,  0,  0,  0,  0,  0,  0,  0,  0,  0,  0,  0,  0,  0,  0,  0,  0, 11,  0,  0,  0,  8,  0, ],
[ 0,  0,  0,  0,  0,  0,  0,  0,  0,  0,  2,  0, 13,  0,  0,  0,  0,  0,  0,  0,  0,  0,  0,  0, ],
[ 0,  0,  0,  0,  2,  0,  0,  0,  8, 11,  9,  0,  3,  0,  0,  0,  0,  0,  0,  0,  0,  0,  0,  0, ],
[ 0,  0,  0,  0,  0,  0,  0,  0,  0,  0,  0,  0,  0, 14,  0,  0,  0,  0,  0,  0,  0,  0,  0,  0, ],
[12,  0,  0,  0,  0,  0,  0,  3,  0,  0,  0,  0,  0,  0,  0,  0,  0,  0,  0,  0,  0, 10,  4,  0, ],
[ 0,  8,  5,  0,  5,  0,  0,  0,  0,  0,  0,  0,  0,  0,  0,  0,  0,  0,  0,  0,  1,  0,  0,  5, ],
[ 0,  0,  0,  0,  0,  0,  0,  0,  0,  0,  0,  0,  0,  0, 13,  0,  0,  0,  0,  0,  0,  0,  0,  0, ],
[ 0,  0,  0,  0,  0,  0,  0,  0,  0,  0,  0,  0,  0,  0,  0,  0,  0,  0,  0,  0,  0,  0,  0, 10, ],
[ 0,  0,  0,  0,  0,  0,  0,  0,  0,  0,  0,  0,  0,  0,  0,  0,  0,  0,  0,  0,  0,  0,  0,  4, ],
[ 9,  0,  0,  0,  0,  0,  0,  0,  0,  0,  0,  0,  0,  0,  0,  0,  0,  0, 10,  0,  0,  0,  0,  0, ],
[ 0,  0,  0,  0,  0,  0,  0,  9,  0,  0,  0,  0,  0,  6,  0,  0,  0,  0,  0,  0,  0,  0,  0,  0, ],
[ 0,  0,  0,  0,  0,  0,  0,  0,  0,  8,  0,  0,  0,  0,  0,  0,  0,  0,  0,  1,  0,  6,  0,  0, ],
[ 0,  0,  0,  0,  0,  0,  5,  0,  0,  3,  0,  0,  2, 11,  0,  0,  0,  0,  0,  0,  0,  0,  0,  9, ],
[ 4,  0,  0,  0,  0,  0,  0,  0,  0,  0,  0,  0,  0, 12,  2,  0,  0,  0,  0,  0,  5,  0,  0, 13, ],
[ 0,  0,  0,  0,  0,  0,  0,  0,  0,  0,  0,  1,  0,  0,  5,  0,  0,  0,  0,  0,  0,  0,  0,  0, ],
[ 0,  0,  0,  0, 13,  0,  0,  0,  0,  0,  0,  0,  0,  0,  0,  0,  0,  0,  0,  0,  0, 12,  0,  0, ],
[ 0,  0,  0,  0,  0,  0,  0,  0,  0,  0,  0,  0,  0,  0,  0,  0, 11,  0,  0,  0,  0,  0,  0,  0, ],
[ 0,  0,  0,  0,  0,  0,  0,  0,  1, 14,  0, 12,  0,  0,  0,  0,  0,  0,  0,  0,  0,  0,  0,  0, ],
[ 0,  0,  0,  0,  0,  0,  0,  0,  0, 11,  0,  0,  0,  0,  0,  8,  0,  0,  0,  0,  4,  0,  0,  0, ],
[ 0,  7,  0,  0,  0,  0,  0,  0,  0,  0,  0,  0,  0,  0,  0,  0,  0,  0,  0,  0,  0,  0,  9,  0, ],
[ 0,  0,  0,  0,  0,  0,  0,  0,  0,  0,  0,  0,  0,  0,  2,  0,  5,  0,  0,  0,  0,  0, 13,  0, ],
[ 0,  0,  0,  0,  0,  0,  0,  0,  0,  0,  3,  0,  0,  0,  0,  3,  0,  2,  0,  0,  0, 14, 10,  0, ],
[ 0,  0,  0,  0,  0,  0,  0,  0,  0,  0,  0,  0,  0,  0,  0,  0,  0,  0,  0,  0, 14,  0,  0,  0, ],
[ 0,  0,  0,  0,  0,  0,  0,  0,  0,  0,  0,  0,  0,  0,  0,  0,  0,  0,  0,  0,  2,  0,  0,  7, ],
[ 0,  0,  0,  0,  0,  0,  0,  0,  0,  0,  0,  0,  0,  9,  0,  0,  0,  0,  0,  0,  0,  0,  0,  0, ],
[ 0,  0,  0,  0,  2,  0,  0,  0,  0,  0,  0,  0,  0,  0,  0,  0,  0, 11,  0,  0,  0,  0,  0,  0, ],


[0.2746, -0.1658, ],
[-0.1595, -0.3868, ],
[0.0337, 1.0000, ],
[0.4408, 0.0217, ],
[0.8429, 0.8813, ],
[0.4674, 0.0154, ],
[-0.5113, -1.0000, ],
[0.5614, 0.2742, ],
[-0.1719, -0.6140, ],
[-0.3117, 0.2671, ],
[-0.7509, -0.0996, ],
[-0.0702, -0.5108, ],
[0.3846, -0.8673, ],
[0.3726, 0.4002, ],
[0.5748, 0.6715, ],
[0.1052, -0.1263, ],
[0.6779, -0.6768, ],
[0.2413, 0.7212, ],
[0.6602, 0.5133, ],
[0.1787, -0.8873, ],
[0.6977, 0.1763, ],
[0.4203, 0.4552, ],
[0.3587, 0.0350, ],
[-0.6272, -0.4647, ],
[0.4190, -0.2332, ],
[-0.6118, 0.1017, ],
[-0.3995, 0.5826, ],
[-0.5369, 0.7378, ],
[0.4287, 0.4172, ],
[-0.0198, -0.5187, ],
[0.1331, 0.3463, ],
[-0.0235, 0.6758, ],
[-0.8078, -0.1988, ],
[0.7099, 0.6702, ],
[0.1747, 0.0018, ],
[-0.6564, 0.2107, ],
[0.1099, 0.9100, ],
[0.2183, -0.2943, ],
[0.1948, -0.5304, ],
[1.0000, 0.4352, ],
[0.7574, -0.9845, ],
[-0.0480, 0.2151, ],
[0.9613, 0.7529, ],
[0.8744, -0.8002, ],
[0.4674, -0.2059, ],
[0.1251, -0.2189, ],
[-0.5499, 0.5568, ],
[-0.5377, 0.5344, ],
[-0.4871, 0.6539, ],
[0.9469, 0.8924, ],
[0.4263, -0.0591, ],
[0.5467, 0.1803, ],
[0.4474, -1.0000, ],
[0.1165, -0.2400, ],
[-0.3224, -0.1881, ],
[0.1427, 0.0823, ],
[0.5710, -0.0185, ],
[-0.6668, 0.0229, ],
[-0.4688, 0.5753, ],
[-0.8559, 0.8293, ],
[0.6642, 0.5864, ],
[-0.5625, 0.1473, ],
[0.0928, -0.0551, ],
[-0.0371, 0.2645, ],
[0.5625, 0.9493, ],
[0.2851, -0.7702, ],
[0.8379, 0.3921, ],
[0.4341, -0.4834, ],
[-0.6948, 0.0154, ],
[0.5156, 0.2284, ],
[-0.7318, 0.7121, ],
[-0.6213, 0.1285, ],
[0.7949, -0.2703, ],
[0.9652, 0.3932, ],
[0.7616, -0.1361, ],
[-0.8900, -1.0000, ],
[-1.0000, 0.6622, ],
[0.2767, 0.9704, ],
[0.4669, 0.3249, ],
[-0.4987, 0.1557, ],
[-0.8324, 0.4890, ],
[-0.3095, 0.6455, ],
[-0.1946, -0.1985, ],
[-0.4200, 0.7448, ],
[-0.6865, 0.0184, ],
[-0.5523, -0.9114, ],
[0.0266, 0.7195, ],
[0.8337, -0.5461, ],
[0.5298, -0.7187, ],
[0.4024, -0.3552, ],
[-0.2293, -0.1571, ],
[-0.0312, -0.3890, ],
[-0.0679, 0.5829, ],
[0.8583, -0.1995, ],
[-0.8955, -1.0000, ],
[-0.6362, 0.1073, ],
[-0.5974, 0.0358, ],
[0.7287, -0.5417, ],
[0.8717, 0.1989, ],
[0.3531, 0.4876, ],


[20.0000, ],
[2.0000, ],
[9.0000, ],
[6.0000, ],
[3.0000, ],
[4.0000, ],
[7.0000, ],
[0.0000, ],
[0.0000, ],
[6.0000, ],
[8.0000, ],
[0.0000, ],
[14.0000, ],
[6.0000, ],
[0.0000, ],
[6.0000, ],
[12.0000, ],
[4.0000, ],
[6.0000, ],
[5.0000, ],
[5.0000, ],
[4.0000, ],
[1.0000, ],
[17.0000, ],
[1.0000, ],
[4.0000, ],
[9.0000, ],
[6.0000, ],
[4.0000, ],
[6.0000, ],
[3.0000, ],
[15.0000, ],
[0.0000, ],
[9.0000, ],
[8.0000, ],
[6.0000, ],
[4.0000, ],
[0.0000, ],
[3.0000, ],
[1.0000, ],
[11.0000, ],
[8.0000, ],
[3.0000, ],
[6.0000, ],
[1.0000, ],
[10.0000, ],
[0.0000, ],
[6.0000, ],
[10.0000, ],
[1.0000, ],
[7.0000, ],
[18.0000, ],
[5.0000, ],
[7.0000, ],
[5.0000, ],
[6.0000, ],
[4.0000, ],
[3.0000, ],
[0.0000, ],
[4.0000, ],
[12.0000, ],
[10.0000, ],
[20.0000, ],
[4.0000, ],
[1.0000, ],
[10.0000, ],
[6.0000, ],
[8.0000, ],
[9.0000, ],
[6.0000, ],
[7.0000, ],
[11.0000, ],
[11.0000, ],
[6.0000, ],
[7.0000, ],
[5.0000, ],
[13.0000, ],
[4.0000, ],
[12.0000, ],
[10.0000, ],
[4.0000, ],
[4.0000, ],
[2.0000, ],
[7.0000, ],
[6.0000, ],
[7.0000, ],
[12.0000, ],
[13.0000, ],
[3.0000, ],
[8.0000, ],
[4.0000, ],
[9.0000, ],
[9.0000, ],
[6.0000, ],
[7.0000, ],
[13.0000, ],
[4.0000, ],
[4.0000, ],
[3.0000, ],
[5.0000, ],


